0.0591304,981
0.0965217,986
0.0973913,1416
0.1075,2368
0.1275,1529
0.134783,1605
0.138333,822
0.144348,1538
0.15,2236
0.150833,1321
0.16087,1421
0.1625,1977
0.165,2365
0.166667,2311
0.169091,1263
0.172727,1162
0.173333,1301
0.175833,1000
0.1775,1543
0.18,2493
0.180833,1501
0.182222,1450
0.186957,1550
0.189091,1746
0.19,5590
0.192174,1360
0.195,431
0.196364,1349
0.196522,2608
0.198333,1685
0.2,1562
0.203478,1167
0.204348,1606
0.211304,1708
0.215833,2729
0.216522,1096
0.216667,683
0.2175,3669
0.218333,2432
0.220833,4273
0.221739,1917
0.2225,4894
0.223478,1985
0.224167,4545
0.226957,1600
0.231304,920
0.231667,1204
0.233333,2253
0.238333,5741
0.243333,3774
0.245833,4211
0.248333,2423
0.253043,1693
0.253333,4436
0.254167,2741
0.255833,7171
0.256667,2802
0.258333,6695
0.26,1526
0.261667,3871
0.261739,1872
0.264167,5042
0.264348,2028
0.265,3830
0.265833,13786
0.266087,1815
0.266667,1851
0.268333,1685
0.269167,3624
0.271667,1712
0.273043,1951
0.274167,8783
0.274783,754
0.275,3190
0.276667,3403
0.278333,2277
0.279167,3389
0.28,5818
0.280833,9517
0.28087,5323
0.281667,5611
0.2825,8735
0.282609,3784
0.285,1865
0.285217,1812
0.285833,1623
0.2875,4118
0.287826,3777
0.289167,5495
0.290833,6352
0.291304,1013
0.291667,3959
0.292174,1650
0.2925,2133
0.294167,4270
0.295652,1807
0.295833,12458
0.296667,5260
0.2975,5319
0.298333,10859
0.29913,2302
0.299167,3614
0.3,3763
0.3025,3436
0.303333,4483
0.308696,3598
0.311667,2999
0.3125,3727
0.313333,9238
0.314167,3940
0.315,2252
0.315833,4023
0.316522,3566
0.316667,3005
0.317391,2056
0.3175,3740
0.318182,1096
0.318261,2115
0.319167,12512
0.320833,5008
0.321667,8659
0.321739,1317
0.323333,5102
0.324167,8415
0.325,10404
0.325217,2046
0.325833,8530
0.326667,7549
0.329167,5795
0.33,4128
0.330833,7232
0.3325,7738
0.334167,4098
0.335,2134
0.335833,1471
0.336667,1683
0.3375,3425
0.34,6094
0.341667,7128
0.3425,11463
0.343333,13386
0.343478,2402
0.344167,985
0.344348,1834
0.345,5698
0.346667,4318
0.346957,2121
0.3475,4649
0.348333,7818
0.348696,4862
0.352174,5315
0.353333,13841
0.354167,4375
0.355,5847
0.356667,6985
0.3575,5566
0.359167,4363
0.361667,5992
0.361739,4911
0.3625,3786
0.363478,801
0.364348,1461
0.365217,2192
0.365833,5986
0.366667,4322
0.368333,3910
0.37,7753
0.373043,2935
0.373333,3704
0.374167,5634
0.375,6369
0.375833,3068
0.376522,605
0.376667,4220
0.3775,4186
0.378333,3249
0.38,2933
0.380833,5499
0.381667,5582
0.3825,4097
0.383333,5478
0.384167,8875
0.384348,2417
0.385833,7561
0.389091,623
0.389167,6536
0.39,4509
0.390833,2808
0.393333,16215
0.395,4035
0.395833,4773
0.396667,1027
0.3975,5409
0.399167,5396
0.4,4109
0.400833,4068
0.403333,10506
0.404167,4916
0.407273,1446
0.4075,3487
0.408333,8179
0.41,5619
0.410833,10126
0.4125,2162
0.413333,5633
0.414167,8494
0.415,4657
0.415833,3510
0.416667,1607
0.420833,6852
0.421667,4381
0.4225,8017
0.423333,3068
0.424167,6235
0.425,3456
0.425833,6041
0.426667,2895
0.4275,4304
0.428333,2660
0.430435,2077
0.430833,795
0.433913,5936
0.435,14027
0.435833,12023
0.4375,22276
0.438333,5729
0.44,22
0.440833,6283
0.441667,2703
0.4425,6398
0.445833,5558
0.446667,15436
0.4475,2765
0.451667,3351
0.4525,6234
0.454167,5062
0.455833,7461
0.456667,5561
0.4575,6233
0.458333,9218
0.459167,11693
0.46,4036
0.4625,2594
0.463333,12074
0.464167,12396
0.466667,12070
0.4675,3267
0.468333,7534
0.469167,9339
0.47,2659
0.471667,4687
0.4725,14321
0.475833,10801
0.476667,6196
0.4775,4459
0.479167,4608
0.484167,22138
0.485,6269
0.485833,4990
0.4875,7058
0.489167,5585
0.491667,4511
0.494167,10898
0.495,7460
0.498333,11591
0.5,5169
0.5025,5406
0.503478,3867
0.505833,9776
0.506667,5217
0.5075,4274
0.51,4595
0.510833,4985
0.511667,5041
0.5125,7534
0.514167,22963
0.52,4714
0.520833,10187
0.521667,14975
0.5225,7509
0.526667,14179
0.5275,5382
0.528333,4333
0.529167,7907
0.53,16533
0.530833,4575
0.531667,6230
0.5325,13913
0.533333,7030
0.534167,4570
0.535,4864
0.536667,4917
0.5375,6273
0.538333,4826
0.54,5949
0.540833,12512
0.541667,6436
0.541739,2424
0.5425,12737
0.543333,2416
0.544167,7466
0.545,6153
0.545833,7444
0.546667,7720
0.549167,8940
0.55,18752
0.550833,3644
0.5525,7591
0.554167,21891
0.5575,6192
0.56,6421
0.560833,6093
0.561667,13639
0.5625,10912
0.563333,5424
0.564167,26439
0.565,5847
0.566667,4563
0.568333,5099
0.57,6624
0.570833,5117
0.5725,6312
0.573333,5958
0.575,4717
0.5775,15384
0.58,7333
0.580833,6869
0.581667,9919
0.583333,15645
0.5875,7693
0.589167,2913
0.590833,4639
0.5925,6978
0.593333,7384
0.595,8296
0.595652,3348
0.595833,4459
0.5975,6998
0.598333,4359
0.599167,18033
0.6,8294
0.601667,8362
0.6025,20940
0.604167,9551
0.606667,16628
0.608333,15405
0.609167,2395
0.61,8227
0.611667,5115
0.6125,13922
0.613333,5740
0.615,14229
0.616667,9290
0.6175,4058
0.619167,7415
0.62,9184
0.620833,7129
0.621667,12143
0.623333,4073
0.626667,5180
0.6275,6296
0.628333,8562
0.630833,7442
0.631667,16376
0.633333,8009
0.633913,1842
0.634167,5010
0.635,26012
0.635833,11079
0.636667,16178
0.639167,12869
0.640833,5895
0.643333,4727
0.644348,4713
0.648333,12269
0.649167,24216
0.65,19332
0.650833,4763
0.653333,15273
0.654167,4127
0.655,11885
0.655833,12179
0.656667,11913
0.6575,14900
0.659167,5976
0.66,9837
0.660833,4978
0.661667,6053
0.663333,5538
0.664167,6370
0.665833,10208
0.6675,19573
0.669167,4484
0.673333,13266
0.676667,3820
0.678333,12413
0.68,20492
0.680833,9919
0.681667,4679
0.6825,4708
0.684167,3542
0.685,11850
0.685833,4150
0.686667,5923
0.688333,6825
0.69,6591
0.691667,4758
0.6925,17295
0.695,5202
0.695833,7765
0.696667,22647
0.6975,12526
0.699167,4744
0.7,4661
0.700833,11269
0.7025,7582
0.703333,21390
0.706667,15060
0.707059,4334
0.7075,10867
0.708333,9582
0.709167,8980
0.71,4576
0.710833,22806
0.711667,3805
0.7125,6043
0.713333,7216
0.715,4968
0.715833,20011
0.716667,16207
0.7175,12372
0.719167,12907
0.72,4629
0.720833,19837
0.721667,6597
0.7225,11105
0.723333,11842
0.724167,13164
0.725,4966
0.725833,6864
0.726667,19425
0.728333,17055
0.730833,7105
0.731667,18531
0.733333,13941
0.735833,7273
0.736667,7112
0.738333,5119
0.741667,6966
0.7425,3785
0.743333,10731
0.744167,4648
0.745833,6031
0.746667,13465
0.7475,4881
0.749167,6879
0.75,12126
0.750833,7592
0.7525,14274
0.753333,6140
0.755,4586
0.755833,13971
0.7625,4086
0.763333,6830
0.764167,11324
0.765,10013
0.765833,7175
0.766667,4780
0.768333,4332
0.769167,5464
0.77,6591
0.771667,8856
0.775,13240
0.775833,4401
0.776667,11402
0.7775,5823
0.779167,4390
0.780833,6660
0.781667,13131
0.7825,6211
0.783333,4845
0.789167,7403
0.793333,12537
0.794167,4258
0.804167,4475
0.805833,10207
0.808333,3915
0.815,3784
0.815833,5531
0.818333,6786
0.8225,4672
0.8275,6241
0.828333,6207
0.83,3606
0.834167,5463
0.838333,3846
0.848333,3387
0.849167,3285
0.861667,4840
