2011(1)	1132.7742	99.129036	31.0
2011(10)	3170.6128	813.6129	31.0
2011(11)	2885.7666	519.8	30.0
2011(12)	2544.3547	272.51614	31.0
2011(2)	1499.0358	222.92857	28.0
2011(3)	1652.2258	413.74194	31.0
2011(4)	2417.4666	744.86664	30.0
2011(5)	3379.7097	1001.6129	31.0
2011(6)	3763.3333	1020.4	30.0
2011(7)	3383.516	1175.871	31.0
2011(8)	3479.0	930.3871	31.0
2011(9)	3362.4333	884.8333	30.0
2012(1)	2831.4517	289.32257	31.0
2012(10)	5300.0967	1114.129	31.0
2012(11)	4388.5	700.3	30.0
2012(12)	3563.484	427.25806	31.0
2012(2)	3255.724	300.72415	29.0
2012(3)	4298.613	1019.9355	31.0
2012(4)	4525.6	1281.8667	30.0
2012(5)	4891.2905	1426.9354	31.0
2012(6)	5317.8667	1443.1333	30.0
2012(7)	5222.645	1345.3226	31.0
2012(8)	5526.0	1393.4517	31.0
2012(9)	5826.5	1459.2667	30.0
