2,2011-01-01,1,0,1,1,0,6,0,1,0.22,0.2727,0.8,0,8,32,40
26,2011-01-02,1,0,1,1,0,0,0,2,0.44,0.4394,0.94,0.2537,1,16,17
49,2011-01-03,1,0,1,1,0,1,1,1,0.2,0.1667,0.44,0.4179,0,2,2
71,2011-01-04,1,0,1,1,0,2,1,1,0.16,0.1818,0.59,0.1045,0,2,2
94,2011-01-05,1,0,1,1,0,3,1,1,0.16,0.197,0.74,0.0896,0,6,6
117,2011-01-06,1,0,1,1,0,4,1,1,0.16,0.2273,0.64,0,0,4,4
140,2011-01-07,1,0,1,1,0,5,1,2,0.2,0.197,0.69,0.2239,2,5,7
163,2011-01-08,1,0,1,1,0,6,0,2,0.18,0.2121,0.55,0.0896,1,15,16
187,2011-01-09,1,0,1,1,0,0,0,1,0.1,0.0606,0.42,0.4627,0,12,12
211,2011-01-10,1,0,1,1,0,1,1,1,0.12,0.1212,0.5,0.2836,1,0,1
235,2011-01-11,1,0,1,1,0,2,1,1,0.14,0.1515,0.59,0.1642,0,3,3
257,2011-01-12,1,0,1,1,0,3,1,2,0.16,0.1818,0.86,0.1045,0,6,6
279,2011-01-13,1,0,1,1,0,4,1,1,0.14,0.1212,0.5,0.2836,0,2,2
303,2011-01-14,1,0,1,1,0,5,1,1,0.1,0.1212,0.54,0.1642,0,5,5
326,2011-01-15,1,0,1,1,0,6,0,2,0.16,0.197,0.59,0.0896,2,18,20
350,2011-01-16,1,0,1,1,0,0,0,1,0.26,0.2727,0.56,0.1343,4,19,23
374,2011-01-17,1,0,1,1,1,1,0,2,0.2,0.197,0.44,0.194,1,15,16
410,2011-01-19,1,0,1,1,0,3,1,3,0.22,0.2273,0.93,0.1343,1,6,7
433,2011-01-20,1,0,1,1,0,4,1,1,0.26,0.2727,0.56,0,2,3,5
457,2011-01-21,1,0,1,1,0,5,1,2,0.24,0.2273,0.7,0.2537,0,6,6
481,2011-01-22,1,0,1,1,0,6,0,2,0.04,0,0.41,0.3881,3,9,12
504,2011-01-23,1,0,1,1,0,0,0,1,0.04,0.0758,0.57,0.1045,1,12,13
527,2011-01-24,1,0,1,1,0,1,1,1,0.04,0.0455,0.45,0.194,0,1,1
550,2011-01-25,1,0,1,1,0,2,1,2,0.16,0.1667,0.69,0.1642,0,5,5
573,2011-01-26,1,0,1,1,0,3,1,2,0.24,0.2424,0.65,0.1343,0,5,5
597,2011-01-28,1,0,1,1,0,5,1,2,0.2,0.2121,0.75,0.1343,1,2,3
620,2011-01-29,1,0,1,1,0,6,0,1,0.22,0.2273,0.64,0.194,0,20,20
643,2011-01-30,1,0,1,1,0,0,0,1,0.14,0.2121,0.8,0,7,22,29
666,2011-01-31,1,0,1,1,0,1,1,1,0.22,0.2121,0.64,0.2537,2,5,7
690,2011-02-01,1,0,2,1,0,2,1,2,0.16,0.1818,0.69,0.1045,0,3,3
713,2011-02-02,1,0,2,1,0,3,1,3,0.22,0.2273,0.93,0.194,0,3,3
737,2011-02-03,1,0,2,1,0,4,1,1,0.2,0.1515,0.44,0.5224,0,5,5
760,2011-02-04,1,0,2,1,0,5,1,2,0.16,0.2273,0.59,0,0,7,7
783,2011-02-05,1,0,2,1,0,6,0,2,0.24,0.2424,0.65,0.1642,1,17,18
807,2011-02-06,1,0,2,1,0,0,0,1,0.26,0.2273,0.65,0.4179,4,40,44
831,2011-02-07,1,0,2,1,0,1,1,1,0.22,0.2727,0.75,0,1,4,5
855,2011-02-08,1,0,2,1,0,2,1,2,0.28,0.3182,0.87,0,0,4,4
879,2011-02-09,1,0,2,1,0,3,1,1,0.1,0.1061,0.36,0.2239,0,7,7
902,2011-02-10,1,0,2,1,0,4,1,3,0.14,0.1515,0.8,0.1343,0,7,7
925,2011-02-11,1,0,2,1,0,5,1,1,0.1,0.1364,0.54,0.0896,1,6,7
947,2011-02-12,1,0,2,1,0,6,0,1,0.14,0.2121,0.86,0,2,22,24
971,2011-02-13,1,0,2,1,0,0,0,1,0.2,0.2273,0.59,0.0896,1,23,24
994,2011-02-14,1,0,2,1,0,1,1,1,0.38,0.3939,0.37,0.3582,1,6,7
1018,2011-02-15,1,0,2,1,0,2,1,1,0.3,0.2424,0.42,0.7761,0,5,5
1041,2011-02-16,1,0,2,1,0,3,1,1,0.2,0.2273,0.44,0.0896,0,9,9
1064,2011-02-17,1,0,2,1,0,4,1,1,0.34,0.3182,0.53,0.2239,0,6,6
1088,2011-02-18,1,0,2,1,0,5,1,1,0.44,0.4394,0.72,0.2239,1,7,8
1112,2011-02-19,1,0,2,1,0,6,0,1,0.46,0.4545,0.14,0.4179,10,21,31
1136,2011-02-20,1,0,2,1,0,0,0,1,0.24,0.197,0.41,0.4627,5,11,16
1159,2011-02-21,1,0,2,1,1,1,0,2,0.34,0.303,0.42,0.3284,2,11,13
1201,2011-02-23,1,0,2,1,0,3,1,1,0.14,0.1515,0.46,0.1642,0,4,4
1224,2011-02-24,1,0,2,1,0,4,1,1,0.22,0.2576,0.6,0.0896,0,7,7
1247,2011-02-25,1,0,2,1,0,5,1,2,0.32,0.3485,1,0,1,9,10
1270,2011-02-26,1,0,2,1,0,6,0,1,0.24,0.2121,0.52,0.2985,2,25,27
1294,2011-02-27,1,0,2,1,0,0,0,1,0.26,0.2576,0.87,0.194,7,30,37
1317,2011-02-28,1,0,2,1,0,1,1,3,0.34,0.303,0.87,0.3582,1,7,8
1339,2011-03-01,1,0,3,1,0,2,1,1,0.26,0.2273,0.7,0.3582,0,3,3
1363,2011-03-02,1,0,3,1,0,3,1,1,0.22,0.2273,0.69,0.194,0,4,4
1387,2011-03-03,1,0,3,1,0,4,1,1,0.24,0.197,0.3,0.4627,0,1,1
1411,2011-03-04,1,0,3,1,0,5,1,2,0.18,0.1818,0.64,0.194,0,4,4
1435,2011-03-05,1,0,3,1,0,6,0,2,0.3,0.3182,0.81,0.1045,5,20,25
1459,2011-03-06,1,0,3,1,0,0,0,2,0.42,0.4242,0.77,0.2836,12,27,39
1482,2011-03-07,1,0,3,1,0,1,1,3,0.2,0.1818,1,0.3284,0,2,2
1505,2011-03-08,1,0,3,1,0,2,1,1,0.24,0.2424,0.52,0.1343,0,4,4
1529,2011-03-09,1,0,3,1,0,3,1,1,0.26,0.2727,0.52,0.1343,0,4,4
1553,2011-03-10,1,0,3,1,0,4,1,3,0.34,0.3182,0,0.2537,0,2,2
1575,2011-03-11,1,0,3,1,0,5,1,3,0.34,0.3485,1,0.1045,0,8,8
1598,2011-03-12,1,0,3,1,0,6,0,1,0.24,0.2273,0.65,0.194,3,15,18
1622,2011-03-13,1,0,3,1,0,0,0,1,0.36,0.3485,0.66,0.1343,10,23,33
1645,2011-03-14,1,0,3,1,0,1,1,1,0.26,0.2879,0.65,0.0896,0,1,1
1668,2011-03-15,1,0,3,1,0,2,1,1,0.3,0.303,0.62,0.0896,4,6,10
1691,2011-03-16,1,0,3,1,0,3,1,3,0.3,0.2727,1,0.2985,1,2,3
1714,2011-03-17,1,0,3,1,0,4,1,1,0.36,0.3485,0.71,0.2239,1,11,12
1738,2011-03-18,1,0,3,1,0,5,1,1,0.4,0.4091,0.62,0.2537,4,12,16
1761,2011-03-19,1,0,3,1,0,6,0,2,0.58,0.5455,0.46,0.3582,16,35,51
1785,2011-03-20,1,0,3,1,0,0,0,1,0.32,0.2879,0.53,0.3582,2,22,24
1809,2011-03-21,2,0,3,1,0,1,1,2,0.34,0.303,0.71,0.3881,1,6,7
1832,2011-03-22,2,0,3,1,0,2,1,1,0.42,0.4242,1,0.1343,6,13,19
1856,2011-03-23,2,0,3,1,0,3,1,3,0.34,0.3182,0.76,0.2239,0,7,7
1879,2011-03-24,2,0,3,1,0,4,1,2,0.3,0.2879,1,0.2239,0,3,3
1903,2011-03-25,2,0,3,1,0,5,1,1,0.2,0.2121,0.69,0.1642,0,5,5
1927,2011-03-26,2,0,3,1,0,6,0,1,0.26,0.2273,0.38,0.2985,3,24,27
1951,2011-03-27,2,0,3,1,0,0,0,2,0.24,0.2273,0.52,0.194,3,17,20
1974,2011-03-28,2,0,3,1,0,1,1,1,0.22,0.2273,0.44,0.194,2,4,6
1997,2011-03-29,2,0,3,1,0,2,1,1,0.24,0.2121,0.32,0.2985,0,4,4
2021,2011-03-30,2,0,3,1,0,3,1,1,0.32,0.3485,0.39,0,1,9,10
2045,2011-03-31,2,0,3,1,0,4,1,3,0.24,0.2273,0.93,0.194,1,4,5
2069,2011-04-01,2,0,4,1,0,5,1,3,0.26,0.2576,1,0.1642,0,4,4
2093,2011-04-02,2,0,4,1,0,6,0,1,0.26,0.2727,0.65,0.1343,4,28,32
2117,2011-04-03,2,0,4,1,0,0,0,1,0.3,0.3182,0.61,0.1045,8,26,34
2141,2011-04-04,2,0,4,1,0,1,1,1,0.4,0.4091,0.56,0.3582,7,4,11
2165,2011-04-05,2,0,4,1,0,2,1,3,0.62,0.6212,0.57,0.4179,10,5,15
2189,2011-04-06,2,0,4,1,0,3,1,1,0.26,0.2727,0.6,0.1343,0,2,2
2213,2011-04-07,2,0,4,1,0,4,1,1,0.42,0.4242,0.47,0.1343,2,11,13
2237,2011-04-08,2,0,4,1,0,5,1,2,0.34,0.3333,0.76,0.1343,3,6,9
2261,2011-04-09,2,0,4,1,0,6,0,2,0.3,0.303,0.87,0.1343,3,17,20
2285,2011-04-10,2,0,4,1,0,0,0,2,0.38,0.3939,0.87,0.1343,6,31,37
2309,2011-04-11,2,0,4,1,0,1,1,1,0.46,0.4545,0.94,0.2836,1,3,4
2332,2011-04-12,2,0,4,1,0,2,1,2,0.62,0.6212,0.5,0.0896,6,7,13
2356,2011-04-13,2,0,4,1,0,3,1,2,0.4,0.4091,1,0.2985,0,1,1
2380,2011-04-14,2,0,4,1,0,4,1,1,0.38,0.3939,0.76,0.2239,1,9,10
2404,2011-04-15,2,0,4,1,1,5,0,1,0.44,0.4394,0.62,0,6,9,15
2428,2011-04-16,2,0,4,1,0,6,0,2,0.36,0.3333,0.87,0.2836,5,28,33
2452,2011-04-17,2,0,4,1,0,0,0,1,0.42,0.4242,0.67,0.2239,6,25,31
2476,2011-04-18,2,0,4,1,0,1,1,1,0.46,0.4545,0.47,0.1343,11,8,19
2500,2011-04-19,2,0,4,1,0,2,1,1,0.46,0.4545,0.63,0.2239,5,2,7
2524,2011-04-20,2,0,4,1,0,3,1,1,0.42,0.4242,0.94,0.1642,2,5,7
2548,2011-04-21,2,0,4,1,0,4,1,1,0.52,0.5,0.45,0.2239,6,20,26
2572,2011-04-22,2,0,4,1,0,5,1,1,0.36,0.3333,0.53,0.2537,2,22,24
2596,2011-04-23,2,0,4,1,0,6,0,2,0.32,0.3182,1,0.194,5,11,16
2620,2011-04-24,2,0,4,1,0,0,0,1,0.5,0.4848,0.88,0.194,14,40,54
2644,2011-04-25,2,0,4,1,0,1,1,1,0.54,0.5152,1,0.0896,2,8,10
2668,2011-04-26,2,0,4,1,0,2,1,1,0.62,0.5909,0.73,0.2836,16,5,21
2692,2011-04-27,2,0,4,1,0,3,1,1,0.6,0.5606,0.83,0.2537,2,15,17
2716,2011-04-28,2,0,4,1,0,4,1,2,0.62,0.5758,0.83,0.3881,8,12,20
2740,2011-04-29,2,0,4,1,0,5,1,1,0.5,0.4848,0.45,0.0896,10,21,31
2764,2011-04-30,2,0,4,1,0,6,0,2,0.44,0.4394,0.54,0.1642,15,59,74
2788,2011-05-01,2,0,5,1,0,0,0,1,0.42,0.4242,0.69,0.1045,9,50,59
2812,2011-05-02,2,0,5,1,0,1,1,1,0.46,0.4545,0.72,0.1343,41,73,114
2836,2011-05-03,2,0,5,1,0,2,1,2,0.56,0.5303,0.78,0.2537,0,14,14
2860,2011-05-04,2,0,5,1,0,3,1,3,0.5,0.4848,0.82,0.2836,1,6,7
2884,2011-05-05,2,0,5,1,0,4,1,1,0.34,0.3333,0.71,0.194,4,6,10
2908,2011-05-06,2,0,5,1,0,5,1,1,0.4,0.4091,0.62,0.1642,8,24,32
2932,2011-05-07,2,0,5,1,0,6,0,1,0.42,0.4242,0.82,0.1045,8,50,58
2956,2011-05-08,2,0,5,1,0,0,0,2,0.52,0.5,0.55,0,8,56,64
2980,2011-05-09,2,0,5,1,0,1,1,1,0.44,0.4394,0.88,0,25,8,33
3004,2011-05-10,2,0,5,1,0,2,1,1,0.46,0.4545,0.59,0.0896,3,12,15
3028,2011-05-11,2,0,5,1,0,3,1,2,0.5,0.4848,0.59,0.1045,4,16,20
3052,2011-05-12,2,0,5,1,0,4,1,1,0.46,0.4545,0.88,0.2239,1,16,17
3076,2011-05-13,2,0,5,1,0,5,1,1,0.52,0.5,0.83,0.1642,5,15,20
3100,2011-05-14,2,0,5,1,0,6,0,2,0.5,0.4848,0.88,0.1343,18,64,82
3124,2011-05-15,2,0,5,1,0,0,0,2,0.52,0.5,1,0.1045,4,43,47
3148,2011-05-16,2,0,5,1,0,1,1,1,0.52,0.5,0.94,0.1343,6,8,14
3172,2011-05-17,2,0,5,1,0,2,1,3,0.56,0.5303,0.88,0,7,6,13
3196,2011-05-18,2,0,5,1,0,3,1,2,0.54,0.5152,0.88,0.2537,3,9,12
3220,2011-05-19,2,0,5,1,0,4,1,1,0.5,0.4848,0.94,0,2,4,6
3244,2011-05-20,2,0,5,1,0,5,1,1,0.46,0.4545,1,0,8,17,25
3268,2011-05-21,2,0,5,1,0,6,0,1,0.52,0.5,0.72,0,8,64,72
3292,2011-05-22,2,0,5,1,0,0,0,1,0.52,0.5,0.94,0.1343,17,81,98
3316,2011-05-23,2,0,5,1,0,1,1,1,0.56,0.5303,0.88,0.1045,4,5,9
3340,2011-05-24,2,0,5,1,0,2,1,2,0.6,0.5152,0.94,0.1642,6,9,15
3364,2011-05-25,2,0,5,1,0,3,1,3,0.58,0.5455,0.83,0.194,6,2,8
3388,2011-05-26,2,0,5,1,0,4,1,1,0.64,0.6061,0.73,0.1343,3,13,16
3412,2011-05-27,2,0,5,1,0,5,1,1,0.7,0.6515,0.58,0.2985,14,36,50
3436,2011-05-28,2,0,5,1,0,6,0,1,0.58,0.5455,0.88,0.194,8,47,55
3460,2011-05-29,2,0,5,1,0,0,0,1,0.62,0.5606,0.88,0.1642,17,49,66
3484,2011-05-30,2,0,5,1,1,1,0,1,0.64,0.5606,0.94,0.1343,26,53,79
3508,2011-05-31,2,0,5,1,0,2,1,1,0.68,0.6364,0.89,0.0896,8,9,17
3532,2011-06-01,2,0,6,1,0,3,1,1,0.7,0.6667,0.84,0.2537,8,9,17
3556,2011-06-02,2,0,6,1,0,4,1,1,0.72,0.6515,0.38,0.1045,3,12,15
3580,2011-06-03,2,0,6,1,0,5,1,1,0.6,0.6212,0.38,0.3582,7,15,22
3604,2011-06-04,2,0,6,1,0,6,0,1,0.54,0.5152,0.64,0.1045,14,80,94
3628,2011-06-05,2,0,6,1,0,0,0,2,0.64,0.6212,0.61,0.1642,26,70,96
3652,2011-06-06,2,0,6,1,0,1,1,1,0.6,0.5606,0.83,0.1343,9,5,14
3676,2011-06-07,2,0,6,1,0,2,1,1,0.62,0.6061,0.69,0.1343,2,2,4
3700,2011-06-08,2,0,6,1,0,3,1,1,0.66,0.6061,0.78,0,3,20,23
3724,2011-06-09,2,0,6,1,0,4,1,1,0.74,0.7121,0.79,0.1045,3,13,16
3748,2011-06-10,2,0,6,1,0,5,1,3,0.7,0.6515,0.65,0.2239,5,18,23
3772,2011-06-11,2,0,6,1,0,6,0,1,0.7,0.6667,0.79,0.0896,10,67,77
3796,2011-06-12,2,0,6,1,0,0,0,1,0.64,0.5758,0.83,0.1045,19,74,93
3820,2011-06-13,2,0,6,1,0,1,1,1,0.64,0.6061,0.73,0.2239,6,10,16
3844,2011-06-14,2,0,6,1,0,2,1,1,0.6,0.6212,0.49,0.2537,3,10,13
3868,2011-06-15,2,0,6,1,0,3,1,1,0.54,0.5152,0.64,0.2836,0,14,14
3892,2011-06-16,2,0,6,1,0,4,1,1,0.58,0.5455,0.6,0,4,13,17
3916,2011-06-17,2,0,6,1,0,5,1,1,0.56,0.5303,0.94,0.1343,4,19,23
3940,2011-06-18,2,0,6,1,0,6,0,1,0.62,0.5758,0.83,0.1045,15,80,95
3964,2011-06-19,2,0,6,1,0,0,0,2,0.7,0.6515,0.65,0.0896,17,59,76
3988,2011-06-20,2,0,6,1,0,1,1,1,0.64,0.5758,0.89,0.0896,9,3,12
4012,2011-06-21,3,0,6,1,0,2,1,3,0.62,0.5909,0.78,0.1642,2,12,14
4036,2011-06-22,3,0,6,1,0,3,1,1,0.66,0.6061,0.78,0.1343,2,19,21
4060,2011-06-23,3,0,6,1,0,4,1,1,0.72,0.697,0.74,0.2239,5,26,31
4084,2011-06-24,3,0,6,1,0,5,1,1,0.66,0.6061,0.83,0.3284,8,20,28
4108,2011-06-25,3,0,6,1,0,6,0,1,0.66,0.6212,0.5,0.1642,20,75,95
4132,2011-06-26,3,0,6,1,0,0,0,1,0.64,0.6212,0.53,0.1045,17,73,90
4156,2011-06-27,3,0,6,1,0,1,1,2,0.62,0.5909,0.78,0.1343,4,11,15
4180,2011-06-28,3,0,6,1,0,2,1,1,0.66,0.6212,0.74,0,5,8,13
4204,2011-06-29,3,0,6,1,0,3,1,1,0.68,0.6364,0.79,0.2985,10,18,28
4228,2011-06-30,3,0,6,1,0,4,1,1,0.64,0.6212,0.53,0.1343,13,19,32
4252,2011-07-01,3,0,7,1,0,5,1,1,0.66,0.6212,0.5,0,15,16,31
4276,2011-07-02,3,0,7,1,0,6,0,1,0.66,0.6212,0.54,0,20,58,78
4300,2011-07-03,3,0,7,1,0,0,0,2,0.7,0.6515,0.61,0.1642,23,55,78
4324,2011-07-04,3,0,7,1,1,1,0,1,0.64,0.5758,0.83,0.0896,43,76,119
4348,2011-07-05,3,0,7,1,0,2,1,1,0.7,0.6515,0.65,0.1045,15,24,39
4372,2011-07-06,3,0,7,1,0,3,1,1,0.7,0.6667,0.74,0.1343,4,11,15
4396,2011-07-07,3,0,7,1,0,4,1,1,0.66,0.5909,0.89,0.194,2,14,16
4420,2011-07-08,3,0,7,1,0,5,1,1,0.72,0.697,0.79,0,9,25,34
4444,2011-07-09,3,0,7,1,0,6,0,2,0.64,0.5758,0.89,0.1045,5,48,53
4468,2011-07-10,3,0,7,1,0,0,0,1,0.7,0.6515,0.61,0.1343,19,94,113
4492,2011-07-11,3,0,7,1,0,1,1,1,0.7,0.6515,0.61,0.2836,5,5,10
4516,2011-07-12,3,0,7,1,0,2,1,1,0.7,0.6667,0.79,0.0896,6,8,14
4540,2011-07-13,3,0,7,1,0,3,1,1,0.76,0.697,0.55,0,1,11,12
4564,2011-07-14,3,0,7,1,0,4,1,1,0.66,0.6212,0.61,0.2537,4,21,25
4588,2011-07-15,3,0,7,1,0,5,1,1,0.62,0.5909,0.73,0.194,7,13,20
4612,2011-07-16,3,0,7,1,0,6,0,1,0.6,0.5909,0.69,0.1045,24,51,75
4636,2011-07-17,3,0,7,1,0,0,0,1,0.64,0.6061,0.69,0.194,16,86,102
4660,2011-07-18,3,0,7,1,0,1,1,1,0.7,0.6667,0.74,0.2239,17,8,25
4684,2011-07-19,3,0,7,1,0,2,1,2,0.74,0.697,0.66,0.1343,7,6,13
4708,2011-07-20,3,0,7,1,0,3,1,1,0.7,0.6667,0.84,0,4,7,11
4732,2011-07-21,3,0,7,1,0,4,1,2,0.74,0.7273,0.84,0.2239,5,16,21
4756,2011-07-22,3,0,7,1,0,5,1,1,0.8,0.7879,0.63,0,7,17,24
4780,2011-07-23,3,0,7,1,0,6,0,1,0.82,0.7727,0.52,0.1045,13,57,70
4804,2011-07-24,3,0,7,1,0,0,0,1,0.78,0.7576,0.66,0.1045,33,63,96
4828,2011-07-25,3,0,7,1,0,1,1,2,0.76,0.7424,0.75,0.0896,4,8,12
4852,2011-07-26,3,0,7,1,0,2,1,1,0.7,0.6667,0.79,0.1045,6,6,12
4876,2011-07-27,3,0,7,1,0,3,1,1,0.78,0.7121,0.49,0.194,1,9,10
4900,2011-07-28,3,0,7,1,0,4,1,1,0.72,0.6667,0.51,0,3,26,29
4924,2011-07-29,3,0,7,1,0,5,1,1,0.74,0.7121,0.79,0.1343,12,22,34
4948,2011-07-30,3,0,7,1,0,6,0,1,0.76,0.697,0.55,0.0896,15,75,90
4972,2011-07-31,3,0,7,1,0,0,0,1,0.74,0.6818,0.62,0.0896,8,71,79
4996,2011-08-01,3,0,8,1,0,1,1,1,0.72,0.697,0.74,0.194,5,12,17
5020,2011-08-02,3,0,8,1,0,2,1,1,0.66,0.6212,0.74,0.1045,4,8,12
5044,2011-08-03,3,0,8,1,0,3,1,2,0.78,0.7121,0.52,0.1642,7,9,16
5068,2011-08-04,3,0,8,1,0,4,1,2,0.66,0.5909,0.94,0.0896,3,14,17
5092,2011-08-05,3,0,8,1,0,5,1,1,0.64,0.5909,0.78,0.0896,3,16,19
5116,2011-08-06,3,0,8,1,0,6,0,1,0.66,0.6061,0.78,0.1642,17,50,67
5140,2011-08-07,3,0,8,1,0,0,0,2,0.7,0.6667,0.84,0.2537,10,63,73
5164,2011-08-08,3,0,8,1,0,1,1,1,0.68,0.6364,0.83,0.1343,4,8,12
5188,2011-08-09,3,0,8,1,0,2,1,1,0.72,0.6818,0.66,0,5,9,14
5212,2011-08-10,3,0,8,1,0,3,1,1,0.72,0.6667,0.54,0.194,7,10,17
5236,2011-08-11,3,0,8,1,0,4,1,1,0.7,0.6364,0.45,0.1343,9,17,26
5260,2011-08-12,3,0,8,1,0,5,1,1,0.64,0.6212,0.53,0.1343,4,19,23
5284,2011-08-13,3,0,8,1,0,6,0,2,0.68,0.6364,0.57,0.0896,13,64,77
5308,2011-08-14,3,0,8,1,0,0,0,3,0.64,0.5758,0.89,0.2239,16,57,73
5332,2011-08-15,3,0,8,1,0,1,1,2,0.6,0.5455,0.88,0.1343,1,9,10
5356,2011-08-16,3,0,8,1,0,2,1,1,0.64,0.6061,0.69,0.1642,4,12,16
5380,2011-08-17,3,0,8,1,0,3,1,1,0.64,0.6061,0.73,0.1642,2,12,14
5404,2011-08-18,3,0,8,1,0,4,1,2,0.66,0.6212,0.65,0.1642,13,11,24
5428,2011-08-19,3,0,8,1,0,5,1,3,0.64,0.5758,0.89,0,1,19,20
5452,2011-08-20,3,0,8,1,0,6,0,1,0.62,0.5758,0.83,0,12,35,47
5476,2011-08-21,3,0,8,1,0,0,0,1,0.68,0.6364,0.79,0.2239,17,69,86
5500,2011-08-22,3,0,8,1,0,1,1,1,0.68,0.6364,0.79,0.0896,8,13,21
5524,2011-08-23,3,0,8,1,0,2,1,1,0.58,0.5455,0.49,0.194,6,13,19
5548,2011-08-24,3,0,8,1,0,3,1,1,0.6,0.6061,0.6,0.1045,7,17,24
5572,2011-08-25,3,0,8,1,0,4,1,1,0.68,0.6364,0.69,0.3881,4,11,15
5596,2011-08-26,3,0,8,1,0,5,1,1,0.62,0.5758,0.83,0,10,13,23
5620,2011-08-27,3,0,8,1,0,6,0,1,0.7,0.6667,0.84,0.1642,13,51,64
5655,2011-08-29,3,0,8,1,0,1,1,1,0.6,0.5909,0.69,0.1045,5,15,20
5679,2011-08-30,3,0,8,1,0,2,1,1,0.56,0.5303,0.68,0.1045,6,7,13
5703,2011-08-31,3,0,8,1,0,3,1,1,0.6,0.5909,0.69,0,2,13,15
5727,2011-09-01,3,0,9,1,0,4,1,1,0.6,0.5909,0.73,0.0896,7,14,21
5751,2011-09-02,3,0,9,1,0,5,1,3,0.62,0.5909,0.73,0.1045,4,28,32
5775,2011-09-03,3,0,9,1,0,6,0,2,0.64,0.6061,0.69,0.2537,17,57,74
5799,2011-09-04,3,0,9,1,0,0,0,1,0.66,0.6061,0.83,0.1343,37,38,75
5823,2011-09-05,3,0,9,1,1,1,0,2,0.68,0.6364,0.79,0.1045,19,35,54
5870,2011-09-07,3,0,9,1,0,3,1,3,0.54,0.5152,0.94,0.2537,2,3,5
5894,2011-09-08,3,0,9,1,0,4,1,3,0.62,0.5455,0.94,0.1045,0,4,4
5917,2011-09-09,3,0,9,1,0,5,1,2,0.62,0.5152,1,0.1642,0,8,8
5941,2011-09-10,3,0,9,1,0,6,0,2,0.62,0.5455,0.94,0,16,67,83
5965,2011-09-11,3,0,9,1,0,0,0,2,0.62,0.5606,0.88,0,22,66,88
5989,2011-09-12,3,0,9,1,0,1,1,1,0.56,0.5303,0.88,0,1,11,12
6012,2011-09-13,3,0,9,1,0,2,1,1,0.58,0.5455,0.83,0.1045,4,6,10
6036,2011-09-14,3,0,9,1,0,3,1,1,0.62,0.5909,0.78,0.0896,1,7,8
6060,2011-09-15,3,0,9,1,0,4,1,1,0.64,0.6061,0.69,0.1642,0,20,20
6084,2011-09-16,3,0,9,1,0,5,1,1,0.42,0.4242,0.67,0.194,7,19,26
6108,2011-09-17,3,0,9,1,0,6,0,1,0.46,0.4545,0.72,0.1045,28,52,80
6132,2011-09-18,3,0,9,1,0,0,0,1,0.46,0.4545,0.77,0.2239,13,66,79
6156,2011-09-19,3,0,9,1,0,1,1,2,0.52,0.5,0.72,0.1045,3,7,10
6180,2011-09-20,3,0,9,1,0,2,1,2,0.54,0.5152,0.88,0.1642,3,11,14
6204,2011-09-21,3,0,9,1,0,3,1,1,0.54,0.5152,0.94,0,0,17,17
6228,2011-09-22,3,0,9,1,0,4,1,2,0.6,0.5152,0.94,0.0896,5,6,11
6252,2011-09-23,4,0,9,1,0,5,1,2,0.6,0.5,1,0,2,29,31
6276,2011-09-24,4,0,9,1,0,6,0,2,0.58,0.5455,0.94,0.0896,18,61,79
6300,2011-09-25,4,0,9,1,0,0,0,2,0.6,0.5455,0.88,0.1045,31,93,124
6324,2011-09-26,4,0,9,1,0,1,1,2,0.62,0.5606,0.88,0.1045,3,14,17
6348,2011-09-27,4,0,9,1,0,2,1,1,0.62,0.5455,0.94,0.1642,4,6,10
6372,2011-09-28,4,0,9,1,0,3,1,1,0.6,0.5455,0.88,0,1,13,14
6396,2011-09-29,4,0,9,1,0,4,1,2,0.6,0.5,1,0.194,3,20,23
6420,2011-09-30,4,0,9,1,0,5,1,1,0.52,0.5,0.77,0.0896,5,18,23
6444,2011-10-01,4,0,10,1,0,6,0,1,0.48,0.4697,0.67,0.3284,11,47,58
6468,2011-10-02,4,0,10,1,0,0,0,3,0.34,0.3182,0.87,0.2537,1,23,24
6492,2011-10-03,4,0,10,1,0,1,1,1,0.36,0.3636,0.81,0.0896,1,5,6
6516,2011-10-04,4,0,10,1,0,2,1,2,0.4,0.4091,0.87,0.1045,1,8,9
6540,2011-10-05,4,0,10,1,0,3,1,1,0.48,0.4697,0.77,0.1642,4,7,11
6564,2011-10-06,4,0,10,1,0,4,1,1,0.48,0.4697,0.63,0.194,5,17,22
6588,2011-10-07,4,0,10,1,0,5,1,1,0.44,0.4394,0.88,0,3,25,28
6612,2011-10-08,4,0,10,1,0,6,0,1,0.46,0.4545,0.82,0,14,51,65
6636,2011-10-09,4,0,10,1,0,0,0,1,0.46,0.4545,0.88,0,15,63,78
6660,2011-10-10,4,0,10,1,1,1,0,1,0.48,0.4697,0.88,0,4,30,34
6684,2011-10-11,4,0,10,1,0,2,1,2,0.52,0.5,0.94,0.0896,2,9,11
6708,2011-10-12,4,0,10,1,0,3,1,3,0.56,0.5303,0.83,0.1343,2,8,10
6732,2011-10-13,4,0,10,1,0,4,1,2,0.54,0.5152,0.94,0,3,9,12
6756,2011-10-14,4,0,10,1,0,5,1,1,0.58,0.5455,0.94,0.1343,8,16,24
6780,2011-10-15,4,0,10,1,0,6,0,1,0.46,0.4545,0.55,0.2537,9,64,73
6804,2011-10-16,4,0,10,1,0,0,0,1,0.44,0.4394,0.47,0.1343,13,64,77
6828,2011-10-17,4,0,10,1,0,1,1,1,0.56,0.5303,0.54,0.3881,2,15,17
6852,2011-10-18,4,0,10,1,0,2,1,2,0.46,0.4545,0.88,0,4,7,11
6876,2011-10-19,4,0,10,1,0,3,1,2,0.52,0.5,0.77,0.194,7,9,16
6899,2011-10-20,4,0,10,1,0,4,1,1,0.56,0.5303,0.88,0.3582,4,11,15
6923,2011-10-21,4,0,10,1,0,5,1,1,0.4,0.4091,0.62,0.2239,7,19,26
6947,2011-10-22,4,0,10,1,0,6,0,1,0.4,0.4091,0.62,0.194,20,50,70
6971,2011-10-23,4,0,10,1,0,0,0,1,0.36,0.3788,0.87,0,11,60,71
6995,2011-10-24,4,0,10,1,0,1,1,1,0.4,0.4091,0.82,0.1343,7,8,15
7019,2011-10-25,4,0,10,1,0,2,1,1,0.44,0.4394,0.77,0.1343,5,6,11
7043,2011-10-26,4,0,10,1,0,3,1,1,0.44,0.4394,0.67,0.2537,3,9,12
7067,2011-10-27,4,0,10,1,0,4,1,1,0.46,0.4545,0.94,0,2,9,11
7091,2011-10-28,4,0,10,1,0,5,1,1,0.32,0.303,0.66,0.2537,7,9,16
7115,2011-10-29,4,0,10,1,0,6,0,3,0.3,0.2727,0.87,0.2985,0,18,18
7139,2011-10-30,4,0,10,1,0,0,0,1,0.22,0.2121,0.87,0.2537,9,34,43
7163,2011-10-31,4,0,10,1,0,1,1,1,0.26,0.303,0.81,0,5,8,13
7187,2011-11-01,4,0,11,1,0,2,1,1,0.36,0.3485,0.81,0.1343,3,8,11
7211,2011-11-02,4,0,11,1,0,3,1,1,0.3,0.3333,0.87,0,2,8,10
7235,2011-11-03,4,0,11,1,0,4,1,1,0.34,0.3333,0.81,0.1343,3,12,15
7259,2011-11-04,4,0,11,1,0,5,1,2,0.4,0.4091,0.82,0,1,16,17
7283,2011-11-05,4,0,11,1,0,6,0,1,0.32,0.303,0.45,0.2985,5,57,62
7307,2011-11-06,4,0,11,1,0,0,0,1,0.26,0.303,0.81,0,11,104,115
7331,2011-11-07,4,0,11,1,0,1,1,1,0.34,0.3636,0.87,0,2,6,8
7355,2011-11-08,4,0,11,1,0,2,1,1,0.32,0.3333,0.93,0.1045,3,8,11
7379,2011-11-09,4,0,11,1,0,3,1,1,0.34,0.3636,0.87,0,0,10,10
7403,2011-11-10,4,0,11,1,0,4,1,2,0.4,0.4091,0.87,0,1,10,11
7427,2011-11-11,4,0,11,1,1,5,0,1,0.32,0.303,0.57,0.3284,3,16,19
7451,2011-11-12,4,0,11,1,0,6,0,1,0.24,0.2424,0.6,0.1343,9,45,54
7475,2011-11-13,4,0,11,1,0,0,0,2,0.36,0.3485,0.66,0.194,13,58,71
7499,2011-11-14,4,0,11,1,0,1,1,1,0.46,0.4545,0.63,0.2985,5,6,11
7523,2011-11-15,4,0,11,1,0,2,1,1,0.56,0.5303,0.6,0.2985,5,5,10
7547,2011-11-16,4,0,11,1,0,3,1,3,0.46,0.4545,0.94,0.0896,0,5,5
7571,2011-11-17,4,0,11,1,0,4,1,2,0.42,0.4242,0.82,0.1642,0,5,5
7595,2011-11-18,4,0,11,1,0,5,1,1,0.26,0.2273,0.44,0.3284,0,10,10
7619,2011-11-19,4,0,11,1,0,6,0,1,0.26,0.2273,0.52,0.2985,1,34,35
7643,2011-11-20,4,0,11,1,0,0,0,1,0.4,0.4091,0.62,0.2537,11,73,84
7667,2011-11-21,4,0,11,1,0,1,1,3,0.46,0.4545,0.94,0.194,4,8,12
7691,2011-11-22,4,0,11,1,0,2,1,3,0.4,0.4091,0.94,0.1343,1,5,6
7715,2011-11-23,4,0,11,1,0,3,1,2,0.48,0.4697,0.94,0.2985,0,8,8
7739,2011-11-24,4,0,11,1,1,4,0,1,0.32,0.2879,0.57,0.4179,1,23,24
7763,2011-11-25,4,0,11,1,0,5,1,1,0.34,0.3636,0.76,0,2,12,14
7787,2011-11-26,4,0,11,1,0,6,0,1,0.32,0.3333,0.76,0.0896,5,24,29
7811,2011-11-27,4,0,11,1,0,0,0,1,0.36,0.3788,0.81,0,9,35,44
7835,2011-11-28,4,0,11,1,0,1,1,1,0.46,0.4545,0.77,0.2985,1,12,13
7858,2011-11-29,4,0,11,1,0,2,1,1,0.52,0.5,0.83,0.0896,1,16,17
7882,2011-11-30,4,0,11,1,0,3,1,1,0.34,0.303,0.66,0.3284,0,8,8
7906,2011-12-01,4,0,12,1,0,4,1,1,0.26,0.2424,0.6,0.2836,1,9,10
7930,2011-12-02,4,0,12,1,0,5,1,1,0.24,0.2879,0.75,0,1,14,15
7954,2011-12-03,4,0,12,1,0,6,0,1,0.26,0.2576,0.65,0.194,9,62,71
7978,2011-12-04,4,0,12,1,0,0,0,1,0.3,0.3182,0.75,0.0896,20,54,74
8002,2011-12-05,4,0,12,1,0,1,1,1,0.32,0.3485,0.87,0,2,10,12
8026,2011-12-06,4,0,12,1,0,2,1,2,0.46,0.4545,0.88,0.2985,2,14,16
8050,2011-12-07,4,0,12,1,0,3,1,2,0.46,0.4545,1,0.2537,4,9,13
8074,2011-12-08,4,0,12,1,0,4,1,1,0.26,0.2273,0.81,0.3582,1,6,7
8098,2011-12-09,4,0,12,1,0,5,1,1,0.24,0.2879,0.65,0,2,12,14
8122,2011-12-10,4,0,12,1,0,6,0,2,0.26,0.2576,0.7,0.1642,11,55,66
8146,2011-12-11,4,0,12,1,0,0,0,1,0.16,0.1515,0.59,0.2239,8,54,62
8170,2011-12-12,4,0,12,1,0,1,1,1,0.2,0.2576,0.69,0,0,9,9
8194,2011-12-13,4,0,12,1,0,2,1,1,0.2,0.2576,0.8,0,0,4,4
8218,2011-12-14,4,0,12,1,0,3,1,1,0.26,0.303,0.75,0,0,8,8
8242,2011-12-15,4,0,12,1,0,4,1,2,0.32,0.3182,0.7,0.1642,5,15,20
8266,2011-12-16,4,0,12,1,0,5,1,1,0.5,0.4848,0.72,0.2239,3,28,31
8290,2011-12-17,4,0,12,1,0,6,0,2,0.3,0.2879,0.52,0.2537,4,39,43
8314,2011-12-18,4,0,12,1,0,0,0,1,0.2,0.2273,0.69,0.1045,3,43,46
8338,2011-12-19,4,0,12,1,0,1,1,1,0.18,0.2121,0.8,0.0896,3,8,11
8362,2011-12-20,4,0,12,1,0,2,1,1,0.36,0.3788,0.53,0,0,6,6
8386,2011-12-21,1,0,12,1,0,3,1,2,0.36,0.3636,0.66,0.1045,1,10,11
8410,2011-12-22,1,0,12,1,0,4,1,1,0.44,0.4394,0.94,0.0896,0,15,15
8434,2011-12-23,1,0,12,1,0,5,1,3,0.4,0.4091,0.87,0.194,1,11,12
8458,2011-12-24,1,0,12,1,0,6,0,2,0.32,0.3485,0.66,0,1,15,16
8482,2011-12-25,1,0,12,1,0,0,0,1,0.22,0.2273,0.69,0.1343,2,2,4
8505,2011-12-26,1,0,12,1,1,1,0,1,0.28,0.2727,0.56,0.194,3,7,10
8528,2011-12-27,1,0,12,1,0,2,1,1,0.26,0.2727,0.7,0.1343,0,6,6
8552,2011-12-28,1,0,12,1,0,3,1,1,0.32,0.3182,0.76,0.1642,0,12,12
8575,2011-12-29,1,0,12,1,0,4,1,1,0.22,0.2121,0.47,0.2239,0,15,15
8599,2011-12-30,1,0,12,1,0,5,1,1,0.26,0.2879,0.65,0.0896,9,11,20
8623,2011-12-31,1,0,12,1,0,6,0,2,0.4,0.4091,0.62,0.2836,4,31,35
8647,2012-01-01,1,1,1,1,0,0,0,1,0.36,0.3485,0.66,0.1343,15,78,93
8671,2012-01-02,1,1,1,1,1,1,0,1,0.36,0.3333,0.43,0.4179,1,11,12
8694,2012-01-03,1,1,1,1,0,2,1,1,0.18,0.1818,0.55,0.2239,1,5,6
8718,2012-01-04,1,1,1,1,0,3,1,1,0.04,0.0303,0.38,0.2985,0,3,3
8742,2012-01-05,1,1,1,1,0,4,1,1,0.2,0.2273,0.51,0.0896,0,5,5
8766,2012-01-06,1,1,1,1,0,5,1,1,0.22,0.2727,0.75,0,2,6,8
8790,2012-01-07,1,1,1,1,0,6,0,1,0.38,0.3939,0.46,0.1642,6,56,62
8814,2012-01-08,1,1,1,1,0,0,0,1,0.34,0.3333,0.42,0.194,10,62,72
8838,2012-01-09,1,1,1,1,0,1,1,1,0.24,0.2424,0.6,0.1343,1,4,5
8862,2012-01-10,1,1,1,1,0,2,1,2,0.22,0.2424,0.93,0.1045,2,3,5
8885,2012-01-11,1,1,1,1,0,3,1,1,0.24,0.2576,0.87,0.0896,1,6,7
8909,2012-01-12,1,1,1,1,0,4,1,3,0.36,0.3485,0.93,0.194,0,3,3
8933,2012-01-13,1,1,1,1,0,5,1,2,0.38,0.3939,0.76,0.2985,0,12,12
8957,2012-01-14,1,1,1,1,0,6,0,1,0.16,0.1515,0.47,0.194,6,44,50
8981,2012-01-15,1,1,1,1,0,0,0,2,0.16,0.1364,0.47,0.2985,2,40,42
9005,2012-01-16,1,1,1,1,1,1,0,1,0.14,0.1667,0.43,0.1045,2,18,20
9029,2012-01-17,1,1,1,1,0,2,1,2,0.28,0.2576,0.65,0.3582,0,2,2
9052,2012-01-18,1,1,1,1,0,3,1,2,0.46,0.4545,0.77,0.3284,0,10,10
9076,2012-01-19,1,1,1,1,0,4,1,1,0.14,0.1515,0.5,0.1642,0,5,5
9100,2012-01-20,1,1,1,1,0,5,1,1,0.26,0.2727,0.48,0.1343,0,15,15
9124,2012-01-21,1,1,1,1,0,6,0,4,0.14,0.1364,0.86,0.194,1,22,23
9148,2012-01-22,1,1,1,1,0,0,0,2,0.18,0.1667,0.74,0.2985,1,49,50
9172,2012-01-23,1,1,1,1,0,1,1,2,0.18,0.2121,0.86,0.1045,0,4,4
9196,2012-01-24,1,1,1,1,0,2,1,2,0.32,0.303,0.93,0.2537,2,7,9
9220,2012-01-25,1,1,1,1,0,3,1,1,0.3,0.2879,0.7,0.2239,4,9,13
9244,2012-01-26,1,1,1,1,0,4,1,2,0.28,0.3182,0.75,0,5,16,21
9268,2012-01-27,1,1,1,1,0,5,1,2,0.4,0.4091,0.87,0.2239,6,23,29
9292,2012-01-28,1,1,1,1,0,6,0,1,0.3,0.303,0.52,0.1642,1,57,58
9316,2012-01-29,1,1,1,1,0,0,0,1,0.3,0.2727,0.28,0.3582,5,68,73
9340,2012-01-30,1,1,1,1,0,1,1,1,0.26,0.2273,0.6,0.3582,0,9,9
9364,2012-01-31,1,1,1,1,0,2,1,1,0.3,0.2727,0.42,0.2985,1,7,8
9388,2012-02-01,1,1,2,1,0,3,1,1,0.44,0.4394,0.41,0.2836,0,4,4
9412,2012-02-02,1,1,2,1,0,4,1,2,0.46,0.4545,0.55,0,3,14,17
9436,2012-02-03,1,1,2,1,0,5,1,1,0.3,0.2727,0.56,0.3284,3,19,22
9460,2012-02-04,1,1,2,1,0,6,0,1,0.26,0.2727,0.7,0.1045,0,43,43
9484,2012-02-05,1,1,2,1,0,0,0,2,0.24,0.2576,0.93,0.1045,5,46,51
9508,2012-02-06,1,1,2,1,0,1,1,1,0.22,0.2576,0.75,0.0896,0,6,6
9531,2012-02-07,1,1,2,1,0,2,1,1,0.28,0.2879,0.61,0.1343,8,6,14
9555,2012-02-08,1,1,2,1,0,3,1,1,0.28,0.2727,0.61,0.1642,1,9,10
9579,2012-02-09,1,1,2,1,0,4,1,2,0.24,0.2424,0.87,0.1343,2,10,12
9603,2012-02-10,1,1,2,1,0,5,1,2,0.28,0.303,0.61,0.0896,2,11,13
9627,2012-02-11,1,1,2,1,0,6,0,3,0.28,0.2879,0.81,0.1343,2,43,45
9651,2012-02-12,1,1,2,1,0,0,0,3,0.08,0.0455,0.79,0.4627,0,24,24
9675,2012-02-13,1,1,2,1,0,1,1,1,0.12,0.1212,0.5,0.2239,0,6,6
9699,2012-02-14,1,1,2,1,0,2,1,2,0.26,0.303,0.56,0,0,6,6
9723,2012-02-15,1,1,2,1,0,3,1,1,0.34,0.3636,0.53,0,0,5,5
9747,2012-02-16,1,1,2,1,0,4,1,2,0.3,0.3333,0.7,0,0,5,5
9771,2012-02-17,1,1,2,1,0,5,1,2,0.3,0.3333,0.93,0,2,16,18
9795,2012-02-18,1,1,2,1,0,6,0,1,0.32,0.3182,0.49,0.1642,7,38,45
9819,2012-02-19,1,1,2,1,0,0,0,2,0.32,0.303,0.39,0.2537,10,62,72
9843,2012-02-20,1,1,2,1,1,1,0,2,0.24,0.2576,0.87,0.0896,3,12,15
9866,2012-02-21,1,1,2,1,0,2,1,1,0.26,0.303,0.56,0,0,7,7
9889,2012-02-22,1,1,2,1,0,3,1,1,0.32,0.3333,0.7,0.1343,3,4,7
9913,2012-02-23,1,1,2,1,0,4,1,2,0.44,0.4394,0.58,0.2836,3,12,15
9937,2012-02-24,1,1,2,1,0,5,1,1,0.44,0.4394,0.62,0.194,3,15,18
9961,2012-02-25,1,1,2,1,0,6,0,1,0.34,0.303,0.42,0.3582,4,42,46
9985,2012-02-26,1,1,2,1,0,0,0,1,0.24,0.2121,0.44,0.3284,5,50,55
10009,2012-02-27,1,1,2,1,0,1,1,1,0.26,0.2576,0.65,0.2239,0,6,6
10033,2012-02-28,1,1,2,1,0,2,1,1,0.38,0.3939,0.62,0.1642,0,6,6
10057,2012-02-29,1,1,2,1,0,3,1,1,0.32,0.3333,0.49,0.1045,0,6,6
10080,2012-03-01,1,1,3,1,0,4,1,3,0.46,0.4545,0.94,0.1045,0,12,12
10104,2012-03-02,1,1,3,1,0,5,1,1,0.34,0.3182,0.49,0.2239,2,18,20
10128,2012-03-03,1,1,3,1,0,6,0,3,0.36,0.3788,0.93,0,0,44,44
10152,2012-03-04,1,1,3,1,0,0,0,2,0.38,0.3939,0.34,0.194,16,60,76
10176,2012-03-05,1,1,3,1,0,1,1,1,0.24,0.2424,0.48,0.1343,3,3,6
10200,2012-03-06,1,1,3,1,0,2,1,1,0.2,0.197,0.44,0.2537,0,6,6
10224,2012-03-07,1,1,3,1,0,3,1,1,0.3,0.2727,0.61,0.2985,1,4,5
10248,2012-03-08,1,1,3,1,0,4,1,1,0.46,0.4545,0.63,0.3284,4,17,21
10272,2012-03-09,1,1,3,1,0,5,1,3,0.56,0.5303,0.52,0.4925,4,22,26
10296,2012-03-10,1,1,3,1,0,6,0,1,0.3,0.2879,0.36,0.2537,1,50,51
10320,2012-03-11,1,1,3,1,0,0,0,1,0.24,0.2424,0.52,0.1642,4,57,61
10343,2012-03-12,1,1,3,1,0,1,1,1,0.38,0.3939,0.5,0.1343,1,9,10
10367,2012-03-13,1,1,3,1,0,2,1,2,0.52,0.5,0.59,0.2239,2,14,16
10391,2012-03-14,1,1,3,1,0,3,1,1,0.52,0.5,0.63,0.0896,2,25,27
10415,2012-03-15,1,1,3,1,0,4,1,1,0.5,0.4848,0.59,0.1045,15,8,23
10439,2012-03-16,1,1,3,1,0,5,1,2,0.42,0.4242,0.82,0.3284,4,22,26
10463,2012-03-17,1,1,3,1,0,6,0,2,0.44,0.4394,0.94,0,12,57,69
10487,2012-03-18,1,1,3,1,0,0,0,1,0.46,0.4545,0.82,0.1343,25,88,113
10511,2012-03-19,1,1,3,1,0,1,1,1,0.46,0.4545,0.88,0.1045,0,15,15
10535,2012-03-20,1,1,3,1,0,2,1,1,0.54,0.5152,0.88,0,6,9,15
10559,2012-03-21,2,1,3,1,0,3,1,1,0.52,0.5,0.83,0.0896,4,22,26
10583,2012-03-22,2,1,3,1,0,4,1,1,0.52,0.5,0.83,0.0896,14,16,30
10607,2012-03-23,2,1,3,1,0,5,1,1,0.54,0.5152,0.88,0,18,32,50
10631,2012-03-24,2,1,3,1,0,6,0,1,0.56,0.5303,0.73,0.0896,20,108,128
10655,2012-03-25,2,1,3,1,0,0,0,2,0.42,0.4242,1,0.2537,24,65,89
10679,2012-03-26,2,1,3,1,0,1,1,1,0.48,0.4697,0.82,0.2537,18,10,28
10703,2012-03-27,2,1,3,1,0,2,1,1,0.3,0.2727,0.26,0.4627,1,4,5
10727,2012-03-28,2,1,3,1,0,3,1,1,0.36,0.3333,0.46,0.2985,0,8,8
10751,2012-03-29,2,1,3,1,0,4,1,1,0.56,0.5303,0.6,0.1343,15,18,33
10775,2012-03-30,2,1,3,1,0,5,1,1,0.38,0.3939,0.5,0.2836,6,21,27
10799,2012-03-31,2,1,3,1,0,6,0,2,0.4,0.4091,0.76,0.194,17,65,82
10823,2012-04-01,2,1,4,1,0,0,0,2,0.36,0.3485,0.76,0.1642,13,49,62
10847,2012-04-02,2,1,4,1,0,1,1,3,0.42,0.4242,0.88,0.0896,0,5,5
10870,2012-04-03,2,1,4,1,0,2,1,1,0.38,0.3939,0.46,0.2239,0,11,11
10894,2012-04-04,2,1,4,1,0,3,1,1,0.46,0.4545,0.59,0,0,11,11
10918,2012-04-05,2,1,4,1,0,4,1,1,0.48,0.4697,0.27,0.3284,4,9,13
10942,2012-04-06,2,1,4,1,0,5,1,1,0.36,0.3485,0.62,0.1343,10,28,38
10966,2012-04-07,2,1,4,1,0,6,0,1,0.4,0.4091,0.28,0.2537,9,60,69
10990,2012-04-08,2,1,4,1,0,0,0,1,0.44,0.4394,0.24,0.2239,14,50,64
11014,2012-04-09,2,1,4,1,0,1,1,1,0.46,0.4545,0.41,0.1343,4,12,16
11038,2012-04-10,2,1,4,1,0,2,1,1,0.42,0.4242,0.5,0.2239,0,9,9
11062,2012-04-11,2,1,4,1,0,3,1,1,0.34,0.3182,0.39,0.2836,3,9,12
11085,2012-04-12,2,1,4,1,0,4,1,1,0.32,0.303,0.66,0.2239,2,7,9
11109,2012-04-13,2,1,4,1,0,5,1,1,0.36,0.3485,0.46,0.194,2,28,30
11133,2012-04-14,2,1,4,1,0,6,0,1,0.4,0.4091,0.58,0.1343,10,60,70
11157,2012-04-15,2,1,4,1,0,0,0,2,0.54,0.5152,0.56,0.1642,17,89,106
11181,2012-04-16,2,1,4,1,1,1,0,1,0.62,0.6061,0.61,0.3582,7,21,28
11205,2012-04-17,2,1,4,1,0,2,1,1,0.64,0.6212,0.57,0.1642,6,5,11
11229,2012-04-18,2,1,4,1,0,3,1,1,0.52,0.5,0.34,0.194,1,13,14
11253,2012-04-19,2,1,4,1,0,4,1,3,0.42,0.4242,0.77,0.1045,2,11,13
11277,2012-04-20,2,1,4,1,0,5,1,1,0.46,0.4545,0.82,0.194,3,22,25
11301,2012-04-21,2,1,4,1,0,6,0,1,0.52,0.5,0.77,0.2239,24,64,88
11325,2012-04-22,2,1,4,1,0,0,0,2,0.46,0.4545,0.82,0.3284,10,63,73
11349,2012-04-23,2,1,4,1,0,1,1,3,0.34,0.303,0.87,0.3582,1,1,2
11373,2012-04-24,2,1,4,1,0,2,1,2,0.32,0.3333,0.81,0.1343,1,6,7
11397,2012-04-25,2,1,4,1,0,3,1,1,0.42,0.4242,0.41,0,8,17,25
11421,2012-04-26,2,1,4,1,0,4,1,2,0.48,0.4697,0.48,0.0896,1,22,23
11445,2012-04-27,2,1,4,1,0,5,1,1,0.5,0.4848,0.59,0.4478,3,32,35
11469,2012-04-28,2,1,4,1,0,6,0,1,0.36,0.3333,0.5,0.2985,7,60,67
11493,2012-04-29,2,1,4,1,0,0,0,2,0.36,0.3485,0.81,0.1343,5,37,42
11517,2012-04-30,2,1,4,1,0,1,1,1,0.42,0.4242,0.77,0.0896,9,15,24
11541,2012-05-01,2,1,5,1,0,2,1,2,0.5,0.4848,0.63,0.1343,0,21,21
11565,2012-05-02,2,1,5,1,0,3,1,1,0.56,0.5303,0.83,0,8,7,15
11589,2012-05-03,2,1,5,1,0,4,1,2,0.46,0.4545,0.88,0.1045,9,15,24
11613,2012-05-04,2,1,5,1,0,5,1,1,0.6,0.5758,0.78,0.1045,15,33,48
11637,2012-05-05,2,1,5,1,0,6,0,1,0.6,0.5606,0.83,0,28,79,107
11661,2012-05-06,2,1,5,1,0,0,0,2,0.54,0.5152,0.83,0.2239,37,84,121
11685,2012-05-07,2,1,5,1,0,1,1,2,0.52,0.5,0.77,0.194,1,8,9
11709,2012-05-08,2,1,5,1,0,2,1,2,0.52,0.5,0.59,0.2239,6,3,9
11733,2012-05-09,2,1,5,1,0,3,1,2,0.6,0.5758,0.78,0.2537,3,11,14
11757,2012-05-10,2,1,5,1,0,4,1,2,0.48,0.4697,0.88,0.1343,2,9,11
11781,2012-05-11,2,1,5,1,0,5,1,1,0.46,0.4545,0.51,0.1343,14,32,46
11805,2012-05-12,2,1,5,1,0,6,0,1,0.5,0.4848,0.48,0,14,79,93
11829,2012-05-13,2,1,5,1,0,0,0,2,0.54,0.5152,0.68,0.1343,22,72,94
11853,2012-05-14,2,1,5,1,0,1,1,2,0.6,0.6061,0.6,0.2836,5,6,11
11877,2012-05-15,2,1,5,1,0,2,1,3,0.56,0.5303,0.88,0.1343,5,14,19
11901,2012-05-16,2,1,5,1,0,3,1,2,0.58,0.5455,0.88,0.1343,7,14,21
11925,2012-05-17,2,1,5,1,0,4,1,1,0.6,0.5606,0.83,0.1642,12,16,28
11949,2012-05-18,2,1,5,1,0,5,1,1,0.5,0.4848,0.59,0.0896,16,33,49
11973,2012-05-19,2,1,5,1,0,6,0,1,0.5,0.4848,0.48,0,20,84,104
11997,2012-05-20,2,1,5,1,0,0,0,1,0.56,0.5303,0.52,0,28,102,130
12021,2012-05-21,2,1,5,1,0,1,1,3,0.58,0.5455,0.88,0.3582,4,11,15
12045,2012-05-22,2,1,5,1,0,2,1,2,0.58,0.5455,0.83,0.1343,11,16,27
12069,2012-05-23,2,1,5,1,0,3,1,1,0.6,0.5606,0.83,0.1642,23,9,32
12093,2012-05-24,2,1,5,1,0,4,1,1,0.6,0.5455,0.88,0.0896,9,21,30
12117,2012-05-25,2,1,5,1,0,5,1,1,0.62,0.5758,0.83,0.0896,8,34,42
12141,2012-05-26,2,1,5,1,0,6,0,1,0.64,0.5758,0.83,0.1343,18,64,82
12165,2012-05-27,2,1,5,1,0,0,0,1,0.66,0.6212,0.74,0.2239,17,61,78
12189,2012-05-28,2,1,5,1,1,1,0,2,0.62,0.5909,0.78,0.2985,14,45,59
12213,2012-05-29,2,1,5,1,0,2,1,1,0.7,0.6667,0.79,0.194,1,13,14
12237,2012-05-30,2,1,5,1,0,3,1,3,0.64,0.5758,0.89,0.194,0,4,4
12261,2012-05-31,2,1,5,1,0,4,1,1,0.64,0.6061,0.69,0.0896,4,22,26
12285,2012-06-01,2,1,6,1,0,5,1,1,0.64,0.6212,0.53,0.2239,0,34,34
12309,2012-06-02,2,1,6,1,0,6,0,2,0.56,0.5303,0.83,0.1045,15,61,76
12333,2012-06-03,2,1,6,1,0,0,0,1,0.54,0.5152,0.56,0.1343,21,100,121
12357,2012-06-04,2,1,6,1,0,1,1,3,0.56,0.5303,0.6,0.1642,4,10,14
12381,2012-06-05,2,1,6,1,0,2,1,2,0.52,0.5,0.77,0.3284,2,18,20
12405,2012-06-06,2,1,6,1,0,3,1,1,0.52,0.5,0.68,0,6,21,27
12429,2012-06-07,2,1,6,1,0,4,1,1,0.52,0.5,0.77,0.1642,5,17,22
12453,2012-06-08,2,1,6,1,0,5,1,1,0.56,0.5303,0.56,0.1642,4,25,29
12477,2012-06-09,2,1,6,1,0,6,0,1,0.64,0.6212,0.53,0.0896,34,89,123
12501,2012-06-10,2,1,6,1,0,0,0,1,0.64,0.6061,0.73,0.1343,32,84,116
12525,2012-06-11,2,1,6,1,0,1,1,1,0.66,0.6212,0.74,0.1642,9,15,24
12549,2012-06-12,2,1,6,1,0,2,1,2,0.68,0.6364,0.65,0.1642,5,11,16
12573,2012-06-13,2,1,6,1,0,3,1,1,0.64,0.5909,0.78,0,7,21,28
12597,2012-06-14,2,1,6,1,0,4,1,1,0.6,0.6212,0.56,0.2239,4,17,21
12621,2012-06-15,2,1,6,1,0,5,1,1,0.58,0.5455,0.78,0.194,9,42,51
12645,2012-06-16,2,1,6,1,0,6,0,1,0.56,0.5303,0.56,0,16,79,95
12669,2012-06-17,2,1,6,1,0,0,0,1,0.56,0.5303,0.6,0.1642,21,67,88
12693,2012-06-18,2,1,6,1,0,1,1,1,0.54,0.5152,0.77,0.2239,9,5,14
12717,2012-06-19,2,1,6,1,0,2,1,2,0.6,0.5758,0.78,0.1642,1,13,14
12741,2012-06-20,2,1,6,1,0,3,1,1,0.68,0.6364,0.79,0.194,7,20,27
12765,2012-06-21,3,1,6,1,0,4,1,1,0.72,0.697,0.79,0.1343,2,16,18
12789,2012-06-22,3,1,6,1,0,5,1,1,0.76,0.7424,0.75,0.1642,3,28,31
12813,2012-06-23,3,1,6,1,0,6,0,1,0.66,0.6061,0.78,0.1343,16,107,123
12837,2012-06-24,3,1,6,1,0,0,0,2,0.68,0.6364,0.54,0.0896,39,88,127
12861,2012-06-25,3,1,6,1,0,1,1,1,0.7,0.6515,0.65,0.2239,11,20,31
12885,2012-06-26,3,1,6,1,0,2,1,1,0.6,0.6212,0.35,0.3881,11,19,30
12909,2012-06-27,3,1,6,1,0,3,1,1,0.6,0.6212,0.43,0.1642,5,18,23
12933,2012-06-28,3,1,6,1,0,4,1,1,0.66,0.6212,0.54,0,11,14,25
12957,2012-06-29,3,1,6,1,0,5,1,1,0.74,0.6667,0.51,0.1642,9,33,42
12981,2012-06-30,3,1,6,1,0,6,0,3,0.64,0.5758,0.89,0.2239,3,55,58
13005,2012-07-01,3,1,7,1,0,0,0,1,0.74,0.697,0.7,0.1343,12,81,93
13029,2012-07-02,3,1,7,1,0,1,1,2,0.76,0.7121,0.58,0.194,3,14,17
13053,2012-07-03,3,1,7,1,0,2,1,1,0.72,0.6667,0.58,0,5,9,14
13077,2012-07-04,3,1,7,1,1,3,0,1,0.68,0.6364,0.74,0,27,96,123
13101,2012-07-05,3,1,7,1,0,4,1,1,0.74,0.6667,0.51,0.2836,6,24,30
13125,2012-07-06,3,1,7,1,0,5,1,1,0.78,0.7273,0.55,0.2239,7,22,29
13149,2012-07-07,3,1,7,1,0,6,0,1,0.76,0.7273,0.7,0.1642,16,55,71
13173,2012-07-08,3,1,7,1,0,0,0,1,0.82,0.7879,0.56,0.1045,25,99,124
13197,2012-07-09,3,1,7,1,0,1,1,3,0.7,0.6667,0.89,0.1045,5,13,18
13221,2012-07-10,3,1,7,1,0,2,1,1,0.7,0.6667,0.74,0.1343,0,15,15
13245,2012-07-11,3,1,7,1,0,3,1,1,0.64,0.5758,0.89,0,3,11,14
13269,2012-07-12,3,1,7,1,0,4,1,2,0.66,0.6212,0.61,0,0,21,21
13293,2012-07-13,3,1,7,1,0,5,1,2,0.68,0.6364,0.54,0.1045,17,42,59
13317,2012-07-14,3,1,7,1,0,6,0,2,0.7,0.6515,0.51,0.1045,13,105,118
13341,2012-07-15,3,1,7,1,0,0,0,2,0.68,0.6364,0.89,0.1343,49,119,168
13365,2012-07-16,3,1,7,1,0,1,1,2,0.7,0.6667,0.74,0.194,1,10,11
13389,2012-07-17,3,1,7,1,0,2,1,1,0.74,0.697,0.7,0,4,21,25
13413,2012-07-18,3,1,7,1,0,3,1,1,0.76,0.7273,0.66,0.1045,2,14,16
13437,2012-07-19,3,1,7,1,0,4,1,1,0.74,0.697,0.66,0.0896,6,19,25
13461,2012-07-20,3,1,7,1,0,5,1,1,0.66,0.5909,0.89,0.1343,2,9,11
13485,2012-07-21,3,1,7,1,0,6,0,2,0.62,0.5758,0.83,0.2537,10,62,72
13509,2012-07-22,3,1,7,1,0,0,0,2,0.6,0.5455,0.88,0.1642,31,99,130
13533,2012-07-23,3,1,7,1,0,1,1,1,0.66,0.5909,0.89,0.194,7,20,27
13557,2012-07-24,3,1,7,1,0,2,1,1,0.68,0.6364,0.79,0.1642,7,10,17
13581,2012-07-25,3,1,7,1,0,3,1,1,0.7,0.6515,0.58,0.194,2,26,28
13605,2012-07-26,3,1,7,1,0,4,1,1,0.66,0.6212,0.65,0.2239,6,23,29
13629,2012-07-27,3,1,7,1,0,5,1,1,0.72,0.6818,0.7,0.1045,12,42,54
13653,2012-07-28,3,1,7,1,0,6,0,1,0.72,0.6818,0.7,0.0896,11,69,80
13677,2012-07-29,3,1,7,1,0,0,0,1,0.66,0.6061,0.83,0.1045,49,109,158
13701,2012-07-30,3,1,7,1,0,1,1,1,0.7,0.6667,0.74,0,4,15,19
13725,2012-07-31,3,1,7,1,0,2,1,1,0.66,0.6061,0.83,0.1343,3,18,21
13749,2012-08-01,3,1,8,1,0,3,1,1,0.66,0.6061,0.83,0.0896,5,28,33
13773,2012-08-02,3,1,8,1,0,4,1,1,0.68,0.6364,0.79,0.1045,6,36,42
13797,2012-08-03,3,1,8,1,0,5,1,1,0.7,0.6667,0.74,0.194,11,32,43
13821,2012-08-04,3,1,8,1,0,6,0,1,0.72,0.7121,0.84,0.194,23,99,122
13845,2012-08-05,3,1,8,1,0,0,0,1,0.74,0.697,0.7,0.2537,8,79,87
13869,2012-08-06,3,1,8,1,0,1,1,1,0.72,0.697,0.79,0.0896,1,10,11
13893,2012-08-07,3,1,8,1,0,2,1,1,0.7,0.6667,0.84,0.1343,2,16,18
13917,2012-08-08,3,1,8,1,0,3,1,1,0.72,0.697,0.79,0,3,20,23
13941,2012-08-09,3,1,8,1,0,4,1,1,0.7,0.6667,0.79,0.1343,5,23,28
13965,2012-08-10,3,1,8,1,0,5,1,1,0.7,0.6515,0.65,0.1045,6,35,41
13989,2012-08-11,3,1,8,1,0,6,0,1,0.66,0.6212,0.74,0.2239,32,84,116
14013,2012-08-12,3,1,8,1,0,0,0,1,0.62,0.5909,0.78,0.1343,21,92,113
14037,2012-08-13,3,1,8,1,0,1,1,1,0.66,0.6212,0.65,0.0896,3,11,14
14061,2012-08-14,3,1,8,1,0,2,1,1,0.68,0.6364,0.79,0.2537,8,19,27
14085,2012-08-15,3,1,8,1,0,3,1,1,0.7,0.6515,0.61,0,6,31,37
14109,2012-08-16,3,1,8,1,0,4,1,1,0.64,0.6061,0.73,0,3,18,21
14133,2012-08-17,3,1,8,1,0,5,1,1,0.66,0.2424,0.65,0.1045,16,38,54
14157,2012-08-18,3,1,8,1,0,6,0,3,0.62,0.5455,0.94,0.1642,14,78,92
14181,2012-08-19,3,1,8,1,0,0,0,1,0.64,0.6061,0.65,0,29,102,131
14205,2012-08-20,3,1,8,1,0,1,1,1,0.6,0.5606,0.83,0.1642,0,10,10
14229,2012-08-21,3,1,8,1,0,2,1,2,0.6,0.5606,0.83,0.1343,11,22,33
14253,2012-08-22,3,1,8,1,0,3,1,1,0.62,0.5909,0.78,0,1,20,21
14277,2012-08-23,3,1,8,1,0,4,1,1,0.62,0.5758,0.83,0,10,15,25
14301,2012-08-24,3,1,8,1,0,5,1,2,0.64,0.6061,0.73,0,5,37,42
14325,2012-08-25,3,1,8,1,0,6,0,2,0.68,0.6364,0.69,0,15,100,115
14349,2012-08-26,3,1,8,1,0,0,0,1,0.64,0.5758,0.89,0.194,18,116,134
14373,2012-08-27,3,1,8,1,0,1,1,1,0.62,0.5606,0.88,0.0896,3,4,7
14397,2012-08-28,3,1,8,1,0,2,1,1,0.68,0.6364,0.89,0.194,4,17,21
14421,2012-08-29,3,1,8,1,0,3,1,1,0.64,0.6061,0.69,0.1343,2,12,14
14445,2012-08-30,3,1,8,1,0,4,1,1,0.64,0.6061,0.65,0,6,17,23
14469,2012-08-31,3,1,8,1,0,5,1,1,0.68,0.6364,0.83,0.1642,8,24,32
14493,2012-09-01,3,1,9,1,0,6,0,1,0.72,0.697,0.74,0.1343,11,68,79
14517,2012-09-02,3,1,9,1,0,0,0,1,0.66,0.5909,0.89,0,15,58,73
14541,2012-09-03,3,1,9,1,1,1,0,2,0.68,0.6364,0.89,0.1642,18,37,55
14565,2012-09-04,3,1,9,1,0,2,1,1,0.68,0.6364,0.82,0.1343,15,9,24
14589,2012-09-05,3,1,9,1,0,3,1,1,0.7,0.6667,0.84,0.194,2,11,13
14613,2012-09-06,3,1,9,1,0,4,1,2,0.7,0.6667,0.84,0,2,16,18
14637,2012-09-07,3,1,9,1,0,5,1,1,0.62,0.5606,0.88,0.1045,10,19,29
14661,2012-09-08,3,1,9,1,0,6,0,2,0.66,0.5909,0.89,0.2836,10,107,117
14685,2012-09-09,3,1,9,1,0,0,0,1,0.56,0.5303,0.73,0.2239,20,104,124
14709,2012-09-10,3,1,9,1,0,1,1,1,0.54,0.5152,0.6,0.194,7,11,18
14733,2012-09-11,3,1,9,1,0,2,1,1,0.5,0.4848,0.63,0,0,10,10
14757,2012-09-12,3,1,9,1,0,3,1,1,0.52,0.5,0.72,0.1045,2,19,21
14781,2012-09-13,3,1,9,1,0,4,1,1,0.54,0.5152,0.77,0.0896,6,22,28
14805,2012-09-14,3,1,9,1,0,5,1,1,0.56,0.5303,0.73,0.0896,6,35,41
14829,2012-09-15,3,1,9,1,0,6,0,1,0.6,0.5909,0.73,0,8,101,109
14853,2012-09-16,3,1,9,1,0,0,0,1,0.54,0.5152,0.64,0,35,82,117
14877,2012-09-17,3,1,9,1,0,1,1,1,0.52,0.5,0.72,0.0896,9,12,21
14901,2012-09-18,3,1,9,1,0,2,1,3,0.6,0.5152,0.94,0.194,0,5,5
14925,2012-09-19,3,1,9,1,0,3,1,2,0.54,0.5152,0.68,0.2537,0,12,12
14949,2012-09-20,3,1,9,1,0,4,1,1,0.46,0.4545,0.72,0.1045,4,14,18
14973,2012-09-21,3,1,9,1,0,5,1,1,0.52,0.5,0.72,0,11,38,49
14997,2012-09-22,3,1,9,1,0,6,0,1,0.58,0.5455,0.83,0.2985,18,106,124
15021,2012-09-23,4,1,9,1,0,0,0,1,0.54,0.5152,0.52,0.3582,23,119,142
15045,2012-09-24,4,1,9,1,0,1,1,1,0.46,0.4545,0.67,0.1343,6,12,18
15069,2012-09-25,4,1,9,1,0,2,1,1,0.44,0.4394,0.72,0.1343,2,11,13
15093,2012-09-26,4,1,9,1,0,3,1,1,0.58,0.5455,0.64,0.3284,10,19,29
15117,2012-09-27,4,1,9,1,0,4,1,1,0.6,0.5758,0.78,0.0896,5,16,21
15141,2012-09-28,4,1,9,1,0,5,1,3,0.6,0.5455,0.88,0,0,13,13
15165,2012-09-29,4,1,9,1,0,6,0,1,0.54,0.5152,0.6,0.2239,12,89,101
15189,2012-09-30,4,1,9,1,0,0,0,1,0.5,0.4848,0.59,0,31,85,116
15213,2012-10-01,4,1,10,1,0,1,1,1,0.44,0.4394,0.77,0.0896,5,13,18
15237,2012-10-02,4,1,10,1,0,2,1,2,0.54,0.5152,0.77,0.1045,0,11,11
15261,2012-10-03,4,1,10,1,0,3,1,2,0.62,0.5455,0.94,0,3,16,19
15285,2012-10-04,4,1,10,1,0,4,1,2,0.62,0.5455,0.94,0,2,23,25
15309,2012-10-05,4,1,10,1,0,5,1,1,0.54,0.5152,0.68,0.1045,3,43,46
15333,2012-10-06,4,1,10,1,0,6,0,1,0.56,0.5303,0.83,0.2537,25,116,141
15357,2012-10-07,4,1,10,1,0,0,0,1,0.44,0.4394,0.54,0.2239,29,80,109
15381,2012-10-08,4,1,10,1,1,1,0,1,0.34,0.3333,0.87,0.1642,2,35,37
15405,2012-10-09,4,1,10,1,0,2,1,3,0.36,0.3485,0.87,0.2239,0,13,13
15429,2012-10-10,4,1,10,1,0,3,1,2,0.46,0.4545,0.88,0,2,6,8
15453,2012-10-11,4,1,10,1,0,4,1,1,0.44,0.4394,0.47,0.194,1,10,11
15477,2012-10-12,4,1,10,1,0,5,1,1,0.4,0.4091,0.66,0.0896,8,29,37
15501,2012-10-13,4,1,10,1,0,6,0,1,0.34,0.3333,0.53,0.1343,23,123,146
15525,2012-10-14,4,1,10,1,0,0,0,1,0.42,0.4242,0.77,0.2836,16,96,112
15549,2012-10-15,4,1,10,1,0,1,1,2,0.58,0.5455,0.64,0.3881,5,24,29
15573,2012-10-16,4,1,10,1,0,2,1,1,0.44,0.4394,0.67,0.194,4,9,13
15597,2012-10-17,4,1,10,1,0,3,1,1,0.38,0.3939,0.76,0,3,14,17
15621,2012-10-18,4,1,10,1,0,4,1,1,0.46,0.4545,0.82,0.2239,0,14,14
15645,2012-10-19,4,1,10,1,0,5,1,3,0.54,0.5152,0.88,0,4,12,16
15669,2012-10-20,4,1,10,1,0,6,0,1,0.46,0.4545,0.72,0.1343,2,93,95
15693,2012-10-21,4,1,10,1,0,0,0,1,0.42,0.4242,0.58,0.2239,20,97,117
15717,2012-10-22,4,1,10,1,0,1,1,1,0.4,0.4091,0.71,0,0,11,11
15741,2012-10-23,4,1,10,1,0,2,1,1,0.46,0.4545,0.77,0.1642,1,16,17
15765,2012-10-24,4,1,10,1,0,3,1,1,0.54,0.5152,0.68,0,4,23,27
15789,2012-10-25,4,1,10,1,0,4,1,1,0.58,0.5455,0.68,0,6,22,28
15813,2012-10-26,4,1,10,1,0,5,1,2,0.52,0.5,0.88,0.0896,4,32,36
15837,2012-10-27,4,1,10,1,0,6,0,2,0.5,0.4848,0.88,0.1343,23,123,146
15861,2012-10-28,4,1,10,1,0,0,0,2,0.5,0.4848,0.72,0.2836,22,111,133
15897,2012-10-31,4,1,10,1,0,3,1,2,0.3,0.3182,0.81,0.0896,0,8,8
15921,2012-11-01,4,1,11,1,0,4,1,1,0.3,0.3182,0.75,0.1045,8,22,30
15945,2012-11-02,4,1,11,1,0,5,1,1,0.32,0.3182,0.66,0.1642,5,19,24
15969,2012-11-03,4,1,11,1,0,6,0,2,0.34,0.303,0.49,0.3284,6,83,89
15993,2012-11-04,4,1,11,1,0,0,0,1,0.26,0.2879,0.81,0.0896,26,139,165
16017,2012-11-05,4,1,11,1,0,1,1,2,0.3,0.303,0.56,0.1642,0,8,8
16041,2012-11-06,4,1,11,1,0,2,1,1,0.24,0.2424,0.6,0.1642,0,8,8
16065,2012-11-07,4,1,11,1,0,3,1,2,0.28,0.2727,0.61,0.2537,6,86,92
16089,2012-11-08,4,1,11,1,0,4,1,3,0.3,0.2727,0.52,0.3582,1,11,12
16112,2012-11-09,4,1,11,1,0,5,1,1,0.32,0.303,0.53,0.2836,3,17,20
16136,2012-11-10,4,1,11,1,0,6,0,1,0.3,0.3182,0.81,0.0896,8,68,76
16160,2012-11-11,4,1,11,1,0,0,0,1,0.34,0.3485,0.76,0.0896,26,82,108
16184,2012-11-12,4,1,11,1,1,1,0,1,0.4,0.4091,0.76,0.1642,4,26,30
16208,2012-11-13,4,1,11,1,0,2,1,3,0.44,0.4394,0.88,0.6418,0,5,5
16232,2012-11-14,4,1,11,1,0,3,1,1,0.24,0.2121,0.6,0.2985,2,10,12
16256,2012-11-15,4,1,11,1,0,4,1,2,0.26,0.2727,0.65,0.1045,2,14,16
16280,2012-11-16,4,1,11,1,0,5,1,2,0.3,0.3182,0.65,0.0896,5,16,21
16304,2012-11-17,4,1,11,1,0,6,0,1,0.26,0.2576,0.6,0.194,13,74,87
16328,2012-11-18,4,1,11,1,0,0,0,1,0.3,0.2879,0.7,0.194,14,81,95
16352,2012-11-19,4,1,11,1,0,1,1,2,0.36,0.3485,0.66,0.2239,0,19,19
16376,2012-11-20,4,1,11,1,0,2,1,1,0.34,0.3485,0.66,0.1045,3,10,13
16400,2012-11-21,4,1,11,1,0,3,1,1,0.32,0.3333,0.81,0.1045,1,13,14
16424,2012-11-22,4,1,11,1,1,4,0,1,0.28,0.303,0.65,0.0896,5,37,42
16448,2012-11-23,4,1,11,1,0,5,1,1,0.28,0.303,0.81,0.0896,2,11,13
16472,2012-11-24,4,1,11,1,0,6,0,1,0.34,0.2879,0.42,0.4925,1,19,20
16496,2012-11-25,4,1,11,1,0,0,0,1,0.22,0.2273,0.44,0.194,4,32,36
16520,2012-11-26,4,1,11,1,0,1,1,1,0.2,0.2576,0.69,0,1,9,10
16544,2012-11-27,4,1,11,1,0,2,1,2,0.32,0.3333,0.7,0.1343,0,6,6
16568,2012-11-28,4,1,11,1,0,3,1,2,0.26,0.2576,0.75,0.2239,0,12,12
16592,2012-11-29,4,1,11,1,0,4,1,1,0.22,0.2576,0.64,0.0896,1,15,16
16615,2012-11-30,4,1,11,1,0,5,1,1,0.24,0.2576,0.7,0.0896,2,17,19
16639,2012-12-01,4,1,12,1,0,6,0,1,0.26,0.303,0.81,0,5,64,69
16663,2012-12-02,4,1,12,1,0,0,0,2,0.3,0.3182,0.87,0.0896,10,84,94
16687,2012-12-03,4,1,12,1,0,1,1,1,0.4,0.4091,0.82,0.1343,2,11,13
16711,2012-12-04,4,1,12,1,0,2,1,1,0.42,0.4242,0.82,0.1045,3,22,25
16735,2012-12-05,4,1,12,1,0,3,1,1,0.52,0.5,0.55,0.3284,0,11,11
16759,2012-12-06,4,1,12,1,0,4,1,1,0.26,0.2424,0.48,0.2836,0,16,16
16783,2012-12-07,4,1,12,1,0,5,1,2,0.24,0.2273,0.7,0.194,2,26,28
16807,2012-12-08,4,1,12,1,0,6,0,2,0.36,0.3485,0.93,0.1343,16,84,100
16831,2012-12-09,4,1,12,1,0,0,0,2,0.4,0.4091,0.87,0.1045,17,85,102
16855,2012-12-10,4,1,12,1,0,1,1,2,0.36,0.3788,1,0,0,4,4
16879,2012-12-11,4,1,12,1,0,2,1,1,0.42,0.4242,0.71,0.4478,1,7,8
16903,2012-12-12,4,1,12,1,0,3,1,1,0.28,0.2727,0.61,0.2239,3,18,21
16927,2012-12-13,4,1,12,1,0,4,1,2,0.28,0.2576,0.52,0.2836,4,19,23
16951,2012-12-14,4,1,12,1,0,5,1,1,0.22,0.2576,0.69,0.0896,0,26,26
16975,2012-12-15,4,1,12,1,0,6,0,2,0.26,0.2879,0.81,0.0896,9,86,95
16999,2012-12-16,4,1,12,1,0,0,0,3,0.34,0.3485,0.76,0.1045,14,82,96
17023,2012-12-17,4,1,12,1,0,1,1,2,0.38,0.3939,0.87,0.1045,1,14,15
17047,2012-12-18,4,1,12,1,0,2,1,2,0.44,0.4394,0.94,0.1343,0,15,15
17071,2012-12-19,4,1,12,1,0,3,1,1,0.3,0.3182,0.65,0.0896,1,14,15
17095,2012-12-20,4,1,12,1,0,4,1,1,0.32,0.3485,0.66,0,1,19,20
17119,2012-12-21,1,1,12,1,0,5,1,3,0.44,0.4394,0.88,0.3881,2,7,9
17143,2012-12-22,1,1,12,1,0,6,0,1,0.26,0.2121,0.44,0.4478,1,34,35
17167,2012-12-23,1,1,12,1,0,0,0,1,0.22,0.2273,0.47,0.194,1,19,20
17191,2012-12-24,1,1,12,1,0,1,1,1,0.22,0.2727,0.69,0,0,11,11
17214,2012-12-25,1,1,12,1,1,2,0,2,0.26,0.2576,0.87,0.1642,0,13,13
17237,2012-12-26,1,1,12,1,0,3,1,2,0.26,0.2273,0.65,0.2985,0,7,7
17261,2012-12-27,1,1,12,1,0,4,1,3,0.24,0.197,0.93,0.4478,0,5,5
17285,2012-12-28,1,1,12,1,0,5,1,1,0.24,0.2273,0.6,0.194,0,9,9
17309,2012-12-29,1,1,12,1,0,6,0,2,0.24,0.2424,0.75,0.0896,6,31,37
17333,2012-12-30,1,1,12,1,0,0,0,2,0.26,0.2273,0.56,0.4179,1,27,28
17357,2012-12-31,1,1,12,1,0,1,1,1,0.18,0.1818,0.55,0.194,6,13,19
