3,2011-01-01,1,0,1,2,0,6,0,1,0.22,0.2727,0.8,0,5,27,32
27,2011-01-02,1,0,1,2,0,0,0,2,0.42,0.4242,1,0.2836,1,8,9
72,2011-01-04,1,0,1,2,0,2,1,1,0.14,0.1515,0.63,0.1343,0,1,1
95,2011-01-05,1,0,1,2,0,3,1,1,0.16,0.197,0.74,0.0896,0,2,2
118,2011-01-06,1,0,1,2,0,4,1,1,0.16,0.2273,0.64,0,0,2,2
141,2011-01-07,1,0,1,2,0,5,1,2,0.2,0.197,0.69,0.2239,0,1,1
164,2011-01-08,1,0,1,2,0,6,0,2,0.18,0.2424,0.55,0,3,13,16
188,2011-01-09,1,0,1,2,0,0,0,1,0.1,0.0606,0.46,0.4627,0,11,11
212,2011-01-10,1,0,1,2,0,1,1,1,0.12,0.1212,0.5,0.2239,0,3,3
236,2011-01-11,1,0,1,2,0,2,1,2,0.16,0.1515,0.55,0.194,0,3,3
258,2011-01-12,1,0,1,2,0,3,1,1,0.14,0.1515,0.86,0.1343,0,1,1
280,2011-01-13,1,0,1,2,0,4,1,1,0.14,0.1212,0.5,0.3582,0,2,2
304,2011-01-14,1,0,1,2,0,5,1,1,0.1,0.1212,0.54,0.1343,0,1,1
327,2011-01-15,1,0,1,2,0,6,0,2,0.16,0.197,0.59,0.0896,0,12,12
351,2011-01-16,1,0,1,2,0,0,0,1,0.26,0.2879,0.56,0.0896,3,13,16
375,2011-01-17,1,0,1,2,1,1,0,2,0.18,0.1667,0.43,0.2537,0,8,8
411,2011-01-19,1,0,1,2,0,3,1,3,0.22,0.2273,0.93,0.1343,0,3,3
434,2011-01-20,1,0,1,2,0,4,1,1,0.26,0.2727,0.56,0,0,2,2
458,2011-01-21,1,0,1,2,0,5,1,3,0.24,0.2424,0.75,0.1642,0,2,2
482,2011-01-22,1,0,1,2,0,6,0,2,0.04,0.0303,0.41,0.2537,0,11,11
505,2011-01-23,1,0,1,2,0,0,0,1,0.02,0.0606,0.62,0.1343,3,15,18
551,2011-01-25,1,0,1,2,0,2,1,1,0.16,0.1515,0.69,0.2239,0,2,2
574,2011-01-26,1,0,1,2,0,3,1,3,0.22,0.2273,0.69,0.194,3,7,10
598,2011-01-28,1,0,1,2,0,5,1,2,0.2,0.2121,0.75,0.1642,0,2,2
621,2011-01-29,1,0,1,2,0,6,0,1,0.22,0.2273,0.64,0.1642,0,15,15
644,2011-01-30,1,0,1,2,0,0,0,1,0.16,0.2273,0.8,0,1,10,11
667,2011-01-31,1,0,1,2,0,1,1,1,0.22,0.2273,0.64,0.194,0,1,1
691,2011-02-01,1,0,2,2,0,2,1,2,0.16,0.2273,0.69,0,0,2,2
714,2011-02-02,1,0,2,2,0,3,1,3,0.22,0.2273,0.93,0.1343,4,0,4
738,2011-02-03,1,0,2,2,0,4,1,1,0.18,0.1667,0.43,0.2537,0,2,2
761,2011-02-04,1,0,2,2,0,5,1,2,0.14,0.1667,0.63,0.1045,0,1,1
784,2011-02-05,1,0,2,2,0,6,0,2,0.24,0.2424,0.75,0.1642,5,12,17
808,2011-02-06,1,0,2,2,0,0,0,1,0.26,0.2273,0.6,0.3284,0,20,20
832,2011-02-07,1,0,2,2,0,1,1,1,0.2,0.2576,0.8,0,0,3,3
856,2011-02-08,1,0,2,2,0,2,1,2,0.26,0.2727,0.93,0.1045,1,1,2
880,2011-02-09,1,0,2,2,0,3,1,1,0.08,0.0758,0.38,0.2836,1,2,3
903,2011-02-10,1,0,2,2,0,4,1,3,0.14,0.1515,0.8,0.1343,0,3,3
926,2011-02-11,1,0,2,2,0,5,1,1,0.1,0.1364,0.54,0.0896,0,3,3
948,2011-02-12,1,0,2,2,0,6,0,1,0.14,0.2121,0.8,0,2,13,15
972,2011-02-13,1,0,2,2,0,0,0,2,0.2,0.2273,0.75,0.0896,1,19,20
995,2011-02-14,1,0,2,2,0,1,1,1,0.36,0.3333,0.4,0.2985,0,2,2
1019,2011-02-15,1,0,2,2,0,2,1,1,0.28,0.2273,0.41,0.6866,1,2,3
1065,2011-02-17,1,0,2,2,0,4,1,2,0.34,0.3182,0.53,0.2239,2,4,6
1089,2011-02-18,1,0,2,2,0,5,1,1,0.44,0.4394,0.72,0.2836,2,5,7
1113,2011-02-19,1,0,2,2,0,6,0,1,0.44,0.4394,0.13,0.3881,3,14,17
1137,2011-02-20,1,0,2,2,0,0,0,1,0.24,0.197,0.41,0.5522,0,17,17
1160,2011-02-21,1,0,2,2,1,1,0,2,0.34,0.303,0.42,0.3284,1,3,4
1202,2011-02-23,1,0,2,2,0,3,1,1,0.12,0.1515,0.5,0.1343,0,1,1
1225,2011-02-24,1,0,2,2,0,4,1,1,0.2,0.2273,0.64,0.0896,0,4,4
1248,2011-02-25,1,0,2,2,0,5,1,2,0.32,0.3485,1,0,0,3,3
1271,2011-02-26,1,0,2,2,0,6,0,1,0.22,0.197,0.6,0.3582,3,9,12
1295,2011-02-27,1,0,2,2,0,0,0,1,0.26,0.2727,0.87,0.1343,2,20,22
1340,2011-03-01,1,0,3,2,0,2,1,1,0.24,0.2121,0.65,0.3881,0,4,4
1364,2011-03-02,1,0,3,2,0,3,1,1,0.22,0.2273,0.69,0.194,0,2,2
1388,2011-03-03,1,0,3,2,0,4,1,1,0.2,0.1667,0.27,0.4627,1,2,3
1412,2011-03-04,1,0,3,2,0,5,1,2,0.18,0.1818,0.64,0.194,0,2,2
1436,2011-03-05,1,0,3,2,0,6,0,2,0.3,0.2879,0.87,0.194,5,15,20
1460,2011-03-06,1,0,3,2,0,0,0,2,0.4,0.4091,0.82,0.2836,5,27,32
1506,2011-03-08,1,0,3,2,0,2,1,1,0.24,0.2424,0.52,0.1343,1,0,1
1530,2011-03-09,1,0,3,2,0,3,1,1,0.26,0.2727,0.52,0.1343,1,1,2
1554,2011-03-10,1,0,3,2,0,4,1,3,0.34,0.3182,0,0.2537,0,1,1
1576,2011-03-11,1,0,3,2,0,5,1,3,0.34,0.3485,1,0.1045,2,3,5
1599,2011-03-12,1,0,3,2,0,6,0,1,0.24,0.2273,0.65,0.194,0,14,14
1646,2011-03-14,1,0,3,2,0,1,1,1,0.26,0.2879,0.65,0.0896,0,1,1
1669,2011-03-15,1,0,3,2,0,2,1,1,0.3,0.303,0.62,0.0896,1,2,3
1715,2011-03-17,1,0,3,2,0,4,1,1,0.34,0.303,0.71,0.2985,3,5,8
1739,2011-03-18,1,0,3,2,0,5,1,1,0.4,0.4091,0.62,0.194,5,9,14
1762,2011-03-19,1,0,3,2,0,6,0,2,0.56,0.5303,0.43,0.2239,5,20,25
1786,2011-03-20,1,0,3,2,0,0,0,1,0.3,0.2879,0.52,0.2836,6,24,30
1810,2011-03-21,2,0,3,2,0,1,1,2,0.34,0.303,0.71,0.3284,1,5,6
1833,2011-03-22,2,0,3,2,0,2,1,1,0.44,0.4394,0.94,0.0896,0,1,1
1857,2011-03-23,2,0,3,2,0,3,1,3,0.34,0.3182,0.76,0.2239,1,1,2
1880,2011-03-24,2,0,3,2,0,4,1,2,0.3,0.2879,1,0.2537,0,6,6
1904,2011-03-25,2,0,3,2,0,5,1,1,0.2,0.197,0.69,0.2239,0,5,5
1928,2011-03-26,2,0,3,2,0,6,0,1,0.22,0.2121,0.44,0.2239,4,21,25
1952,2011-03-27,2,0,3,2,0,0,0,3,0.22,0.2273,0.55,0.194,6,15,21
1975,2011-03-28,2,0,3,2,0,1,1,1,0.22,0.2273,0.44,0.1642,0,5,5
1998,2011-03-29,2,0,3,2,0,2,1,1,0.24,0.2121,0.32,0.2985,0,3,3
2022,2011-03-30,2,0,3,2,0,3,1,2,0.32,0.3485,0.57,0,0,4,4
2046,2011-03-31,2,0,3,2,0,4,1,3,0.24,0.2273,0.93,0.194,0,5,5
2070,2011-04-01,2,0,4,2,0,5,1,3,0.26,0.2576,0.93,0.194,0,7,7
2094,2011-04-02,2,0,4,2,0,6,0,1,0.24,0.2424,0.75,0.1343,1,20,21
2118,2011-04-03,2,0,4,2,0,0,0,1,0.26,0.2727,0.7,0.1343,5,19,24
2142,2011-04-04,2,0,4,2,0,1,1,1,0.38,0.3939,0.66,0.2537,1,1,2
2166,2011-04-05,2,0,4,2,0,2,1,2,0.54,0.5152,0.73,0.3284,0,5,5
2190,2011-04-06,2,0,4,2,0,3,1,1,0.24,0.2424,0.7,0.1343,0,5,5
2214,2011-04-07,2,0,4,2,0,4,1,1,0.42,0.4242,0.54,0,0,7,7
2238,2011-04-08,2,0,4,2,0,5,1,3,0.34,0.3333,0.76,0.1642,3,10,13
2262,2011-04-09,2,0,4,2,0,6,0,2,0.32,0.303,0.87,0.2239,2,15,17
2286,2011-04-10,2,0,4,2,0,0,0,2,0.38,0.3939,0.87,0.0896,12,24,36
2310,2011-04-11,2,0,4,2,0,1,1,1,0.46,0.4545,0.94,0.2836,7,2,9
2333,2011-04-12,2,0,4,2,0,2,1,2,0.6,0.6212,0.53,0.1343,7,7,14
2357,2011-04-13,2,0,4,2,0,3,1,3,0.4,0.4091,1,0.2985,0,2,2
2381,2011-04-14,2,0,4,2,0,4,1,1,0.36,0.3485,0.76,0.1343,0,3,3
2405,2011-04-15,2,0,4,2,1,5,0,1,0.4,0.4091,0.76,0,8,10,18
2429,2011-04-16,2,0,4,2,0,6,0,2,0.36,0.3485,0.87,0.1343,5,19,24
2453,2011-04-17,2,0,4,2,0,0,0,1,0.4,0.4091,0.62,0.194,4,25,29
2477,2011-04-18,2,0,4,2,0,1,1,1,0.42,0.4242,0.67,0.1045,14,2,16
2501,2011-04-19,2,0,4,2,0,2,1,1,0.46,0.4545,0.67,0.2836,8,5,13
2525,2011-04-20,2,0,4,2,0,3,1,1,0.42,0.4242,0.94,0.1642,0,2,2
2549,2011-04-21,2,0,4,2,0,4,1,1,0.5,0.4848,0.42,0.3881,3,10,13
2573,2011-04-22,2,0,4,2,0,5,1,1,0.36,0.3333,0.53,0.2985,2,7,9
2597,2011-04-23,2,0,4,2,0,6,0,3,0.32,0.3333,1,0.1343,3,14,17
2621,2011-04-24,2,0,4,2,0,0,0,1,0.5,0.4848,0.88,0.194,27,45,72
2645,2011-04-25,2,0,4,2,0,1,1,1,0.54,0.5152,1,0.0896,1,9,10
2669,2011-04-26,2,0,4,2,0,2,1,1,0.56,0.5303,0.83,0.3284,17,9,26
2693,2011-04-27,2,0,4,2,0,3,1,1,0.58,0.5455,0.88,0.2537,0,5,5
2717,2011-04-28,2,0,4,2,0,4,1,2,0.62,0.5758,0.83,0.4478,14,7,21
2741,2011-04-29,2,0,4,2,0,5,1,1,0.46,0.4545,0.63,0.1045,2,8,10
2765,2011-04-30,2,0,4,2,0,6,0,2,0.44,0.4394,0.54,0.2239,12,53,65
2789,2011-05-01,2,0,5,2,0,0,0,1,0.42,0.4242,0.77,0.1045,7,43,50
2813,2011-05-02,2,0,5,2,0,1,1,2,0.44,0.4394,0.77,0.2239,16,19,35
2837,2011-05-03,2,0,5,2,0,2,1,2,0.56,0.5303,0.78,0.2537,0,5,5
2861,2011-05-04,2,0,5,2,0,3,1,3,0.5,0.4848,0.82,0.2836,0,4,4
2885,2011-05-05,2,0,5,2,0,4,1,1,0.34,0.3182,0.66,0.2239,1,4,5
2909,2011-05-06,2,0,5,2,0,5,1,1,0.38,0.3939,0.62,0.1045,1,15,16
2933,2011-05-07,2,0,5,2,0,6,0,1,0.42,0.4242,0.82,0.0896,5,47,52
2957,2011-05-08,2,0,5,2,0,0,0,1,0.48,0.4697,0.63,0,17,42,59
2981,2011-05-09,2,0,5,2,0,1,1,1,0.44,0.4394,0.94,0,6,2,8
3005,2011-05-10,2,0,5,2,0,2,1,1,0.44,0.4394,0.58,0.1343,1,4,5
3029,2011-05-11,2,0,5,2,0,3,1,1,0.52,0.5,0.59,0,6,4,10
3053,2011-05-12,2,0,5,2,0,4,1,1,0.44,0.4394,0.94,0.194,1,14,15
3077,2011-05-13,2,0,5,2,0,5,1,2,0.5,0.4848,0.88,0.1343,3,8,11
3101,2011-05-14,2,0,5,2,0,6,0,2,0.5,0.4848,0.88,0.1343,15,37,52
3125,2011-05-15,2,0,5,2,0,0,0,2,0.52,0.5,1,0.1343,13,37,50
3149,2011-05-16,2,0,5,2,0,1,1,1,0.5,0.4848,1,0.0896,4,9,13
3173,2011-05-17,2,0,5,2,0,2,1,3,0.56,0.5303,0.88,0,4,4,8
3197,2011-05-18,2,0,5,2,0,3,1,3,0.52,0.5,0.94,0.2239,1,5,6
3221,2011-05-19,2,0,5,2,0,4,1,1,0.5,0.4848,0.94,0,3,12,15
3245,2011-05-20,2,0,5,2,0,5,1,1,0.44,0.4394,1,0.0896,4,4,8
3269,2011-05-21,2,0,5,2,0,6,0,1,0.52,0.5,0.72,0.1045,5,35,40
3293,2011-05-22,2,0,5,2,0,0,0,1,0.52,0.5,0.94,0.1045,18,50,68
3317,2011-05-23,2,0,5,2,0,1,1,3,0.56,0.5303,0.88,0.1642,2,3,5
3341,2011-05-24,2,0,5,2,0,2,1,2,0.6,0.5152,0.94,0.194,2,8,10
3365,2011-05-25,2,0,5,2,0,3,1,2,0.56,0.5303,0.94,0,0,8,8
3389,2011-05-26,2,0,5,2,0,4,1,1,0.62,0.5758,0.83,0.1045,7,7,14
3413,2011-05-27,2,0,5,2,0,5,1,1,0.68,0.6364,0.61,0.2239,6,12,18
3437,2011-05-28,2,0,5,2,0,6,0,1,0.56,0.5303,0.94,0.194,13,35,48
3461,2011-05-29,2,0,5,2,0,0,0,1,0.62,0.5606,0.88,0.1045,12,49,61
3485,2011-05-30,2,0,5,2,1,1,0,1,0.64,0.5606,0.94,0.194,17,28,45
3509,2011-05-31,2,0,5,2,0,2,1,2,0.66,0.5909,0.94,0.1343,5,7,12
3533,2011-06-01,2,0,6,2,0,3,1,1,0.7,0.6667,0.79,0.1642,0,3,3
3557,2011-06-02,2,0,6,2,0,4,1,1,0.7,0.6364,0.39,0,0,6,6
3581,2011-06-03,2,0,6,2,0,5,1,1,0.56,0.5303,0.43,0.2239,0,12,12
3605,2011-06-04,2,0,6,2,0,6,0,1,0.54,0.5152,0.56,0.194,18,41,59
3629,2011-06-05,2,0,6,2,0,0,0,2,0.64,0.6212,0.61,0.1642,16,48,64
3653,2011-06-06,2,0,6,2,0,1,1,1,0.58,0.5455,0.88,0.1045,4,4,8
3677,2011-06-07,2,0,6,2,0,2,1,1,0.6,0.5909,0.73,0.0896,3,2,5
3701,2011-06-08,2,0,6,2,0,3,1,1,0.64,0.5758,0.89,0.0896,0,7,7
3725,2011-06-09,2,0,6,2,0,4,1,2,0.72,0.7121,0.84,0.1642,0,6,6
3749,2011-06-10,2,0,6,2,0,5,1,1,0.68,0.6364,0.69,0.1642,6,7,13
3773,2011-06-11,2,0,6,2,0,6,0,1,0.7,0.6667,0.79,0.1045,10,50,60
3797,2011-06-12,2,0,6,2,0,0,0,1,0.64,0.5758,0.89,0.2537,9,57,66
3821,2011-06-13,2,0,6,2,0,1,1,1,0.62,0.5909,0.73,0.2836,2,8,10
3845,2011-06-14,2,0,6,2,0,2,1,1,0.6,0.6212,0.49,0.2836,2,8,10
3869,2011-06-15,2,0,6,2,0,3,1,1,0.52,0.5,0.63,0.2239,0,9,9
3893,2011-06-16,2,0,6,2,0,4,1,1,0.6,0.6212,0.56,0.0896,1,4,5
3917,2011-06-17,2,0,6,2,0,5,1,1,0.56,0.5303,0.94,0.1045,2,11,13
3941,2011-06-18,2,0,6,2,0,6,0,1,0.6,0.5455,0.88,0,16,37,53
3965,2011-06-19,2,0,6,2,0,0,0,1,0.68,0.6364,0.74,0.0896,13,59,72
3989,2011-06-20,2,0,6,2,0,1,1,1,0.64,0.5758,0.89,0.0896,2,0,2
4013,2011-06-21,3,0,6,2,0,2,1,3,0.62,0.5758,0.83,0.1642,1,5,6
4037,2011-06-22,3,0,6,2,0,3,1,1,0.66,0.6061,0.78,0,2,5,7
4061,2011-06-23,3,0,6,2,0,4,1,1,0.72,0.697,0.74,0.2239,0,4,4
4085,2011-06-24,3,0,6,2,0,5,1,1,0.66,0.6061,0.83,0.3284,4,10,14
4109,2011-06-25,3,0,6,2,0,6,0,2,0.66,0.6212,0.5,0.194,8,51,59
4133,2011-06-26,3,0,6,2,0,0,0,1,0.62,0.6212,0.57,0.1045,17,70,87
4157,2011-06-27,3,0,6,2,0,1,1,3,0.62,0.5909,0.78,0.1343,3,3,6
4181,2011-06-28,3,0,6,2,0,2,1,2,0.66,0.6212,0.74,0,2,9,11
4205,2011-06-29,3,0,6,2,0,3,1,1,0.66,0.6061,0.83,0.2239,7,9,16
4229,2011-06-30,3,0,6,2,0,4,1,1,0.62,0.6212,0.57,0.1343,2,6,8
4253,2011-07-01,3,0,7,2,0,5,1,1,0.62,0.6061,0.69,0,6,7,13
4277,2011-07-02,3,0,7,2,0,6,0,1,0.64,0.6212,0.53,0,9,43,52
4301,2011-07-03,3,0,7,2,0,0,0,1,0.7,0.6515,0.58,0.194,19,50,69
4325,2011-07-04,3,0,7,2,1,1,0,1,0.64,0.5758,0.83,0,33,30,63
4349,2011-07-05,3,0,7,2,0,2,1,1,0.66,0.6212,0.74,0.0896,8,5,13
4373,2011-07-06,3,0,7,2,0,3,1,1,0.7,0.6667,0.79,0.0896,1,4,5
4397,2011-07-07,3,0,7,2,0,4,1,1,0.66,0.5909,0.89,0.194,1,7,8
4421,2011-07-08,3,0,7,2,0,5,1,2,0.7,0.6667,0.74,0.1642,10,12,22
4445,2011-07-09,3,0,7,2,0,6,0,1,0.64,0.5758,0.89,0.1642,12,43,55
4469,2011-07-10,3,0,7,2,0,0,0,1,0.68,0.6364,0.69,0.0896,28,68,96
4493,2011-07-11,3,0,7,2,0,1,1,1,0.7,0.6515,0.61,0.2239,8,4,12
4517,2011-07-12,3,0,7,2,0,2,1,1,0.7,0.6667,0.79,0.1045,2,7,9
4541,2011-07-13,3,0,7,2,0,3,1,1,0.76,0.697,0.55,0,2,3,5
4565,2011-07-14,3,0,7,2,0,4,1,1,0.64,0.6212,0.57,0.2985,3,7,10
4589,2011-07-15,3,0,7,2,0,5,1,1,0.6,0.5758,0.78,0.1642,16,22,38
4613,2011-07-16,3,0,7,2,0,6,0,1,0.6,0.5909,0.73,0.1343,10,48,58
4637,2011-07-17,3,0,7,2,0,0,0,1,0.64,0.6061,0.69,0.2239,28,66,94
4661,2011-07-18,3,0,7,2,0,1,1,1,0.66,0.6061,0.83,0.2239,2,8,10
4685,2011-07-19,3,0,7,2,0,2,1,1,0.72,0.6818,0.7,0.1642,9,4,13
4709,2011-07-20,3,0,7,2,0,3,1,1,0.7,0.6667,0.84,0,2,7,9
4733,2011-07-21,3,0,7,2,0,4,1,2,0.74,0.7273,0.84,0.2239,2,4,6
4757,2011-07-22,3,0,7,2,0,5,1,1,0.78,0.803,0.79,0.1343,0,14,14
4781,2011-07-23,3,0,7,2,0,6,0,1,0.82,0.7727,0.52,0,13,48,61
4805,2011-07-24,3,0,7,2,0,0,0,1,0.8,0.7879,0.63,0.0896,12,48,60
4829,2011-07-25,3,0,7,2,0,1,1,2,0.74,0.7121,0.79,0.0896,3,3,6
4853,2011-07-26,3,0,7,2,0,2,1,1,0.68,0.6364,0.89,0.1045,1,6,7
4877,2011-07-27,3,0,7,2,0,3,1,1,0.76,0.697,0.52,0.2985,1,5,6
4901,2011-07-28,3,0,7,2,0,4,1,1,0.72,0.6667,0.54,0.1045,2,5,7
4925,2011-07-29,3,0,7,2,0,5,1,1,0.74,0.7121,0.79,0,3,10,13
4949,2011-07-30,3,0,7,2,0,6,0,1,0.76,0.697,0.55,0.1045,11,31,42
4973,2011-07-31,3,0,7,2,0,0,0,1,0.74,0.697,0.66,0.0896,19,48,67
4997,2011-08-01,3,0,8,2,0,1,1,1,0.7,0.6667,0.74,0.1045,4,7,11
5021,2011-08-02,3,0,8,2,0,2,1,1,0.68,0.6364,0.69,0,2,6,8
5045,2011-08-03,3,0,8,2,0,3,1,2,0.78,0.7121,0.49,0.1642,2,9,11
5069,2011-08-04,3,0,8,2,0,4,1,2,0.66,0.5909,0.94,0.0896,2,5,7
5093,2011-08-05,3,0,8,2,0,5,1,1,0.66,0.6212,0.69,0,5,14,19
5117,2011-08-06,3,0,8,2,0,6,0,1,0.66,0.6061,0.78,0.2239,14,39,53
5141,2011-08-07,3,0,8,2,0,0,0,2,0.7,0.6667,0.84,0.2239,18,48,66
5165,2011-08-08,3,0,8,2,0,1,1,1,0.66,0.5909,0.89,0,4,3,7
5189,2011-08-09,3,0,8,2,0,2,1,1,0.72,0.6818,0.7,0,9,3,12
5213,2011-08-10,3,0,8,2,0,3,1,1,0.72,0.6667,0.54,0.1642,1,10,11
5237,2011-08-11,3,0,8,2,0,4,1,1,0.66,0.6212,0.54,0.1343,3,8,11
5261,2011-08-12,3,0,8,2,0,5,1,1,0.62,0.6212,0.57,0.194,0,15,15
5285,2011-08-13,3,0,8,2,0,6,0,1,0.68,0.6364,0.57,0,16,58,74
5309,2011-08-14,3,0,8,2,0,0,0,3,0.64,0.5758,0.89,0.2239,13,49,62
5333,2011-08-15,3,0,8,2,0,1,1,2,0.6,0.5606,0.83,0,0,3,3
5357,2011-08-16,3,0,8,2,0,2,1,1,0.62,0.5909,0.73,0.2239,1,3,4
5381,2011-08-17,3,0,8,2,0,3,1,1,0.66,0.6212,0.69,0,0,6,6
5405,2011-08-18,3,0,8,2,0,4,1,1,0.66,0.6212,0.65,0.2239,2,4,6
5429,2011-08-19,3,0,8,2,0,5,1,3,0.64,0.5758,0.83,0,0,8,8
5453,2011-08-20,3,0,8,2,0,6,0,1,0.62,0.5909,0.78,0,10,59,69
5477,2011-08-21,3,0,8,2,0,0,0,1,0.68,0.6364,0.79,0.194,13,51,64
5501,2011-08-22,3,0,8,2,0,1,1,2,0.7,0.6515,0.65,0.1045,2,6,8
5525,2011-08-23,3,0,8,2,0,2,1,1,0.56,0.5303,0.52,0.194,2,4,6
5549,2011-08-24,3,0,8,2,0,3,1,1,0.58,0.5455,0.68,0.1343,2,4,6
5573,2011-08-25,3,0,8,2,0,4,1,1,0.68,0.6364,0.69,0.3881,3,2,5
5597,2011-08-26,3,0,8,2,0,5,1,1,0.62,0.5606,0.88,0.1343,4,16,20
5621,2011-08-27,3,0,8,2,0,6,0,1,0.7,0.6667,0.84,0.194,18,59,77
5656,2011-08-29,3,0,8,2,0,1,1,1,0.6,0.5909,0.69,0.194,8,5,13
5680,2011-08-30,3,0,8,2,0,2,1,1,0.54,0.5152,0.73,0.1045,2,8,10
5704,2011-08-31,3,0,8,2,0,3,1,1,0.56,0.5303,0.73,0,1,5,6
5728,2011-09-01,3,0,9,2,0,4,1,1,0.58,0.5455,0.78,0.0896,14,11,25
5752,2011-09-02,3,0,9,2,0,5,1,3,0.62,0.5909,0.73,0.1045,9,11,20
5776,2011-09-03,3,0,9,2,0,6,0,2,0.64,0.6061,0.69,0.2239,15,26,41
5800,2011-09-04,3,0,9,2,0,0,0,1,0.66,0.6061,0.83,0.194,17,43,60
5824,2011-09-05,3,0,9,2,1,1,0,2,0.68,0.6364,0.79,0.1642,17,22,39
5847,2011-09-06,3,0,9,2,0,2,1,3,0.54,0.5152,0.94,0.2537,0,2,2
5871,2011-09-07,3,0,9,2,0,3,1,2,0.54,0.5152,0.94,0.2239,2,4,6
5918,2011-09-09,3,0,9,2,0,5,1,2,0.62,0.5152,1,0.2537,1,7,8
5942,2011-09-10,3,0,9,2,0,6,0,2,0.6,0.5,0.97,0.1045,18,46,64
5966,2011-09-11,3,0,9,2,0,0,0,2,0.62,0.5909,0.78,0.194,16,60,76
5990,2011-09-12,3,0,9,2,0,1,1,1,0.56,0.5303,0.88,0,2,0,2
6013,2011-09-13,3,0,9,2,0,2,1,1,0.6,0.5758,0.78,0,2,0,2
6037,2011-09-14,3,0,9,2,0,3,1,1,0.6,0.5606,0.83,0,1,4,5
6061,2011-09-15,3,0,9,2,0,4,1,1,0.62,0.5909,0.73,0.1045,0,5,5
6085,2011-09-16,3,0,9,2,0,5,1,1,0.4,0.4091,0.71,0.2836,3,7,10
6109,2011-09-17,3,0,9,2,0,6,0,1,0.46,0.4545,0.82,0.0896,18,61,79
6133,2011-09-18,3,0,9,2,0,0,0,1,0.44,0.4394,0.82,0.2537,21,68,89
6157,2011-09-19,3,0,9,2,0,1,1,2,0.52,0.5,0.72,0.1343,6,7,13
6181,2011-09-20,3,0,9,2,0,2,1,2,0.54,0.5152,0.88,0.1642,1,4,5
6205,2011-09-21,3,0,9,2,0,3,1,1,0.54,0.5152,0.94,0,1,5,6
6229,2011-09-22,3,0,9,2,0,4,1,2,0.6,0.5152,0.94,0.1045,2,8,10
6253,2011-09-23,4,0,9,2,0,5,1,2,0.6,0.5,1,0.1045,6,14,20
6277,2011-09-24,4,0,9,2,0,6,0,2,0.58,0.5455,0.94,0.0896,14,54,68
6301,2011-09-25,4,0,9,2,0,0,0,3,0.6,0.5152,0.94,0,27,79,106
6325,2011-09-26,4,0,9,2,0,1,1,2,0.62,0.5606,0.88,0.1045,4,4,8
6349,2011-09-27,4,0,9,2,0,2,1,1,0.62,0.5455,0.94,0.1045,7,4,11
6373,2011-09-28,4,0,9,2,0,3,1,1,0.6,0.5455,0.88,0.2537,0,9,9
6397,2011-09-29,4,0,9,2,0,4,1,2,0.6,0.5,1,0.194,0,2,2
6421,2011-09-30,4,0,9,2,0,5,1,1,0.52,0.5,0.83,0.1045,6,9,15
6445,2011-10-01,4,0,10,2,0,6,0,1,0.46,0.4545,0.63,0.4179,21,46,67
6469,2011-10-02,4,0,10,2,0,0,0,3,0.34,0.303,0.87,0.2985,3,27,30
6493,2011-10-03,4,0,10,2,0,1,1,1,0.36,0.3636,0.76,0.1045,0,4,4
6517,2011-10-04,4,0,10,2,0,2,1,2,0.4,0.4091,0.87,0,1,2,3
6541,2011-10-05,4,0,10,2,0,3,1,1,0.46,0.4545,0.82,0.1642,1,2,3
6565,2011-10-06,4,0,10,2,0,4,1,1,0.46,0.4545,0.67,0.194,2,8,10
6589,2011-10-07,4,0,10,2,0,5,1,1,0.42,0.4242,0.88,0,0,5,5
6613,2011-10-08,4,0,10,2,0,6,0,1,0.46,0.4545,0.82,0,4,41,45
6637,2011-10-09,4,0,10,2,0,0,0,1,0.46,0.4545,0.88,0,20,35,55
6661,2011-10-10,4,0,10,2,1,1,0,1,0.48,0.4697,0.88,0,4,15,19
6685,2011-10-11,4,0,10,2,0,2,1,2,0.52,0.5,0.94,0.1343,1,4,5
6709,2011-10-12,4,0,10,2,0,3,1,2,0.56,0.5303,0.83,0.2836,0,2,2
6733,2011-10-13,4,0,10,2,0,4,1,2,0.54,0.5152,0.94,0,0,4,4
6757,2011-10-14,4,0,10,2,0,5,1,1,0.56,0.5303,0.94,0.1642,0,6,6
6781,2011-10-15,4,0,10,2,0,6,0,1,0.46,0.4545,0.59,0.194,17,39,56
6805,2011-10-16,4,0,10,2,0,0,0,1,0.42,0.4242,0.54,0.1343,13,52,65
6829,2011-10-17,4,0,10,2,0,1,1,1,0.56,0.5303,0.54,0.3881,4,3,7
6853,2011-10-18,4,0,10,2,0,2,1,1,0.44,0.4394,0.94,0.0896,1,4,5
6877,2011-10-19,4,0,10,2,0,3,1,2,0.52,0.5,0.77,0.194,1,6,7
6900,2011-10-20,4,0,10,2,0,4,1,1,0.56,0.5303,0.88,0.4478,0,4,4
6924,2011-10-21,4,0,10,2,0,5,1,1,0.38,0.3939,0.66,0.1642,6,12,18
6948,2011-10-22,4,0,10,2,0,6,0,1,0.4,0.4091,0.62,0.2537,6,25,31
6972,2011-10-23,4,0,10,2,0,0,0,1,0.34,0.3485,0.87,0.0896,10,40,50
6996,2011-10-24,4,0,10,2,0,1,1,1,0.4,0.4091,0.87,0.1045,1,6,7
7020,2011-10-25,4,0,10,2,0,2,1,1,0.42,0.4242,0.82,0.1343,2,3,5
7044,2011-10-26,4,0,10,2,0,3,1,1,0.44,0.4394,0.67,0.1642,2,1,3
7068,2011-10-27,4,0,10,2,0,4,1,3,0.46,0.4545,0.94,0,3,5,8
7092,2011-10-28,4,0,10,2,0,5,1,1,0.32,0.303,0.66,0.2836,1,3,4
7116,2011-10-29,4,0,10,2,0,6,0,3,0.3,0.2727,0.87,0.2985,1,16,17
7140,2011-10-30,4,0,10,2,0,0,0,1,0.22,0.2121,0.87,0.2836,7,43,50
7164,2011-10-31,4,0,10,2,0,1,1,1,0.24,0.2879,0.87,0,0,3,3
7188,2011-11-01,4,0,11,2,0,2,1,2,0.36,0.3485,0.81,0.1642,1,3,4
7212,2011-11-02,4,0,11,2,0,3,1,1,0.3,0.3333,0.87,0,0,2,2
7236,2011-11-03,4,0,11,2,0,4,1,1,0.34,0.3333,0.76,0.1343,2,5,7
7260,2011-11-04,4,0,11,2,0,5,1,2,0.4,0.4091,0.76,0,2,8,10
7284,2011-11-05,4,0,11,2,0,6,0,1,0.3,0.2727,0.52,0.3284,7,24,31
7308,2011-11-06,4,0,11,2,0,0,0,1,0.26,0.303,0.81,0,6,23,29
7332,2011-11-07,4,0,11,2,0,1,1,1,0.32,0.3485,0.93,0,0,2,2
7356,2011-11-08,4,0,11,2,0,2,1,1,0.32,0.3485,0.87,0,0,1,1
7380,2011-11-09,4,0,11,2,0,3,1,1,0.32,0.3485,0.93,0,0,5,5
7404,2011-11-10,4,0,11,2,0,4,1,2,0.38,0.3939,0.94,0,0,5,5
7428,2011-11-11,4,0,11,2,1,5,0,1,0.32,0.2879,0.57,0.2836,1,10,11
7452,2011-11-12,4,0,11,2,0,6,0,1,0.24,0.2576,0.65,0.0896,7,39,46
7476,2011-11-13,4,0,11,2,0,0,0,1,0.36,0.3636,0.57,0.1045,9,48,57
7500,2011-11-14,4,0,11,2,0,1,1,1,0.46,0.4545,0.63,0.3582,7,10,17
7524,2011-11-15,4,0,11,2,0,2,1,1,0.56,0.5303,0.64,0.2537,7,8,15
7548,2011-11-16,4,0,11,2,0,3,1,2,0.46,0.4545,0.94,0.1045,4,6,10
7572,2011-11-17,4,0,11,2,0,4,1,2,0.42,0.4242,0.82,0.2239,0,5,5
7596,2011-11-18,4,0,11,2,0,5,1,1,0.24,0.2273,0.44,0.2239,2,8,10
7620,2011-11-19,4,0,11,2,0,6,0,1,0.24,0.2424,0.56,0.1642,12,34,46
7644,2011-11-20,4,0,11,2,0,0,0,1,0.4,0.4091,0.62,0.2836,12,44,56
7668,2011-11-21,4,0,11,2,0,1,1,3,0.44,0.4394,1,0.194,1,2,3
7692,2011-11-22,4,0,11,2,0,2,1,3,0.38,0.3939,1,0.1045,2,4,6
7716,2011-11-23,4,0,11,2,0,3,1,3,0.5,0.4848,0.94,0.3582,1,5,6
7740,2011-11-24,4,0,11,2,1,4,0,1,0.3,0.2879,0.61,0.2836,3,19,22
7764,2011-11-25,4,0,11,2,0,5,1,1,0.28,0.2879,0.81,0.1045,4,6,10
7788,2011-11-26,4,0,11,2,0,6,0,1,0.3,0.3182,0.81,0.1045,3,20,23
7812,2011-11-27,4,0,11,2,0,0,0,1,0.34,0.3636,0.81,0,9,22,31
7859,2011-11-29,4,0,11,2,0,2,1,2,0.5,0.4848,0.88,0,0,5,5
7883,2011-11-30,4,0,11,2,0,3,1,1,0.32,0.3182,0.7,0.1642,0,5,5
7907,2011-12-01,4,0,12,2,0,4,1,1,0.26,0.2273,0.56,0.2985,1,8,9
7931,2011-12-02,4,0,12,2,0,5,1,1,0.24,0.2879,0.75,0,0,10,10
7955,2011-12-03,4,0,12,2,0,6,0,1,0.26,0.2576,0.65,0.1642,9,41,50
7979,2011-12-04,4,0,12,2,0,0,0,1,0.26,0.303,0.81,0,11,51,62
8003,2011-12-05,4,0,12,2,0,1,1,1,0.32,0.3485,0.87,0,0,8,8
8027,2011-12-06,4,0,12,2,0,2,1,2,0.46,0.4545,0.87,0.194,0,3,3
8051,2011-12-07,4,0,12,2,0,3,1,3,0.46,0.4545,1,0.2239,2,4,6
8075,2011-12-08,4,0,12,2,0,4,1,1,0.28,0.2727,0.65,0.2239,0,4,4
8099,2011-12-09,4,0,12,2,0,5,1,1,0.24,0.2879,0.7,0,2,10,12
8123,2011-12-10,4,0,12,2,0,6,0,2,0.28,0.303,0.61,0.0896,12,48,60
8147,2011-12-11,4,0,12,2,0,0,0,1,0.18,0.1667,0.55,0.2537,5,47,52
8171,2011-12-12,4,0,12,2,0,1,1,1,0.2,0.2576,0.69,0,0,4,4
8195,2011-12-13,4,0,12,2,0,2,1,1,0.2,0.2576,0.8,0,1,1,2
8219,2011-12-14,4,0,12,2,0,3,1,1,0.26,0.303,0.75,0,0,2,2
8243,2011-12-15,4,0,12,2,0,4,1,2,0.32,0.3333,0.7,0.1343,2,5,7
8267,2011-12-16,4,0,12,2,0,5,1,1,0.48,0.4697,0.77,0.1045,0,23,23
8291,2011-12-17,4,0,12,2,0,6,0,2,0.28,0.2727,0.56,0.2239,11,47,58
8315,2011-12-18,4,0,12,2,0,0,0,1,0.22,0.2424,0.55,0.1045,2,39,41
8339,2011-12-19,4,0,12,2,0,1,1,1,0.18,0.2121,0.8,0.0896,0,3,3
8363,2011-12-20,4,0,12,2,0,2,1,2,0.34,0.3636,0.61,0,1,10,11
8387,2011-12-21,1,0,12,2,0,3,1,2,0.36,0.3788,0.71,0,0,4,4
8411,2011-12-22,1,0,12,2,0,4,1,1,0.48,0.4697,0.82,0.1045,1,10,11
8435,2011-12-23,1,0,12,2,0,5,1,3,0.38,0.3939,0.94,0.1343,1,12,13
8459,2011-12-24,1,0,12,2,0,6,0,2,0.32,0.3333,0.66,0.0896,4,22,26
8483,2011-12-25,1,0,12,2,0,0,0,1,0.22,0.2576,0.75,0.0896,0,2,2
8506,2011-12-26,1,0,12,2,1,1,0,1,0.34,0.3182,0.46,0.2239,2,5,7
8529,2011-12-27,1,0,12,2,0,2,1,1,0.26,0.2727,0.7,0.1343,2,2,4
8553,2011-12-28,1,0,12,2,0,3,1,1,0.32,0.303,0.61,0.2537,0,7,7
8576,2011-12-29,1,0,12,2,0,4,1,1,0.2,0.2273,0.51,0.1045,0,3,3
8600,2011-12-30,1,0,12,2,0,5,1,1,0.24,0.2576,0.7,0.1045,2,10,12
8624,2011-12-31,1,0,12,2,0,6,0,2,0.4,0.4091,0.62,0.2836,1,27,28
8648,2012-01-01,1,1,1,2,0,0,0,1,0.32,0.3485,0.76,0,16,59,75
8672,2012-01-02,1,1,1,2,1,1,0,1,0.36,0.3182,0.34,0.4478,1,6,7
8695,2012-01-03,1,1,1,2,0,2,1,1,0.18,0.1667,0.51,0.2537,0,3,3
8719,2012-01-04,1,1,1,2,0,3,1,1,0.02,0.0152,0.34,0.2836,0,1,1
8743,2012-01-05,1,1,1,2,0,4,1,1,0.2,0.2273,0.51,0.0896,0,4,4
8767,2012-01-06,1,1,1,2,0,5,1,1,0.22,0.2273,0.69,0.1642,2,3,5
8791,2012-01-07,1,1,1,2,0,6,0,1,0.36,0.3636,0.5,0.1045,2,36,38
8815,2012-01-08,1,1,1,2,0,0,0,1,0.36,0.3333,0.37,0.2836,10,57,67
8839,2012-01-09,1,1,1,2,0,1,1,1,0.24,0.2424,0.56,0.1343,2,3,5
8863,2012-01-10,1,1,1,2,0,2,1,2,0.22,0.2273,0.87,0.1642,2,2,4
8886,2012-01-11,1,1,1,2,0,3,1,1,0.2,0.2121,0.85,0.1642,0,5,5
8910,2012-01-12,1,1,1,2,0,4,1,3,0.36,0.3485,0.93,0.2537,1,1,2
8934,2012-01-13,1,1,1,2,0,5,1,1,0.4,0.4091,0.76,0.3582,1,13,14
8958,2012-01-14,1,1,1,2,0,6,0,1,0.16,0.1667,0.47,0.1642,6,32,38
8982,2012-01-15,1,1,1,2,0,0,0,2,0.16,0.1364,0.47,0.2836,5,38,43
9006,2012-01-16,1,1,1,2,1,1,0,1,0.14,0.2121,0.46,0,3,14,17
9030,2012-01-17,1,1,1,2,0,2,1,3,0.28,0.2727,0.75,0.2537,0,12,12
9053,2012-01-18,1,1,1,2,0,3,1,2,0.44,0.4394,0.51,0.4925,1,1,2
9077,2012-01-19,1,1,1,2,0,4,1,1,0.14,0.1515,0.5,0.1343,0,3,3
9101,2012-01-20,1,1,1,2,0,5,1,1,0.26,0.2727,0.48,0.1343,0,11,11
9125,2012-01-21,1,1,1,2,0,6,0,3,0.14,0.2121,0.86,0,1,25,26
9149,2012-01-22,1,1,1,2,0,0,0,2,0.18,0.1667,0.74,0.2836,1,46,47
9173,2012-01-23,1,1,1,2,0,1,1,2,0.18,0.2121,0.86,0.1045,0,2,2
9197,2012-01-24,1,1,1,2,0,2,1,2,0.32,0.303,0.93,0.2239,2,6,8
9221,2012-01-25,1,1,1,2,0,3,1,1,0.28,0.2727,0.7,0.194,3,3,6
9245,2012-01-26,1,1,1,2,0,4,1,2,0.28,0.2727,0.75,0.1642,1,6,7
9269,2012-01-27,1,1,1,2,0,5,1,1,0.42,0.4242,0.94,0.1343,2,11,13
9293,2012-01-28,1,1,1,2,0,6,0,1,0.26,0.303,0.6,0,3,38,41
9317,2012-01-29,1,1,1,2,0,0,0,1,0.28,0.2576,0.26,0.3284,3,48,51
9341,2012-01-30,1,1,1,2,0,1,1,1,0.24,0.2121,0.48,0.3582,1,6,7
9365,2012-01-31,1,1,1,2,0,2,1,1,0.3,0.2879,0.42,0.2239,0,2,2
9389,2012-02-01,1,1,2,2,0,3,1,1,0.44,0.4394,0.44,0.2836,1,6,7
9413,2012-02-02,1,1,2,2,0,4,1,2,0.42,0.4242,0.67,0.1343,2,7,9
9437,2012-02-03,1,1,2,2,0,5,1,1,0.3,0.2879,0.52,0.2239,0,6,6
9461,2012-02-04,1,1,2,2,0,6,0,1,0.24,0.2576,0.7,0.0896,6,38,44
9485,2012-02-05,1,1,2,2,0,0,0,2,0.24,0.2576,0.93,0.1045,4,59,63
9509,2012-02-06,1,1,2,2,0,1,1,1,0.22,0.2727,0.75,0,0,3,3
9532,2012-02-07,1,1,2,2,0,2,1,1,0.3,0.3333,0.61,0,0,4,4
9556,2012-02-08,1,1,2,2,0,3,1,1,0.26,0.303,0.65,0,0,1,1
9580,2012-02-09,1,1,2,2,0,4,1,1,0.22,0.2273,0.8,0.1343,0,2,2
9604,2012-02-10,1,1,2,2,0,5,1,1,0.26,0.2879,0.52,0.0896,7,9,16
9628,2012-02-11,1,1,2,2,0,6,0,3,0.26,0.2576,0.81,0.194,2,24,26
9652,2012-02-12,1,1,2,2,0,0,0,2,0.1,0.0606,0.58,0.5821,1,26,27
9676,2012-02-13,1,1,2,2,0,1,1,1,0.14,0.1364,0.46,0.194,0,4,4
9700,2012-02-14,1,1,2,2,0,2,1,2,0.28,0.3182,0.41,0,0,3,3
9724,2012-02-15,1,1,2,2,0,3,1,1,0.3,0.3333,0.61,0,0,4,4
9748,2012-02-16,1,1,2,2,0,4,1,2,0.3,0.3182,0.7,0.0896,1,6,7
9772,2012-02-17,1,1,2,2,0,5,1,2,0.3,0.3182,0.93,0.1045,1,11,12
9796,2012-02-18,1,1,2,2,0,6,0,1,0.3,0.2879,0.61,0.2537,6,39,45
9820,2012-02-19,1,1,2,2,0,0,0,2,0.3,0.2879,0.36,0.2836,3,45,48
9844,2012-02-20,1,1,2,2,1,1,0,2,0.24,0.2576,0.87,0.0896,1,19,20
9867,2012-02-21,1,1,2,2,0,2,1,1,0.24,0.2879,0.6,0,0,3,3
9890,2012-02-22,1,1,2,2,0,3,1,1,0.34,0.3182,0.66,0.2836,1,5,6
9914,2012-02-23,1,1,2,2,0,4,1,2,0.44,0.4394,0.62,0.2239,5,4,9
9938,2012-02-24,1,1,2,2,0,5,1,3,0.42,0.4242,0.77,0.2836,1,4,5
9962,2012-02-25,1,1,2,2,0,6,0,1,0.32,0.303,0.45,0.2537,1,37,38
9986,2012-02-26,1,1,2,2,0,0,0,1,0.24,0.2121,0.44,0.3284,5,37,42
10010,2012-02-27,1,1,2,2,0,1,1,1,0.26,0.2273,0.7,0.2985,0,4,4
10034,2012-02-28,1,1,2,2,0,2,1,1,0.4,0.4091,0.54,0.1045,1,2,3
10058,2012-02-29,1,1,2,2,0,3,1,1,0.3,0.2879,0.56,0.2239,0,4,4
10081,2012-03-01,1,1,3,2,0,4,1,2,0.46,0.4545,0.94,0.2836,0,6,6
10105,2012-03-02,1,1,3,2,0,5,1,1,0.34,0.3182,0.53,0.2836,2,4,6
10129,2012-03-03,1,1,3,2,0,6,0,3,0.36,0.3636,0.93,0.0896,4,34,38
10153,2012-03-04,1,1,3,2,0,0,0,2,0.36,0.3485,0.4,0.1642,14,66,80
10177,2012-03-05,1,1,3,2,0,1,1,1,0.24,0.2424,0.48,0.1343,1,3,4
10201,2012-03-06,1,1,3,2,0,2,1,1,0.2,0.197,0.44,0.2239,0,4,4
10225,2012-03-07,1,1,3,2,0,3,1,1,0.3,0.2879,0.56,0.2836,0,4,4
10249,2012-03-08,1,1,3,2,0,4,1,1,0.46,0.4545,0.63,0.3881,6,5,11
10273,2012-03-09,1,1,3,2,0,5,1,3,0.48,0.4697,0.77,0.4179,2,9,11
10297,2012-03-10,1,1,3,2,0,6,0,1,0.26,0.2424,0.41,0.2537,12,30,42
10344,2012-03-12,1,1,3,2,0,1,1,1,0.38,0.3939,0.54,0.1045,4,5,9
10368,2012-03-13,1,1,3,2,0,2,1,3,0.52,0.5,0.72,0.2985,0,1,1
10392,2012-03-14,1,1,3,2,0,3,1,1,0.5,0.4848,0.68,0.194,0,2,2
10416,2012-03-15,1,1,3,2,0,4,1,1,0.5,0.4848,0.59,0,14,5,19
10440,2012-03-16,1,1,3,2,0,5,1,2,0.42,0.4242,0.82,0.194,0,4,4
10464,2012-03-17,1,1,3,2,0,6,0,2,0.44,0.4394,0.88,0,10,32,42
10488,2012-03-18,1,1,3,2,0,0,0,2,0.46,0.4545,0.82,0.1045,15,41,56
10512,2012-03-19,1,1,3,2,0,1,1,1,0.46,0.4545,0.88,0.1642,1,7,8
10536,2012-03-20,1,1,3,2,0,2,1,1,0.54,0.5152,0.88,0.0896,2,8,10
10560,2012-03-21,2,1,3,2,0,3,1,1,0.5,0.4848,0.88,0.1343,2,8,10
10584,2012-03-22,2,1,3,2,0,4,1,1,0.52,0.5,0.83,0.0896,1,5,6
10608,2012-03-23,2,1,3,2,0,5,1,1,0.54,0.5152,0.88,0.0896,12,20,32
10632,2012-03-24,2,1,3,2,0,6,0,1,0.54,0.5152,0.77,0.1045,14,55,69
10656,2012-03-25,2,1,3,2,0,0,0,3,0.42,0.4242,1,0.2985,6,29,35
10680,2012-03-26,2,1,3,2,0,1,1,1,0.46,0.4545,0.88,0.2239,14,6,20
10704,2012-03-27,2,1,3,2,0,2,1,1,0.26,0.2273,0.3,0.2985,1,6,7
10728,2012-03-28,2,1,3,2,0,3,1,1,0.34,0.303,0.49,0.2985,0,3,3
10752,2012-03-29,2,1,3,2,0,4,1,1,0.6,0.6061,0.28,0.2985,0,6,6
10776,2012-03-30,2,1,3,2,0,5,1,1,0.36,0.3333,0.53,0.2985,1,6,7
10800,2012-03-31,2,1,3,2,0,6,0,2,0.42,0.4242,0.77,0.2537,14,55,69
10824,2012-04-01,2,1,4,2,0,0,0,2,0.36,0.3485,0.76,0.1642,20,61,81
10848,2012-04-02,2,1,4,2,0,1,1,3,0.44,0.4394,0.94,0.1343,2,3,5
10871,2012-04-03,2,1,4,2,0,2,1,1,0.36,0.3485,0.53,0.1642,0,5,5
10895,2012-04-04,2,1,4,2,0,3,1,1,0.46,0.4545,0.51,0,0,5,5
10919,2012-04-05,2,1,4,2,0,4,1,1,0.46,0.4545,0.33,0.4478,7,11,18
10943,2012-04-06,2,1,4,2,0,5,1,1,0.36,0.3333,0.5,0.3881,6,5,11
10967,2012-04-07,2,1,4,2,0,6,0,1,0.36,0.3333,0.29,0.3582,11,25,36
10991,2012-04-08,2,1,4,2,0,0,0,1,0.44,0.4394,0.24,0.2239,7,25,32
11015,2012-04-09,2,1,4,2,0,1,1,1,0.46,0.4545,0.31,0.194,2,4,6
11039,2012-04-10,2,1,4,2,0,2,1,1,0.36,0.3485,0.71,0.1343,0,2,2
11063,2012-04-11,2,1,4,2,0,3,1,1,0.32,0.303,0.45,0.2836,0,2,2
11086,2012-04-12,2,1,4,2,0,4,1,1,0.32,0.303,0.61,0.2836,0,4,4
11110,2012-04-13,2,1,4,2,0,5,1,1,0.34,0.3333,0.49,0.194,6,5,11
11134,2012-04-14,2,1,4,2,0,6,0,1,0.38,0.3939,0.66,0.1343,3,53,56
11158,2012-04-15,2,1,4,2,0,0,0,2,0.54,0.5152,0.56,0.1045,20,54,74
11182,2012-04-16,2,1,4,2,1,1,0,1,0.6,0.6061,0.64,0.2537,5,9,14
11206,2012-04-17,2,1,4,2,0,2,1,1,0.56,0.5303,0.83,0.1045,1,3,4
11230,2012-04-18,2,1,4,2,0,3,1,2,0.5,0.4848,0.42,0.194,1,8,9
11254,2012-04-19,2,1,4,2,0,4,1,2,0.42,0.4242,0.77,0,2,4,6
11278,2012-04-20,2,1,4,2,0,5,1,1,0.44,0.4394,0.88,0.194,3,18,21
11302,2012-04-21,2,1,4,2,0,6,0,1,0.52,0.5,0.77,0.1343,12,69,81
11326,2012-04-22,2,1,4,2,0,0,0,1,0.46,0.4545,0.72,0.2836,7,49,56
11350,2012-04-23,2,1,4,2,0,1,1,2,0.32,0.303,0.87,0.3284,1,3,4
11374,2012-04-24,2,1,4,2,0,2,1,1,0.32,0.3182,0.81,0.194,0,3,3
11398,2012-04-25,2,1,4,2,0,3,1,1,0.36,0.3788,0.62,0,1,6,7
11422,2012-04-26,2,1,4,2,0,4,1,2,0.48,0.4697,0.55,0.1045,3,10,13
11446,2012-04-27,2,1,4,2,0,5,1,1,0.48,0.4697,0.59,0.4179,4,18,22
11470,2012-04-28,2,1,4,2,0,6,0,1,0.36,0.3485,0.43,0.1642,8,49,57
11494,2012-04-29,2,1,4,2,0,0,0,2,0.36,0.3636,0.87,0.1045,4,36,40
11518,2012-04-30,2,1,4,2,0,1,1,1,0.42,0.4242,0.71,0.1343,3,5,8
11542,2012-05-01,2,1,5,2,0,2,1,2,0.5,0.4848,0.72,0.0896,1,7,8
11566,2012-05-02,2,1,5,2,0,3,1,1,0.56,0.5303,0.83,0,7,9,16
11590,2012-05-03,2,1,5,2,0,4,1,2,0.46,0.4545,0.88,0.1343,4,13,17
11614,2012-05-04,2,1,5,2,0,5,1,1,0.58,0.5455,0.83,0.1343,0,11,11
11638,2012-05-05,2,1,5,2,0,6,0,1,0.58,0.5455,0.88,0,24,51,75
11662,2012-05-06,2,1,5,2,0,0,0,2,0.54,0.5152,0.83,0.2836,29,64,93
11686,2012-05-07,2,1,5,2,0,1,1,1,0.5,0.4848,0.77,0.194,1,5,6
11710,2012-05-08,2,1,5,2,0,2,1,2,0.52,0.5,0.63,0.2985,9,7,16
11734,2012-05-09,2,1,5,2,0,3,1,3,0.56,0.5303,0.88,0.4478,0,1,1
11758,2012-05-10,2,1,5,2,0,4,1,2,0.48,0.4697,0.88,0.1045,0,3,3
11782,2012-05-11,2,1,5,2,0,5,1,1,0.46,0.4545,0.44,0.1642,15,16,31
11806,2012-05-12,2,1,5,2,0,6,0,1,0.46,0.4545,0.59,0.1343,10,46,56
11830,2012-05-13,2,1,5,2,0,0,0,2,0.54,0.5152,0.68,0.1642,22,60,82
11854,2012-05-14,2,1,5,2,0,1,1,1,0.6,0.6061,0.6,0.2985,1,1,2
11878,2012-05-15,2,1,5,2,0,2,1,2,0.56,0.5303,0.88,0.1343,1,3,4
11902,2012-05-16,2,1,5,2,0,3,1,1,0.56,0.5303,0.94,0.194,5,14,19
11926,2012-05-17,2,1,5,2,0,4,1,1,0.6,0.5758,0.78,0.1642,8,8,16
11950,2012-05-18,2,1,5,2,0,5,1,1,0.48,0.4697,0.67,0.1343,12,9,21
11974,2012-05-19,2,1,5,2,0,6,0,1,0.5,0.4848,0.51,0.1045,13,56,69
11998,2012-05-20,2,1,5,2,0,0,0,1,0.56,0.5303,0.52,0,36,62,98
12022,2012-05-21,2,1,5,2,0,1,1,3,0.56,0.5303,0.94,0.2537,2,9,11
12046,2012-05-22,2,1,5,2,0,2,1,2,0.58,0.5455,0.83,0.1045,1,10,11
12070,2012-05-23,2,1,5,2,0,3,1,2,0.6,0.5606,0.83,0.1642,2,10,12
12094,2012-05-24,2,1,5,2,0,4,1,1,0.6,0.5455,0.88,0,1,15,16
12118,2012-05-25,2,1,5,2,0,5,1,2,0.62,0.5758,0.83,0,7,16,23
12142,2012-05-26,2,1,5,2,0,6,0,1,0.64,0.5758,0.89,0.1343,9,55,64
12166,2012-05-27,2,1,5,2,0,0,0,1,0.64,0.6061,0.73,0.2239,16,45,61
12190,2012-05-28,2,1,5,2,1,1,0,1,0.6,0.5606,0.83,0.2239,20,28,48
12214,2012-05-29,2,1,5,2,0,2,1,1,0.68,0.6364,0.83,0.1343,0,8,8
12238,2012-05-30,2,1,5,2,0,3,1,3,0.62,0.5455,0.94,0.0896,1,4,5
12262,2012-05-31,2,1,5,2,0,4,1,1,0.64,0.6061,0.65,0.0896,6,8,14
12286,2012-06-01,2,1,6,2,0,5,1,1,0.64,0.6212,0.57,0.2239,3,13,16
12310,2012-06-02,2,1,6,2,0,6,0,2,0.54,0.5152,0.88,0,3,38,41
12334,2012-06-03,2,1,6,2,0,0,0,1,0.52,0.5,0.59,0.1045,22,67,89
12358,2012-06-04,2,1,6,2,0,1,1,1,0.56,0.5303,0.6,0.2239,1,10,11
12382,2012-06-05,2,1,6,2,0,2,1,3,0.52,0.5,0.72,0.2985,0,8,8
12406,2012-06-06,2,1,6,2,0,3,1,1,0.5,0.4848,0.68,0,4,7,11
12430,2012-06-07,2,1,6,2,0,4,1,1,0.52,0.5,0.77,0.0896,0,12,12
12454,2012-06-08,2,1,6,2,0,5,1,1,0.56,0.5303,0.56,0,2,17,19
12478,2012-06-09,2,1,6,2,0,6,0,1,0.64,0.6212,0.5,0.2239,21,68,89
12502,2012-06-10,2,1,6,2,0,0,0,1,0.64,0.6061,0.69,0.1343,17,56,73
12526,2012-06-11,2,1,6,2,0,1,1,1,0.66,0.6212,0.74,0.1045,5,12,17
12550,2012-06-12,2,1,6,2,0,2,1,2,0.68,0.6364,0.65,0.194,0,6,6
12574,2012-06-13,2,1,6,2,0,3,1,1,0.62,0.5758,0.83,0.1343,0,4,4
12598,2012-06-14,2,1,6,2,0,4,1,2,0.62,0.6212,0.53,0.2537,1,8,9
12622,2012-06-15,2,1,6,2,0,5,1,1,0.56,0.5303,0.83,0.1045,0,15,15
12646,2012-06-16,2,1,6,2,0,6,0,1,0.58,0.5455,0.53,0,12,55,67
12670,2012-06-17,2,1,6,2,0,0,0,1,0.56,0.5303,0.56,0.0896,19,55,74
12694,2012-06-18,2,1,6,2,0,1,1,1,0.54,0.5152,0.77,0.2239,3,6,9
12718,2012-06-19,2,1,6,2,0,2,1,2,0.6,0.5758,0.78,0.1343,1,14,15
12742,2012-06-20,2,1,6,2,0,3,1,1,0.66,0.6061,0.83,0.1642,1,5,6
12766,2012-06-21,3,1,6,2,0,4,1,1,0.72,0.697,0.79,0.1045,11,7,18
12790,2012-06-22,3,1,6,2,0,5,1,1,0.74,0.7121,0.79,0,0,12,12
12814,2012-06-23,3,1,6,2,0,6,0,2,0.64,0.5758,0.83,0.194,18,75,93
12838,2012-06-24,3,1,6,2,0,0,0,2,0.68,0.6364,0.51,0,34,80,114
12862,2012-06-25,3,1,6,2,0,1,1,1,0.7,0.6515,0.7,0.2239,4,10,14
12886,2012-06-26,3,1,6,2,0,2,1,1,0.56,0.5303,0.43,0.2836,2,7,9
12910,2012-06-27,3,1,6,2,0,3,1,1,0.56,0.5303,0.49,0.1343,2,12,14
12934,2012-06-28,3,1,6,2,0,4,1,1,0.66,0.6212,0.5,0.0896,1,12,13
12958,2012-06-29,3,1,6,2,0,5,1,1,0.72,0.6667,0.58,0.194,3,15,18
12982,2012-06-30,3,1,6,2,0,6,0,2,0.64,0.5758,0.89,0,7,54,61
13006,2012-07-01,3,1,7,2,0,0,0,1,0.72,0.697,0.74,0.0896,21,69,90
13030,2012-07-02,3,1,7,2,0,1,1,2,0.74,0.6667,0.51,0.2537,1,14,15
13054,2012-07-03,3,1,7,2,0,2,1,1,0.72,0.6667,0.58,0,2,8,10
13078,2012-07-04,3,1,7,2,1,3,0,1,0.66,0.6061,0.83,0.1343,27,66,93
13102,2012-07-05,3,1,7,2,0,4,1,1,0.74,0.6667,0.51,0,4,14,18
13126,2012-07-06,3,1,7,2,0,5,1,1,0.76,0.7121,0.62,0.1343,4,13,17
13150,2012-07-07,3,1,7,2,0,6,0,1,0.76,0.7424,0.72,0.1642,11,47,58
13174,2012-07-08,3,1,7,2,0,0,0,1,0.82,0.7727,0.52,0.1045,11,59,70
13198,2012-07-09,3,1,7,2,0,1,1,3,0.7,0.6667,0.89,0.194,1,4,5
13222,2012-07-10,3,1,7,2,0,2,1,1,0.7,0.6667,0.74,0.1343,1,15,16
13246,2012-07-11,3,1,7,2,0,3,1,1,0.64,0.5758,0.89,0,0,5,5
13270,2012-07-12,3,1,7,2,0,4,1,2,0.66,0.6212,0.65,0.0896,0,9,9
13294,2012-07-13,3,1,7,2,0,5,1,2,0.66,0.6212,0.61,0.0896,2,15,17
13318,2012-07-14,3,1,7,2,0,6,0,2,0.7,0.6515,0.54,0.1045,10,91,101
13342,2012-07-15,3,1,7,2,0,0,0,2,0.68,0.6364,0.89,0.1642,29,86,115
13366,2012-07-16,3,1,7,2,0,1,1,1,0.7,0.6667,0.74,0.1045,4,11,15
13390,2012-07-17,3,1,7,2,0,2,1,1,0.72,0.6818,0.7,0.0896,1,6,7
13414,2012-07-18,3,1,7,2,0,3,1,1,0.74,0.697,0.66,0.1343,3,5,8
13438,2012-07-19,3,1,7,2,0,4,1,1,0.72,0.6818,0.7,0.194,0,7,7
13462,2012-07-20,3,1,7,2,0,5,1,2,0.66,0.5909,0.89,0.0896,5,14,19
13486,2012-07-21,3,1,7,2,0,6,0,3,0.6,0.5455,0.88,0.2836,5,55,60
13510,2012-07-22,3,1,7,2,0,0,0,2,0.6,0.5455,0.88,0.1045,32,90,122
13534,2012-07-23,3,1,7,2,0,1,1,2,0.66,0.5909,0.94,0.0896,3,14,17
13558,2012-07-24,3,1,7,2,0,2,1,1,0.66,0.6061,0.83,0.1642,6,10,16
13582,2012-07-25,3,1,7,2,0,3,1,1,0.68,0.6364,0.61,0.2239,1,11,12
13606,2012-07-26,3,1,7,2,0,4,1,1,0.66,0.6212,0.69,0.2537,5,16,21
13630,2012-07-27,3,1,7,2,0,5,1,1,0.7,0.6667,0.79,0.1343,8,18,26
13654,2012-07-28,3,1,7,2,0,6,0,1,0.72,0.6818,0.7,0,14,76,90
13678,2012-07-29,3,1,7,2,0,0,0,1,0.66,0.6212,0.74,0.1343,33,79,112
13702,2012-07-30,3,1,7,2,0,1,1,1,0.68,0.6364,0.74,0,2,6,8
13726,2012-07-31,3,1,7,2,0,2,1,1,0.66,0.6061,0.83,0.1343,0,8,8
13750,2012-08-01,3,1,8,2,0,3,1,1,0.64,0.5758,0.83,0.1045,0,13,13
13774,2012-08-02,3,1,8,2,0,4,1,1,0.66,0.6061,0.83,0.0896,3,8,11
13798,2012-08-03,3,1,8,2,0,5,1,1,0.68,0.6364,0.79,0.2239,0,14,14
13822,2012-08-04,3,1,8,2,0,6,0,1,0.72,0.7121,0.84,0.1343,20,64,84
13846,2012-08-05,3,1,8,2,0,0,0,1,0.74,0.697,0.7,0.2985,5,68,73
13870,2012-08-06,3,1,8,2,0,1,1,2,0.72,0.697,0.79,0.1343,0,5,5
13894,2012-08-07,3,1,8,2,0,2,1,1,0.7,0.6667,0.84,0.1343,6,7,13
13918,2012-08-08,3,1,8,2,0,3,1,1,0.7,0.6667,0.84,0,1,5,6
13942,2012-08-09,3,1,8,2,0,4,1,1,0.7,0.6667,0.84,0.0896,2,12,14
13966,2012-08-10,3,1,8,2,0,5,1,1,0.7,0.6667,0.74,0.1642,6,14,20
13990,2012-08-11,3,1,8,2,0,6,0,3,0.64,0.5909,0.78,0.194,19,66,85
14014,2012-08-12,3,1,8,2,0,0,0,1,0.64,0.6061,0.69,0.1343,19,67,86
14038,2012-08-13,3,1,8,2,0,1,1,1,0.64,0.6061,0.69,0.1045,1,8,9
14062,2012-08-14,3,1,8,2,0,2,1,2,0.68,0.6364,0.83,0.194,2,9,11
14086,2012-08-15,3,1,8,2,0,3,1,1,0.68,0.6364,0.65,0,1,7,8
14110,2012-08-16,3,1,8,2,0,4,1,1,0.64,0.6061,0.69,0.194,0,15,15
14134,2012-08-17,3,1,8,2,0,5,1,1,0.66,0.2424,0.61,0.1343,4,15,19
14158,2012-08-18,3,1,8,2,0,6,0,3,0.62,0.5606,0.88,0.1642,4,39,43
14182,2012-08-19,3,1,8,2,0,0,0,2,0.62,0.6061,0.69,0.0896,16,103,119
14206,2012-08-20,3,1,8,2,0,1,1,1,0.6,0.5606,0.83,0.1642,0,5,5
14230,2012-08-21,3,1,8,2,0,2,1,2,0.58,0.5455,0.88,0.2836,1,7,8
14254,2012-08-22,3,1,8,2,0,3,1,1,0.62,0.5909,0.78,0,7,10,17
14278,2012-08-23,3,1,8,2,0,4,1,1,0.62,0.5758,0.83,0,9,11,20
14302,2012-08-24,3,1,8,2,0,5,1,1,0.66,0.6212,0.69,0,1,15,16
14326,2012-08-25,3,1,8,2,0,6,0,2,0.66,0.6212,0.74,0.0896,18,61,79
14350,2012-08-26,3,1,8,2,0,0,0,2,0.64,0.5758,0.89,0.2239,12,104,116
14374,2012-08-27,3,1,8,2,0,1,1,1,0.62,0.5606,0.88,0.1343,0,8,8
14398,2012-08-28,3,1,8,2,0,2,1,1,0.68,0.6364,0.83,0.2537,2,13,15
14422,2012-08-29,3,1,8,2,0,3,1,1,0.62,0.5909,0.73,0.1343,2,4,6
14446,2012-08-30,3,1,8,2,0,4,1,1,0.62,0.5909,0.73,0,3,14,17
14470,2012-08-31,3,1,8,2,0,5,1,1,0.66,0.5909,0.89,0.1343,9,11,20
14494,2012-09-01,3,1,9,2,0,6,0,1,0.7,0.6515,0.7,0.1642,8,61,69
14518,2012-09-02,3,1,9,2,0,0,0,1,0.66,0.5909,0.89,0,28,56,84
14542,2012-09-03,3,1,9,2,1,1,0,1,0.66,0.5909,0.89,0.1045,10,30,40
14566,2012-09-04,3,1,9,2,0,2,1,1,0.68,0.6364,0.82,0.1343,1,4,5
14590,2012-09-05,3,1,9,2,0,3,1,1,0.7,0.6667,0.84,0.194,0,9,9
14614,2012-09-06,3,1,9,2,0,4,1,1,0.72,0.697,0.79,0,1,7,8
14638,2012-09-07,3,1,9,2,0,5,1,1,0.62,0.5758,0.83,0.0896,1,10,11
14662,2012-09-08,3,1,9,2,0,6,0,1,0.66,0.5909,0.89,0.3284,9,68,77
14686,2012-09-09,3,1,9,2,0,0,0,1,0.54,0.5152,0.77,0.2836,15,81,96
14710,2012-09-10,3,1,9,2,0,1,1,1,0.54,0.5152,0.6,0.3582,11,6,17
14734,2012-09-11,3,1,9,2,0,2,1,1,0.48,0.4697,0.77,0.1642,1,5,6
14758,2012-09-12,3,1,9,2,0,3,1,1,0.52,0.5,0.72,0.0896,2,9,11
14782,2012-09-13,3,1,9,2,0,4,1,1,0.54,0.5152,0.77,0,0,9,9
14806,2012-09-14,3,1,9,2,0,5,1,1,0.56,0.5303,0.73,0,7,23,30
14830,2012-09-15,3,1,9,2,0,6,0,1,0.58,0.5455,0.78,0.1045,18,75,93
14854,2012-09-16,3,1,9,2,0,0,0,1,0.52,0.5,0.63,0,27,62,89
14878,2012-09-17,3,1,9,2,0,1,1,1,0.52,0.5,0.72,0,5,8,13
14902,2012-09-18,3,1,9,2,0,2,1,3,0.6,0.5152,0.94,0.194,0,4,4
14926,2012-09-19,3,1,9,2,0,3,1,2,0.54,0.5152,0.64,0.3284,0,3,3
14950,2012-09-20,3,1,9,2,0,4,1,1,0.46,0.4545,0.72,0.0896,2,9,11
14974,2012-09-21,3,1,9,2,0,5,1,1,0.52,0.5,0.72,0,6,8,14
14998,2012-09-22,3,1,9,2,0,6,0,1,0.56,0.5303,0.88,0.2537,10,73,83
15022,2012-09-23,4,1,9,2,0,0,0,1,0.52,0.5,0.48,0.2537,18,77,95
15046,2012-09-24,4,1,9,2,0,1,1,2,0.46,0.4545,0.63,0.1343,0,8,8
15070,2012-09-25,4,1,9,2,0,2,1,1,0.42,0.4242,0.77,0.1343,5,9,14
15094,2012-09-26,4,1,9,2,0,3,1,2,0.58,0.5455,0.64,0.2836,2,15,17
15118,2012-09-27,4,1,9,2,0,4,1,1,0.6,0.5758,0.78,0.0896,3,13,16
15142,2012-09-28,4,1,9,2,0,5,1,3,0.6,0.5455,0.88,0.2985,1,9,10
15166,2012-09-29,4,1,9,2,0,6,0,2,0.54,0.5152,0.56,0.2239,12,80,92
15190,2012-09-30,4,1,9,2,0,0,0,1,0.48,0.4697,0.63,0,21,71,92
15214,2012-10-01,4,1,10,2,0,1,1,1,0.46,0.4545,0.72,0,6,6,12
15238,2012-10-02,4,1,10,2,0,2,1,2,0.54,0.5152,0.77,0.1045,0,2,2
15262,2012-10-03,4,1,10,2,0,3,1,2,0.62,0.5455,0.94,0,2,7,9
15286,2012-10-04,4,1,10,2,0,4,1,1,0.64,0.5758,0.89,0,3,10,13
15310,2012-10-05,4,1,10,2,0,5,1,1,0.54,0.5152,0.73,0.0896,1,10,11
15334,2012-10-06,4,1,10,2,0,6,0,1,0.56,0.5303,0.78,0.194,13,62,75
15358,2012-10-07,4,1,10,2,0,0,0,1,0.42,0.4242,0.62,0.1343,10,64,74
15382,2012-10-08,4,1,10,2,1,1,0,1,0.34,0.3333,0.81,0.194,3,12,15
15406,2012-10-09,4,1,10,2,0,2,1,3,0.36,0.3333,0.87,0.2537,2,5,7
15430,2012-10-10,4,1,10,2,0,3,1,2,0.46,0.4545,0.88,0,2,6,8
15454,2012-10-11,4,1,10,2,0,4,1,1,0.42,0.4242,0.5,0.1343,4,7,11
15478,2012-10-12,4,1,10,2,0,5,1,1,0.4,0.4091,0.66,0.0896,0,16,16
15502,2012-10-13,4,1,10,2,0,6,0,1,0.34,0.3333,0.53,0.194,7,60,67
15526,2012-10-14,4,1,10,2,0,0,0,1,0.4,0.4091,0.76,0.0896,8,58,66
15550,2012-10-15,4,1,10,2,0,1,1,2,0.58,0.5455,0.64,0.3582,1,5,6
15574,2012-10-16,4,1,10,2,0,2,1,1,0.44,0.4394,0.67,0.1343,2,1,3
15598,2012-10-17,4,1,10,2,0,3,1,1,0.38,0.3939,0.76,0,4,12,16
15622,2012-10-18,4,1,10,2,0,4,1,1,0.46,0.4545,0.82,0.194,1,13,14
15646,2012-10-19,4,1,10,2,0,5,1,2,0.54,0.5152,0.88,0,1,9,10
15670,2012-10-20,4,1,10,2,0,6,0,1,0.44,0.4394,0.77,0.1045,9,69,78
15694,2012-10-21,4,1,10,2,0,0,0,1,0.4,0.4091,0.62,0.1642,44,88,132
15718,2012-10-22,4,1,10,2,0,1,1,1,0.38,0.3939,0.71,0,1,4,5
15742,2012-10-23,4,1,10,2,0,2,1,1,0.44,0.4394,0.88,0.1343,1,6,7
15766,2012-10-24,4,1,10,2,0,3,1,1,0.54,0.5152,0.68,0,0,6,6
15790,2012-10-25,4,1,10,2,0,4,1,1,0.54,0.5152,0.77,0,3,15,18
15814,2012-10-26,4,1,10,2,0,5,1,2,0.52,0.5,0.88,0.1045,4,15,19
15838,2012-10-27,4,1,10,2,0,6,0,2,0.5,0.4848,0.88,0.194,19,71,90
15862,2012-10-28,4,1,10,2,0,0,0,2,0.5,0.4848,0.68,0.2985,17,99,116
15898,2012-10-31,4,1,10,2,0,3,1,2,0.3,0.303,0.81,0.1343,0,7,7
15922,2012-11-01,4,1,11,2,0,4,1,1,0.32,0.3333,0.66,0.1343,10,10,20
15946,2012-11-02,4,1,11,2,0,5,1,1,0.32,0.3182,0.66,0.1642,3,7,10
15970,2012-11-03,4,1,11,2,0,6,0,2,0.34,0.3182,0.49,0.2537,10,36,46
15994,2012-11-04,4,1,11,2,0,0,0,1,0.3,0.3333,0.65,0,6,31,37
16018,2012-11-05,4,1,11,2,0,1,1,2,0.3,0.303,0.56,0.1642,2,4,6
16042,2012-11-06,4,1,11,2,0,2,1,1,0.24,0.2576,0.65,0.0896,0,2,2
16066,2012-11-07,4,1,11,2,0,3,1,2,0.28,0.2576,0.56,0.2985,6,68,74
16090,2012-11-08,4,1,11,2,0,4,1,2,0.3,0.2879,0.49,0.2239,1,5,6
16113,2012-11-09,4,1,11,2,0,5,1,1,0.32,0.303,0.53,0.2537,1,11,12
16137,2012-11-10,4,1,11,2,0,6,0,1,0.32,0.3485,0.81,0,2,42,44
16161,2012-11-11,4,1,11,2,0,0,0,1,0.32,0.3333,0.87,0.1045,12,58,70
16185,2012-11-12,4,1,11,2,1,1,0,1,0.4,0.4091,0.76,0.1343,6,14,20
16209,2012-11-13,4,1,11,2,0,2,1,3,0.36,0.3182,0.87,0.4478,7,4,11
16233,2012-11-14,4,1,11,2,0,3,1,1,0.24,0.2121,0.6,0.2985,0,1,1
16257,2012-11-15,4,1,11,2,0,4,1,2,0.26,0.2576,0.7,0.1642,0,7,7
16281,2012-11-16,4,1,11,2,0,5,1,2,0.3,0.303,0.7,0.1642,0,9,9
16305,2012-11-17,4,1,11,2,0,6,0,1,0.26,0.2576,0.65,0.194,8,41,49
16329,2012-11-18,4,1,11,2,0,0,0,1,0.28,0.2879,0.81,0.1045,8,65,73
16353,2012-11-19,4,1,11,2,0,1,1,2,0.36,0.3333,0.66,0.2537,0,5,5
16377,2012-11-20,4,1,11,2,0,2,1,2,0.32,0.3333,0.76,0.0896,0,5,5
16401,2012-11-21,4,1,11,2,0,3,1,1,0.28,0.2879,0.87,0.1045,2,6,8
16425,2012-11-22,4,1,11,2,1,4,0,1,0.24,0.2576,0.75,0.0896,3,15,18
16449,2012-11-23,4,1,11,2,0,5,1,1,0.26,0.2879,0.75,0.0896,1,4,5
16473,2012-11-24,4,1,11,2,0,6,0,1,0.32,0.2727,0.39,0.6119,10,22,32
16497,2012-11-25,4,1,11,2,0,0,0,1,0.22,0.197,0.44,0.3582,1,27,28
16521,2012-11-26,4,1,11,2,0,1,1,1,0.2,0.2576,0.69,0,0,5,5
16545,2012-11-27,4,1,11,2,0,2,1,2,0.32,0.3182,0.7,0.1642,0,5,5
16569,2012-11-28,4,1,11,2,0,3,1,2,0.26,0.2576,0.75,0.2239,0,1,1
16593,2012-11-29,4,1,11,2,0,4,1,1,0.22,0.2727,0.64,0,1,6,7
16616,2012-11-30,4,1,11,2,0,5,1,1,0.24,0.2879,0.75,0,2,10,12
16640,2012-12-01,4,1,12,2,0,6,0,2,0.26,0.303,0.81,0,3,47,50
16664,2012-12-02,4,1,12,2,0,0,0,2,0.3,0.3333,0.87,0,2,72,74
16688,2012-12-03,4,1,12,2,0,1,1,1,0.42,0.4242,0.77,0.1642,1,9,10
16712,2012-12-04,4,1,12,2,0,2,1,1,0.42,0.4242,0.88,0.0896,3,5,8
16736,2012-12-05,4,1,12,2,0,3,1,1,0.46,0.4545,0.67,0.1642,2,7,9
16760,2012-12-06,4,1,12,2,0,4,1,1,0.24,0.2121,0.52,0.2836,0,9,9
16784,2012-12-07,4,1,12,2,0,5,1,2,0.26,0.2727,0.7,0.1343,0,11,11
16808,2012-12-08,4,1,12,2,0,6,0,2,0.36,0.3485,0.93,0.1343,3,67,70
16832,2012-12-09,4,1,12,2,0,0,0,2,0.4,0.4091,0.87,0.1045,8,70,78
16856,2012-12-10,4,1,12,2,0,1,1,2,0.38,0.3939,0.94,0.1045,2,3,5
16880,2012-12-11,4,1,12,2,0,2,1,2,0.4,0.4091,0.66,0.3284,0,1,1
16904,2012-12-12,4,1,12,2,0,3,1,1,0.28,0.2727,0.56,0.1642,5,4,9
16928,2012-12-13,4,1,12,2,0,4,1,2,0.26,0.2424,0.56,0.2537,3,5,8
16952,2012-12-14,4,1,12,2,0,5,1,1,0.22,0.2727,0.69,0,3,6,9
16976,2012-12-15,4,1,12,2,0,6,0,1,0.26,0.303,0.81,0,6,63,69
17000,2012-12-16,4,1,12,2,0,0,0,2,0.34,0.3485,0.87,0.0896,8,79,87
17024,2012-12-17,4,1,12,2,0,1,1,2,0.38,0.3939,0.94,0,1,4,5
17048,2012-12-18,4,1,12,2,0,2,1,2,0.44,0.4394,0.88,0.2239,2,5,7
17072,2012-12-19,4,1,12,2,0,3,1,1,0.28,0.303,0.65,0.0896,1,2,3
17096,2012-12-20,4,1,12,2,0,4,1,1,0.32,0.3485,0.66,0,2,6,8
17120,2012-12-21,1,1,12,2,0,5,1,3,0.46,0.4545,0.94,0.3881,0,3,3
17144,2012-12-22,1,1,12,2,0,6,0,1,0.26,0.2121,0.44,0.5224,0,23,23
17168,2012-12-23,1,1,12,2,0,0,0,1,0.2,0.2121,0.51,0.1642,1,17,18
17192,2012-12-24,1,1,12,2,0,1,1,1,0.2,0.2576,0.75,0,0,5,5
17215,2012-12-25,1,1,12,2,1,2,0,2,0.26,0.2576,0.87,0.1642,0,7,7
17238,2012-12-26,1,1,12,2,0,3,1,2,0.26,0.2273,0.65,0.2985,0,1,1
17262,2012-12-27,1,1,12,2,0,4,1,2,0.24,0.197,0.87,0.4478,0,2,2
17286,2012-12-28,1,1,12,2,0,5,1,1,0.24,0.2273,0.6,0.2537,0,5,5
17310,2012-12-29,1,1,12,2,0,6,0,2,0.24,0.2424,0.7,0,1,18,19
17334,2012-12-30,1,1,12,2,0,0,0,2,0.26,0.2424,0.56,0.2836,0,19,19
17358,2012-12-31,1,1,12,2,0,1,1,1,0.16,0.1667,0.59,0.1642,3,8,11
