4,2011-01-01,1,0,1,3,0,6,0,1,0.24,0.2879,0.75,0,3,10,13
28,2011-01-02,1,0,1,3,0,0,0,2,0.46,0.4545,0.94,0.194,2,4,6
165,2011-01-08,1,0,1,3,0,6,0,3,0.18,0.197,0.55,0.1642,0,7,7
189,2011-01-09,1,0,1,3,0,0,0,1,0.1,0.0758,0.46,0.4179,0,4,4
213,2011-01-10,1,0,1,3,0,1,1,1,0.12,0.1212,0.5,0.2239,0,1,1
281,2011-01-13,1,0,1,3,0,4,1,1,0.14,0.1212,0.5,0.3284,0,3,3
305,2011-01-14,1,0,1,3,0,5,1,1,0.1,0.1364,0.54,0.1045,0,1,1
328,2011-01-15,1,0,1,3,0,6,0,2,0.16,0.2273,0.59,0,1,7,8
352,2011-01-16,1,0,1,3,0,0,0,1,0.22,0.2727,0.69,0,9,6,15
376,2011-01-17,1,0,1,3,1,1,0,2,0.18,0.1818,0.43,0.194,0,2,2
435,2011-01-20,1,0,1,3,0,4,1,1,0.26,0.2576,0.56,0.1642,0,1,1
459,2011-01-21,1,0,1,3,0,5,1,3,0.22,0.2121,0.8,0.2985,0,1,1
483,2011-01-22,1,0,1,3,0,6,0,2,0.04,0.0303,0.41,0.2836,1,6,7
506,2011-01-23,1,0,1,3,0,0,0,1,0.02,0.0606,0.62,0.1343,1,4,5
528,2011-01-24,1,0,1,3,0,1,1,1,0.04,0.0303,0.45,0.2537,0,1,1
599,2011-01-28,1,0,1,3,0,5,1,2,0.2,0.2273,0.75,0.1045,1,0,1
622,2011-01-29,1,0,1,3,0,6,0,1,0.2,0.2121,0.64,0.1343,3,5,8
645,2011-01-30,1,0,1,3,0,0,0,1,0.14,0.2121,0.93,0,1,7,8
668,2011-01-31,1,0,1,3,0,1,1,1,0.22,0.2273,0.64,0.194,0,2,2
692,2011-02-01,1,0,2,3,0,2,1,2,0.16,0.2273,0.69,0,0,2,2
715,2011-02-02,1,0,2,3,0,3,1,3,0.22,0.2273,0.93,0.1343,0,1,1
739,2011-02-03,1,0,2,3,0,4,1,1,0.18,0.1667,0.43,0.2537,0,1,1
762,2011-02-04,1,0,2,3,0,5,1,2,0.14,0.1667,0.63,0.1045,0,1,1
785,2011-02-05,1,0,2,3,0,6,0,2,0.24,0.2424,0.75,0.1642,1,10,11
809,2011-02-06,1,0,2,3,0,0,0,1,0.26,0.2879,0.6,0.0896,3,10,13
833,2011-02-07,1,0,2,3,0,1,1,1,0.2,0.2576,0.86,0,0,1,1
857,2011-02-08,1,0,2,3,0,2,1,3,0.28,0.2727,0.93,0.1642,0,1,1
881,2011-02-09,1,0,2,3,0,3,1,1,0.06,0.0758,0.45,0.1343,0,2,2
949,2011-02-12,1,0,2,3,0,6,0,1,0.12,0.197,0.8,0,3,7,10
973,2011-02-13,1,0,2,3,0,0,0,2,0.2,0.2273,0.69,0.1045,4,8,12
996,2011-02-14,1,0,2,3,0,1,1,1,0.34,0.3182,0.46,0.2239,1,1,2
1042,2011-02-16,1,0,2,3,0,3,1,2,0.2,0.197,0.47,0.194,0,1,1
1066,2011-02-17,1,0,2,3,0,4,1,1,0.34,0.3333,0.53,0.194,3,1,4
1090,2011-02-18,1,0,2,3,0,5,1,1,0.46,0.4545,0.67,0.2537,2,6,8
1114,2011-02-19,1,0,2,3,0,6,0,1,0.42,0.4242,0.14,0.2985,0,7,7
1138,2011-02-20,1,0,2,3,0,0,0,1,0.22,0.1818,0.44,0.5522,9,9,18
1161,2011-02-21,1,0,2,3,1,1,0,2,0.34,0.303,0.42,0.2985,2,3,5
1203,2011-02-23,1,0,2,3,0,3,1,1,0.12,0.1364,0.5,0.1642,0,2,2
1226,2011-02-24,1,0,2,3,0,4,1,1,0.2,0.2121,0.64,0.1343,0,2,2
1249,2011-02-25,1,0,2,3,0,5,1,2,0.32,0.3333,0.93,0.1045,1,1,2
1272,2011-02-26,1,0,2,3,0,6,0,1,0.22,0.2273,0.55,0.1343,1,7,8
1296,2011-02-27,1,0,2,3,0,0,0,1,0.26,0.2879,0.87,0.0896,3,8,11
1318,2011-02-28,1,0,2,3,0,1,1,3,0.32,0.3182,0.93,0.1642,0,1,1
1341,2011-03-01,1,0,3,3,0,2,1,1,0.22,0.2121,0.69,0.2836,0,2,2
1365,2011-03-02,1,0,3,3,0,3,1,1,0.22,0.2121,0.69,0.2836,3,1,4
1389,2011-03-03,1,0,3,3,0,4,1,1,0.2,0.1667,0.27,0.4627,0,1,1
1413,2011-03-04,1,0,3,3,0,5,1,2,0.18,0.1667,0.74,0.2537,0,1,1
1437,2011-03-05,1,0,3,3,0,6,0,2,0.3,0.2879,0.87,0.194,0,2,2
1461,2011-03-06,1,0,3,3,0,0,0,2,0.42,0.4242,0.82,0.2985,2,9,11
1483,2011-03-07,1,0,3,3,0,1,1,1,0.2,0.1515,0.8,0.5821,0,1,1
1507,2011-03-08,1,0,3,3,0,2,1,1,0.24,0.2576,0.52,0.0896,5,2,7
1531,2011-03-09,1,0,3,3,0,3,1,1,0.24,0.2576,0.7,0.0896,1,2,3
1577,2011-03-11,1,0,3,3,0,5,1,2,0.32,0.3333,0.93,0.0896,0,2,2
1600,2011-03-12,1,0,3,3,0,6,0,1,0.24,0.2273,0.65,0.2537,1,6,7
1623,2011-03-13,1,0,3,3,0,0,0,1,0.34,0.3333,0.76,0.1343,6,17,23
1647,2011-03-14,1,0,3,3,0,1,1,1,0.26,0.2727,0.65,0.1343,0,3,3
1692,2011-03-16,1,0,3,3,0,3,1,2,0.28,0.2727,1,0.2239,1,2,3
1716,2011-03-17,1,0,3,3,0,4,1,1,0.34,0.3333,0.66,0.1642,1,1,2
1740,2011-03-18,1,0,3,3,0,5,1,1,0.36,0.3485,0.71,0.194,1,4,5
1763,2011-03-19,1,0,3,3,0,6,0,2,0.54,0.5152,0.39,0.3284,1,7,8
1787,2011-03-20,1,0,3,3,0,0,0,1,0.28,0.2727,0.56,0.2537,1,11,12
1811,2011-03-21,2,0,3,3,0,1,1,2,0.34,0.303,0.71,0.3284,0,1,1
1834,2011-03-22,2,0,3,3,0,2,1,1,0.44,0.4394,0.82,0.2239,3,2,5
1858,2011-03-23,2,0,3,3,0,3,1,2,0.34,0.3182,0.76,0.2537,0,3,3
1881,2011-03-24,2,0,3,3,0,4,1,2,0.28,0.2727,1,0.194,1,0,1
1905,2011-03-25,2,0,3,3,0,5,1,1,0.2,0.2273,0.69,0.1045,0,2,2
1929,2011-03-26,2,0,3,3,0,6,0,1,0.2,0.197,0.47,0.194,2,7,9
1953,2011-03-27,2,0,3,3,0,0,0,3,0.2,0.197,0.69,0.2239,0,14,14
1976,2011-03-28,2,0,3,3,0,1,1,1,0.22,0.2273,0.44,0.1642,0,2,2
1999,2011-03-29,2,0,3,3,0,2,1,1,0.24,0.2121,0.32,0.2985,2,1,3
2023,2011-03-30,2,0,3,3,0,3,1,2,0.32,0.3485,0.49,0,0,4,4
2047,2011-03-31,2,0,3,3,0,4,1,3,0.24,0.2273,0.93,0.2239,0,1,1
2071,2011-04-01,2,0,4,3,0,5,1,2,0.24,0.2273,0.93,0.2537,0,4,4
2095,2011-04-02,2,0,4,3,0,6,0,1,0.24,0.2424,0.7,0.1642,1,8,9
2119,2011-04-03,2,0,4,3,0,0,0,1,0.3,0.3333,0.61,0,3,8,11
2143,2011-04-04,2,0,4,3,0,1,1,1,0.38,0.3939,0.66,0.2836,1,0,1
2167,2011-04-05,2,0,4,3,0,2,1,2,0.54,0.5152,0.73,0.3284,1,3,4
2191,2011-04-06,2,0,4,3,0,3,1,1,0.26,0.2727,0.6,0.1343,0,4,4
2215,2011-04-07,2,0,4,3,0,4,1,1,0.36,0.3485,0.66,0.194,0,3,3
2239,2011-04-08,2,0,4,3,0,5,1,3,0.34,0.3333,0.76,0.1642,0,1,1
2263,2011-04-09,2,0,4,3,0,6,0,3,0.3,0.2879,1,0.2537,3,11,14
2287,2011-04-10,2,0,4,3,0,0,0,2,0.38,0.3939,0.87,0.1343,5,11,16
2334,2011-04-12,2,0,4,3,0,2,1,2,0.58,0.5455,0.56,0.1343,0,1,1
2358,2011-04-13,2,0,4,3,0,3,1,3,0.4,0.4091,0.94,0.3284,0,2,2
2382,2011-04-14,2,0,4,3,0,4,1,1,0.34,0.3333,0.81,0.1343,0,2,2
2406,2011-04-15,2,0,4,3,1,5,0,1,0.4,0.4091,0.76,0,0,3,3
2430,2011-04-16,2,0,4,3,0,6,0,2,0.36,0.3485,0.87,0.1642,5,9,14
2454,2011-04-17,2,0,4,3,0,0,0,1,0.4,0.4091,0.66,0.1343,12,13,25
2478,2011-04-18,2,0,4,3,0,1,1,1,0.42,0.4242,0.62,0.1045,6,1,7
2502,2011-04-19,2,0,4,3,0,2,1,1,0.48,0.4697,0.63,0.2239,0,3,3
2526,2011-04-20,2,0,4,3,0,3,1,1,0.42,0.4242,0.94,0,0,2,2
2550,2011-04-21,2,0,4,3,0,4,1,2,0.46,0.4545,0.51,0.4627,4,3,7
2574,2011-04-22,2,0,4,3,0,5,1,1,0.36,0.3333,0.53,0.2985,0,2,2
2598,2011-04-23,2,0,4,3,0,6,0,3,0.32,0.3333,1,0.0896,0,4,4
2622,2011-04-24,2,0,4,3,0,0,0,1,0.5,0.4848,0.94,0.0896,4,20,24
2646,2011-04-25,2,0,4,3,0,1,1,2,0.5,0.4848,1,0.1045,2,8,10
2670,2011-04-26,2,0,4,3,0,2,1,1,0.54,0.5152,0.88,0.2836,17,4,21
2694,2011-04-27,2,0,4,3,0,3,1,2,0.58,0.5455,0.88,0.2836,3,4,7
2718,2011-04-28,2,0,4,3,0,4,1,2,0.64,0.5909,0.78,0.3881,2,1,3
2742,2011-04-29,2,0,4,3,0,5,1,1,0.46,0.4545,0.59,0.0896,1,4,5
2766,2011-04-30,2,0,4,3,0,6,0,2,0.42,0.4242,0.54,0.194,4,13,17
2790,2011-05-01,2,0,5,3,0,0,0,1,0.4,0.4091,0.82,0.1045,8,15,23
2814,2011-05-02,2,0,5,3,0,1,1,1,0.44,0.4394,0.77,0.1343,9,7,16
2838,2011-05-03,2,0,5,3,0,2,1,1,0.54,0.5152,0.83,0.2836,0,2,2
2862,2011-05-04,2,0,5,3,0,3,1,3,0.42,0.4242,0.88,0.5224,0,1,1
2886,2011-05-05,2,0,5,3,0,4,1,1,0.34,0.3182,0.66,0.2537,0,4,4
2910,2011-05-06,2,0,5,3,0,5,1,1,0.36,0.3636,0.71,0.1045,3,6,9
2934,2011-05-07,2,0,5,3,0,6,0,1,0.42,0.4242,0.77,0.0896,9,9,18
2958,2011-05-08,2,0,5,3,0,0,0,1,0.46,0.4545,0.72,0.0896,10,21,31
2982,2011-05-09,2,0,5,3,0,1,1,1,0.46,0.4545,0.82,0.0896,0,7,7
3006,2011-05-10,2,0,5,3,0,2,1,1,0.44,0.4394,0.54,0.194,1,3,4
3030,2011-05-11,2,0,5,3,0,3,1,1,0.5,0.4848,0.63,0.2239,0,3,3
3054,2011-05-12,2,0,5,3,0,4,1,1,0.44,0.4394,0.88,0.1343,0,5,5
3078,2011-05-13,2,0,5,3,0,5,1,2,0.5,0.4848,0.88,0.1343,2,2,4
3102,2011-05-14,2,0,5,3,0,6,0,2,0.5,0.4848,0.88,0.1343,5,30,35
3126,2011-05-15,2,0,5,3,0,0,0,2,0.52,0.5,1,0,11,21,32
3150,2011-05-16,2,0,5,3,0,1,1,1,0.5,0.4848,0.94,0.1642,1,3,4
3174,2011-05-17,2,0,5,3,0,2,1,3,0.54,0.5152,0.94,0.2537,1,3,4
3198,2011-05-18,2,0,5,3,0,3,1,3,0.52,0.5,0.94,0.2985,6,3,9
3222,2011-05-19,2,0,5,3,0,4,1,1,0.48,0.4697,1,0,1,3,4
3246,2011-05-20,2,0,5,3,0,5,1,1,0.44,0.4394,1,0,1,4,5
3270,2011-05-21,2,0,5,3,0,6,0,1,0.48,0.4697,0.82,0.1045,7,12,19
3294,2011-05-22,2,0,5,3,0,0,0,1,0.5,0.4848,1,0.1045,10,23,33
3318,2011-05-23,2,0,5,3,0,1,1,3,0.54,0.5152,0.94,0.1642,0,4,4
3342,2011-05-24,2,0,5,3,0,2,1,2,0.58,0.5455,0.94,0.1045,0,2,2
3366,2011-05-25,2,0,5,3,0,3,1,1,0.54,0.5152,1,0.1343,0,9,9
3390,2011-05-26,2,0,5,3,0,4,1,1,0.6,0.5455,0.88,0.0896,0,4,4
3414,2011-05-27,2,0,5,3,0,5,1,1,0.66,0.6212,0.65,0.0896,1,11,12
3438,2011-05-28,2,0,5,3,0,6,0,1,0.56,0.5303,0.88,0.2239,2,13,15
3462,2011-05-29,2,0,5,3,0,0,0,1,0.62,0.5606,0.88,0.1045,2,24,26
3486,2011-05-30,2,0,5,3,1,1,0,1,0.64,0.5606,0.94,0.194,10,8,18
3510,2011-05-31,2,0,5,3,0,2,1,2,0.64,0.5606,0.94,0,1,3,4
3534,2011-06-01,2,0,6,3,0,3,1,1,0.68,0.6364,0.89,0.194,0,6,6
3558,2011-06-02,2,0,6,3,0,4,1,1,0.66,0.6212,0.44,0.1045,0,4,4
3582,2011-06-03,2,0,6,3,0,5,1,1,0.54,0.5152,0.49,0.2239,0,5,5
3606,2011-06-04,2,0,6,3,0,6,0,1,0.52,0.5,0.59,0.1045,8,10,18
3630,2011-06-05,2,0,6,3,0,0,0,2,0.62,0.6061,0.65,0.1642,22,25,47
3654,2011-06-06,2,0,6,3,0,1,1,1,0.58,0.5455,0.88,0,2,3,5
3678,2011-06-07,2,0,6,3,0,2,1,1,0.6,0.5909,0.73,0.0896,1,1,2
3702,2011-06-08,2,0,6,3,0,3,1,1,0.64,0.5758,0.89,0.0896,2,1,3
3726,2011-06-09,2,0,6,3,0,4,1,2,0.72,0.7121,0.84,0.1045,0,2,2
3750,2011-06-10,2,0,6,3,0,5,1,1,0.68,0.6364,0.69,0.1642,3,3,6
3774,2011-06-11,2,0,6,3,0,6,0,1,0.68,0.6364,0.83,0.0896,10,18,28
3798,2011-06-12,2,0,6,3,0,0,0,1,0.64,0.5758,0.89,0.2836,8,20,28
3822,2011-06-13,2,0,6,3,0,1,1,1,0.6,0.6061,0.6,0.4925,1,6,7
3846,2011-06-14,2,0,6,3,0,2,1,1,0.58,0.5455,0.53,0.3284,1,1,2
3870,2011-06-15,2,0,6,3,0,3,1,1,0.5,0.4848,0.68,0.2537,0,1,1
3894,2011-06-16,2,0,6,3,0,4,1,2,0.56,0.5303,0.73,0.0896,0,4,4
3918,2011-06-17,2,0,6,3,0,5,1,1,0.56,0.5303,0.94,0.1045,1,5,6
3942,2011-06-18,2,0,6,3,0,6,0,1,0.6,0.5455,0.88,0.0896,4,16,20
3966,2011-06-19,2,0,6,3,0,0,0,2,0.66,0.6061,0.78,0.1343,14,16,30
3990,2011-06-20,2,0,6,3,0,1,1,3,0.64,0.5758,0.89,0,1,0,1
4014,2011-06-21,3,0,6,3,0,2,1,3,0.62,0.5758,0.83,0.1642,0,2,2
4038,2011-06-22,3,0,6,3,0,3,1,1,0.66,0.6061,0.78,0.1343,0,7,7
4062,2011-06-23,3,0,6,3,0,4,1,2,0.72,0.697,0.74,0.1642,1,4,5
4086,2011-06-24,3,0,6,3,0,5,1,1,0.66,0.6061,0.83,0.1642,1,4,5
4110,2011-06-25,3,0,6,3,0,6,0,1,0.64,0.6212,0.57,0.194,18,21,39
4134,2011-06-26,3,0,6,3,0,0,0,1,0.6,0.6061,0.64,0.1045,12,22,34
4158,2011-06-27,3,0,6,3,0,1,1,3,0.62,0.5909,0.78,0.1343,0,2,2
4182,2011-06-28,3,0,6,3,0,2,1,2,0.66,0.6212,0.74,0,0,2,2
4206,2011-06-29,3,0,6,3,0,3,1,2,0.66,0.6061,0.83,0.1045,2,3,5
4230,2011-06-30,3,0,6,3,0,4,1,1,0.6,0.6061,0.6,0.1642,2,7,9
4254,2011-07-01,3,0,7,3,0,5,1,1,0.64,0.6212,0.53,0,5,6,11
4278,2011-07-02,3,0,7,3,0,6,0,1,0.64,0.6212,0.53,0,5,21,26
4302,2011-07-03,3,0,7,3,0,0,0,3,0.68,0.6364,0.65,0.0896,8,25,33
4326,2011-07-04,3,0,7,3,1,1,0,1,0.64,0.5909,0.78,0,13,13,26
4350,2011-07-05,3,0,7,3,0,2,1,1,0.66,0.6212,0.74,0.2239,1,7,8
4374,2011-07-06,3,0,7,3,0,3,1,1,0.7,0.6667,0.79,0,0,6,6
4398,2011-07-07,3,0,7,3,0,4,1,1,0.64,0.5606,0.94,0.1045,2,2,4
4422,2011-07-08,3,0,7,3,0,5,1,1,0.68,0.6364,0.79,0.1045,2,4,6
4446,2011-07-09,3,0,7,3,0,6,0,1,0.64,0.5758,0.89,0.1343,7,23,30
4470,2011-07-10,3,0,7,3,0,0,0,1,0.66,0.6212,0.74,0.0896,6,19,25
4494,2011-07-11,3,0,7,3,0,1,1,1,0.68,0.6364,0.65,0.1642,2,8,10
4518,2011-07-12,3,0,7,3,0,2,1,2,0.7,0.6667,0.79,0,2,6,8
4542,2011-07-13,3,0,7,3,0,3,1,1,0.74,0.6818,0.58,0.194,0,4,4
4566,2011-07-14,3,0,7,3,0,4,1,1,0.62,0.6212,0.57,0.2985,1,5,6
4590,2011-07-15,3,0,7,3,0,5,1,1,0.6,0.5909,0.73,0.194,1,6,7
4614,2011-07-16,3,0,7,3,0,6,0,1,0.6,0.5758,0.78,0.1343,6,20,26
4638,2011-07-17,3,0,7,3,0,0,0,1,0.64,0.6061,0.69,0.2239,21,26,47
4662,2011-07-18,3,0,7,3,0,1,1,1,0.66,0.6061,0.78,0.194,3,4,7
4686,2011-07-19,3,0,7,3,0,2,1,1,0.72,0.6818,0.7,0.1642,2,1,3
4710,2011-07-20,3,0,7,3,0,3,1,1,0.7,0.6667,0.84,0.1045,2,4,6
4734,2011-07-21,3,0,7,3,0,4,1,2,0.74,0.7121,0.79,0.1343,1,5,6
4758,2011-07-22,3,0,7,3,0,5,1,1,0.78,0.7879,0.75,0.1045,1,6,7
4782,2011-07-23,3,0,7,3,0,6,0,1,0.78,0.7576,0.66,0.0896,6,16,22
4806,2011-07-24,3,0,7,3,0,0,0,1,0.8,0.7879,0.63,0.0896,17,20,37
4830,2011-07-25,3,0,7,3,0,1,1,1,0.74,0.7121,0.79,0,2,2,4
4854,2011-07-26,3,0,7,3,0,2,1,1,0.68,0.6364,0.89,0.1343,2,2,4
4878,2011-07-27,3,0,7,3,0,3,1,1,0.72,0.6667,0.58,0.1642,0,4,4
4902,2011-07-28,3,0,7,3,0,4,1,1,0.72,0.6667,0.54,0,0,5,5
4926,2011-07-29,3,0,7,3,0,5,1,1,0.74,0.7121,0.79,0,2,9,11
4950,2011-07-30,3,0,7,3,0,6,0,1,0.74,0.6818,0.62,0.1642,18,25,43
4974,2011-07-31,3,0,7,3,0,0,0,1,0.74,0.697,0.66,0,24,26,50
4998,2011-08-01,3,0,8,3,0,1,1,1,0.7,0.6667,0.79,0.1642,0,4,4
5022,2011-08-02,3,0,8,3,0,2,1,1,0.66,0.6212,0.74,0.194,0,5,5
5046,2011-08-03,3,0,8,3,0,3,1,2,0.76,0.697,0.55,0.0896,0,4,4
5070,2011-08-04,3,0,8,3,0,4,1,3,0.66,0.5909,0.94,0.0896,0,3,3
5094,2011-08-05,3,0,8,3,0,5,1,1,0.64,0.5909,0.78,0.0896,0,6,6
5118,2011-08-06,3,0,8,3,0,6,0,2,0.66,0.6061,0.78,0.1642,14,28,42
5142,2011-08-07,3,0,8,3,0,0,0,2,0.7,0.6667,0.84,0.1343,9,23,32
5166,2011-08-08,3,0,8,3,0,1,1,1,0.66,0.5909,0.89,0,1,0,1
5190,2011-08-09,3,0,8,3,0,2,1,1,0.72,0.6818,0.62,0,0,3,3
5214,2011-08-10,3,0,8,3,0,3,1,1,0.7,0.6515,0.58,0.1642,1,3,4
5238,2011-08-11,3,0,8,3,0,4,1,1,0.64,0.6212,0.57,0.1343,2,7,9
5262,2011-08-12,3,0,8,3,0,5,1,1,0.62,0.6212,0.53,0.1642,0,9,9
5286,2011-08-13,3,0,8,3,0,6,0,1,0.66,0.6212,0.65,0.1343,9,18,27
5310,2011-08-14,3,0,8,3,0,0,0,2,0.64,0.5606,0.94,0.2537,5,22,27
5334,2011-08-15,3,0,8,3,0,1,1,1,0.6,0.5606,0.83,0.194,1,6,7
5358,2011-08-16,3,0,8,3,0,2,1,1,0.62,0.5909,0.73,0.2239,1,5,6
5382,2011-08-17,3,0,8,3,0,3,1,1,0.64,0.5909,0.78,0,1,4,5
5406,2011-08-18,3,0,8,3,0,4,1,1,0.66,0.6212,0.69,0.2836,0,6,6
5430,2011-08-19,3,0,8,3,0,5,1,1,0.64,0.5909,0.78,0,2,1,3
5454,2011-08-20,3,0,8,3,0,6,0,1,0.62,0.5909,0.78,0,9,42,51
5478,2011-08-21,3,0,8,3,0,0,0,1,0.66,0.6061,0.83,0.2239,25,26,51
5502,2011-08-22,3,0,8,3,0,1,1,3,0.7,0.6515,0.65,0.1343,0,5,5
5526,2011-08-23,3,0,8,3,0,2,1,1,0.56,0.5303,0.52,0.2836,2,4,6
5550,2011-08-24,3,0,8,3,0,3,1,1,0.58,0.5455,0.68,0.1343,0,1,1
5574,2011-08-25,3,0,8,3,0,4,1,1,0.66,0.6212,0.74,0.3284,2,2,4
5598,2011-08-26,3,0,8,3,0,5,1,1,0.6,0.5455,0.88,0.1045,3,8,11
5622,2011-08-27,3,0,8,3,0,6,0,2,0.7,0.6667,0.84,0.2239,8,22,30
5657,2011-08-29,3,0,8,3,0,1,1,1,0.6,0.5909,0.69,0.1045,1,5,6
5681,2011-08-30,3,0,8,3,0,2,1,1,0.54,0.5152,0.73,0.194,2,2,4
5705,2011-08-31,3,0,8,3,0,3,1,1,0.56,0.5303,0.78,0,2,4,6
5729,2011-09-01,3,0,9,3,0,4,1,1,0.58,0.5455,0.78,0.0896,7,7,14
5753,2011-09-02,3,0,9,3,0,5,1,2,0.6,0.5606,0.83,0.1642,4,4,8
5777,2011-09-03,3,0,9,3,0,6,0,1,0.62,0.5909,0.73,0.1642,17,18,35
5801,2011-09-04,3,0,9,3,0,0,0,1,0.64,0.5758,0.89,0.194,20,23,43
5825,2011-09-05,3,0,9,3,1,1,0,2,0.68,0.6364,0.74,0.2985,4,12,16
5848,2011-09-06,3,0,9,3,0,2,1,3,0.54,0.5152,0.94,0.2985,1,0,1
5872,2011-09-07,3,0,9,3,0,3,1,3,0.56,0.5303,0.94,0.1343,1,1,2
5895,2011-09-08,3,0,9,3,0,4,1,3,0.62,0.5455,0.94,0,0,2,2
5919,2011-09-09,3,0,9,3,0,5,1,2,0.62,0.5455,0.94,0.2537,1,1,2
5943,2011-09-10,3,0,9,3,0,6,0,1,0.58,0.5455,1,0.1343,8,29,37
5967,2011-09-11,3,0,9,3,0,0,0,2,0.62,0.5909,0.78,0.0896,15,30,45
6014,2011-09-13,3,0,9,3,0,2,1,1,0.58,0.5455,0.83,0,2,2,4
6038,2011-09-14,3,0,9,3,0,3,1,1,0.6,0.5455,0.88,0.1343,1,7,8
6062,2011-09-15,3,0,9,3,0,4,1,1,0.62,0.5909,0.73,0.0896,3,5,8
6086,2011-09-16,3,0,9,3,0,5,1,1,0.4,0.4091,0.71,0.2537,2,4,6
6110,2011-09-17,3,0,9,3,0,6,0,1,0.46,0.4545,0.72,0.1343,7,21,28
6134,2011-09-18,3,0,9,3,0,0,0,1,0.44,0.4394,0.82,0.194,11,25,36
6158,2011-09-19,3,0,9,3,0,1,1,2,0.5,0.4848,0.77,0.1343,1,4,5
6182,2011-09-20,3,0,9,3,0,2,1,2,0.54,0.5152,0.83,0.2239,0,3,3
6206,2011-09-21,3,0,9,3,0,3,1,2,0.54,0.5152,0.94,0.0896,0,6,6
6230,2011-09-22,3,0,9,3,0,4,1,2,0.6,0.5152,0.94,0.0896,5,7,12
6254,2011-09-23,4,0,9,3,0,5,1,2,0.6,0.5,1,0,3,5,8
6278,2011-09-24,4,0,9,3,0,6,0,1,0.58,0.5455,0.94,0,4,27,31
6302,2011-09-25,4,0,9,3,0,0,0,3,0.6,0.5152,0.94,0,20,39,59
6326,2011-09-26,4,0,9,3,0,1,1,2,0.62,0.5455,0.94,0,0,5,5
6350,2011-09-27,4,0,9,3,0,2,1,2,0.62,0.5455,0.94,0,5,5,10
6374,2011-09-28,4,0,9,3,0,3,1,2,0.6,0.5152,0.94,0.0896,0,3,3
6398,2011-09-29,4,0,9,3,0,4,1,2,0.6,0.5152,0.94,0.194,0,8,8
6422,2011-09-30,4,0,9,3,0,5,1,1,0.52,0.5,0.83,0.1045,0,3,3
6446,2011-10-01,4,0,10,3,0,6,0,1,0.46,0.4545,0.59,0.4179,8,17,25
6470,2011-10-02,4,0,10,3,0,0,0,3,0.34,0.3182,0.87,0.2836,4,5,9
6494,2011-10-03,4,0,10,3,0,1,1,1,0.36,0.3788,0.81,0,1,6,7
6518,2011-10-04,4,0,10,3,0,2,1,1,0.4,0.4091,0.82,0.1045,3,3,6
6542,2011-10-05,4,0,10,3,0,3,1,1,0.46,0.4545,0.82,0.1045,1,5,6
6566,2011-10-06,4,0,10,3,0,4,1,1,0.44,0.4394,0.67,0.2239,1,4,5
6590,2011-10-07,4,0,10,3,0,5,1,1,0.4,0.4091,0.87,0,1,9,10
6614,2011-10-08,4,0,10,3,0,6,0,1,0.44,0.4394,0.88,0,4,16,20
6638,2011-10-09,4,0,10,3,0,0,0,1,0.44,0.4394,0.88,0,10,20,30
6662,2011-10-10,4,0,10,3,1,1,0,1,0.46,0.4545,0.88,0,2,9,11
6686,2011-10-11,4,0,10,3,0,2,1,2,0.52,0.5,0.88,0.1045,2,1,3
6710,2011-10-12,4,0,10,3,0,3,1,3,0.54,0.5152,0.94,0.2985,0,2,2
6734,2011-10-13,4,0,10,3,0,4,1,2,0.54,0.5152,1,0.194,2,4,6
6758,2011-10-14,4,0,10,3,0,5,1,1,0.56,0.5303,0.94,0.1343,1,6,7
6782,2011-10-15,4,0,10,3,0,6,0,1,0.44,0.4394,0.62,0.194,5,18,23
6806,2011-10-16,4,0,10,3,0,0,0,1,0.42,0.4242,0.54,0.1343,11,31,42
6830,2011-10-17,4,0,10,3,0,1,1,1,0.56,0.5303,0.49,0.194,0,2,2
6854,2011-10-18,4,0,10,3,0,2,1,1,0.44,0.4394,0.94,0.0896,0,1,1
6901,2011-10-20,4,0,10,3,0,4,1,1,0.5,0.4848,0.82,0.4627,0,1,1
6925,2011-10-21,4,0,10,3,0,5,1,1,0.36,0.3485,0.71,0.1343,0,7,7
6949,2011-10-22,4,0,10,3,0,6,0,1,0.4,0.4091,0.62,0.1343,1,19,20
6973,2011-10-23,4,0,10,3,0,0,0,1,0.34,0.3636,0.87,0,15,31,46
6997,2011-10-24,4,0,10,3,0,1,1,1,0.4,0.4091,0.82,0.0896,1,3,4
7021,2011-10-25,4,0,10,3,0,2,1,1,0.4,0.4091,0.87,0,1,3,4
7045,2011-10-26,4,0,10,3,0,3,1,1,0.44,0.4394,0.67,0.2239,0,3,3
7069,2011-10-27,4,0,10,3,0,4,1,3,0.46,0.4545,0.94,0,1,3,4
7093,2011-10-28,4,0,10,3,0,5,1,1,0.3,0.2879,0.7,0.2836,4,4,8
7117,2011-10-29,4,0,10,3,0,6,0,3,0.3,0.2727,0.81,0.4179,0,8,8
7141,2011-10-30,4,0,10,3,0,0,0,1,0.24,0.2121,0.75,0.3582,7,26,33
7165,2011-10-31,4,0,10,3,0,1,1,1,0.24,0.2576,0.87,0.1045,0,3,3
7189,2011-11-01,4,0,11,3,0,2,1,2,0.36,0.3485,0.81,0.1343,1,5,6
7213,2011-11-02,4,0,11,3,0,3,1,1,0.3,0.3333,0.75,0,0,2,2
7237,2011-11-03,4,0,11,3,0,4,1,1,0.34,0.3333,0.81,0.1343,1,4,5
7261,2011-11-04,4,0,11,3,0,5,1,2,0.38,0.3939,0.87,0.1642,1,7,8
7285,2011-11-05,4,0,11,3,0,6,0,1,0.3,0.2727,0.52,0.2985,0,8,8
7309,2011-11-06,4,0,11,3,0,0,0,1,0.24,0.2879,0.87,0,5,4,9
7333,2011-11-07,4,0,11,3,0,1,1,1,0.32,0.3485,0.93,0,0,3,3
7357,2011-11-08,4,0,11,3,0,2,1,1,0.32,0.3485,0.87,0,0,3,3
7381,2011-11-09,4,0,11,3,0,3,1,1,0.32,0.3485,0.93,0,0,4,4
7405,2011-11-10,4,0,11,3,0,4,1,1,0.38,0.3939,0.94,0.0896,0,11,11
7429,2011-11-11,4,0,11,3,1,5,0,1,0.3,0.2879,0.61,0.194,0,6,6
7453,2011-11-12,4,0,11,3,0,6,0,1,0.24,0.2424,0.7,0.1343,4,13,17
7477,2011-11-13,4,0,11,3,0,0,0,2,0.36,0.3485,0.62,0.1343,8,20,28
7501,2011-11-14,4,0,11,3,0,1,1,1,0.44,0.4394,0.67,0.2836,4,3,7
7525,2011-11-15,4,0,11,3,0,2,1,2,0.54,0.5152,0.68,0.3284,0,4,4
7549,2011-11-16,4,0,11,3,0,3,1,2,0.46,0.4545,0.94,0.1045,2,3,5
7573,2011-11-17,4,0,11,3,0,4,1,2,0.42,0.4242,0.77,0.3284,0,3,3
7597,2011-11-18,4,0,11,3,0,5,1,1,0.24,0.2121,0.41,0.2836,0,2,2
7621,2011-11-19,4,0,11,3,0,6,0,1,0.26,0.2424,0.48,0.2537,4,11,15
7645,2011-11-20,4,0,11,3,0,0,0,2,0.4,0.4091,0.66,0.2836,6,31,37
7669,2011-11-21,4,0,11,3,0,1,1,3,0.44,0.4394,1,0.1343,0,4,4
7693,2011-11-22,4,0,11,3,0,2,1,3,0.38,0.3939,1,0.1045,1,2,3
7717,2011-11-23,4,0,11,3,0,3,1,3,0.5,0.4848,0.94,0.3582,1,2,3
7741,2011-11-24,4,0,11,3,1,4,0,1,0.28,0.2879,0.65,0.1343,1,4,5
7765,2011-11-25,4,0,11,3,0,5,1,1,0.28,0.2879,0.75,0.1045,0,2,2
7789,2011-11-26,4,0,11,3,0,6,0,1,0.3,0.3333,0.81,0,8,9,17
7813,2011-11-27,4,0,11,3,0,0,0,1,0.34,0.3636,0.87,0,9,8,17
7836,2011-11-28,4,0,11,3,0,1,1,1,0.44,0.4394,0.88,0.2239,1,4,5
7860,2011-11-29,4,0,11,3,0,2,1,2,0.5,0.4848,0.88,0,0,2,2
7884,2011-11-30,4,0,11,3,0,3,1,1,0.32,0.3182,0.7,0.1642,0,1,1
7908,2011-12-01,4,0,12,3,0,4,1,1,0.26,0.2424,0.56,0.2537,1,6,7
7932,2011-12-02,4,0,12,3,0,5,1,1,0.22,0.2727,0.8,0,0,1,1
7956,2011-12-03,4,0,12,3,0,6,0,1,0.24,0.2424,0.7,0.1343,4,5,9
7980,2011-12-04,4,0,12,3,0,0,0,1,0.28,0.3182,0.75,0,7,34,41
8004,2011-12-05,4,0,12,3,0,1,1,1,0.32,0.3485,0.87,0,0,2,2
8028,2011-12-06,4,0,12,3,0,2,1,2,0.46,0.4545,0.87,0.194,0,3,3
8052,2011-12-07,4,0,12,3,0,3,1,3,0.46,0.4545,1,0.2239,0,3,3
8076,2011-12-08,4,0,12,3,0,4,1,1,0.26,0.2273,0.6,0.2985,0,1,1
8100,2011-12-09,4,0,12,3,0,5,1,1,0.22,0.2727,0.8,0,1,5,6
8124,2011-12-10,4,0,12,3,0,6,0,2,0.28,0.303,0.61,0.0896,5,20,25
8148,2011-12-11,4,0,12,3,0,0,0,1,0.16,0.1818,0.59,0.1343,2,17,19
8172,2011-12-12,4,0,12,3,0,1,1,1,0.18,0.2424,0.74,0,0,2,2
8196,2011-12-13,4,0,12,3,0,2,1,1,0.18,0.2424,0.8,0,0,3,3
8220,2011-12-14,4,0,12,3,0,3,1,1,0.28,0.3182,0.65,0,0,3,3
8244,2011-12-15,4,0,12,3,0,4,1,2,0.32,0.3333,0.7,0.1343,1,2,3
8268,2011-12-16,4,0,12,3,0,5,1,1,0.46,0.4545,0.82,0.1343,2,3,5
8292,2011-12-17,4,0,12,3,0,6,0,1,0.26,0.2576,0.6,0.194,4,22,26
8316,2011-12-18,4,0,12,3,0,0,0,1,0.22,0.2121,0.55,0.2239,2,16,18
8340,2011-12-19,4,0,12,3,0,1,1,1,0.16,0.197,0.86,0.0896,0,3,3
8364,2011-12-20,4,0,12,3,0,2,1,2,0.34,0.3636,0.61,0,1,1,2
8388,2011-12-21,1,0,12,3,0,3,1,2,0.36,0.3788,0.71,0,0,2,2
8412,2011-12-22,1,0,12,3,0,4,1,1,0.44,0.4394,0.67,0.1642,0,6,6
8436,2011-12-23,1,0,12,3,0,5,1,3,0.38,0.3939,0.94,0.1343,0,4,4
8460,2011-12-24,1,0,12,3,0,6,0,2,0.32,0.3333,0.7,0.0896,0,5,5
8484,2011-12-25,1,0,12,3,0,0,0,1,0.22,0.2727,0.72,0,1,3,4
8530,2011-12-27,1,0,12,3,0,2,1,2,0.3,0.2879,0.61,0.2239,0,3,3
8554,2011-12-28,1,0,12,3,0,3,1,1,0.32,0.303,0.61,0.2537,0,4,4
8577,2011-12-29,1,0,12,3,0,4,1,1,0.2,0.197,0.55,0.194,0,2,2
8601,2011-12-30,1,0,12,3,0,5,1,1,0.24,0.2576,0.7,0.1045,0,6,6
8625,2011-12-31,1,0,12,3,0,6,0,2,0.4,0.4091,0.62,0.2836,1,17,18
8649,2012-01-01,1,1,1,3,0,0,0,1,0.3,0.3333,0.81,0,11,41,52
8696,2012-01-03,1,1,1,3,0,2,1,1,0.16,0.1364,0.55,0.2836,0,2,2
8720,2012-01-04,1,1,1,3,0,3,1,1,0.02,0.0152,0.34,0.2836,0,1,1
8744,2012-01-05,1,1,1,3,0,4,1,1,0.2,0.2576,0.61,0,0,4,4
8768,2012-01-06,1,1,1,3,0,5,1,1,0.22,0.2424,0.69,0.1045,1,3,4
8792,2012-01-07,1,1,1,3,0,6,0,1,0.32,0.3333,0.57,0.1045,1,19,20
8816,2012-01-08,1,1,1,3,0,0,0,1,0.34,0.3333,0.42,0.1343,6,26,32
8840,2012-01-09,1,1,1,3,0,1,1,1,0.24,0.2424,0.52,0.1642,0,3,3
8887,2012-01-11,1,1,1,3,0,3,1,1,0.22,0.2727,0.8,0,0,4,4
8911,2012-01-12,1,1,1,3,0,4,1,3,0.36,0.3485,0.93,0.2537,0,3,3
8935,2012-01-13,1,1,1,3,0,5,1,1,0.36,0.3333,0.87,0.2537,3,4,7
8959,2012-01-14,1,1,1,3,0,6,0,1,0.14,0.1667,0.54,0.1045,6,14,20
8983,2012-01-15,1,1,1,3,0,0,0,2,0.16,0.1364,0.48,0.3881,1,24,25
9007,2012-01-16,1,1,1,3,1,1,0,1,0.12,0.197,0.5,0,0,3,3
9054,2012-01-18,1,1,1,3,0,3,1,2,0.44,0.4394,0.51,0.4925,1,3,4
9078,2012-01-19,1,1,1,3,0,4,1,1,0.12,0.1515,0.54,0.1045,0,4,4
9102,2012-01-20,1,1,1,3,0,5,1,1,0.24,0.2576,0.52,0.1045,0,4,4
9126,2012-01-21,1,1,1,3,0,6,0,3,0.14,0.1818,0.93,0.0896,0,13,13
9150,2012-01-22,1,1,1,3,0,0,0,2,0.18,0.1667,0.69,0.2836,1,20,21
9174,2012-01-23,1,1,1,3,0,1,1,2,0.18,0.2424,0.86,0,0,1,1
9198,2012-01-24,1,1,1,3,0,2,1,2,0.32,0.3333,0.93,0.1343,0,3,3
9222,2012-01-25,1,1,1,3,0,3,1,1,0.26,0.2576,0.75,0.194,0,1,1
9246,2012-01-26,1,1,1,3,0,4,1,2,0.28,0.303,0.75,0.0896,1,5,6
9270,2012-01-27,1,1,1,3,0,5,1,2,0.42,0.4242,0.94,0.2836,3,5,8
9294,2012-01-28,1,1,1,3,0,6,0,1,0.26,0.2879,0.6,0.0896,1,16,17
9318,2012-01-29,1,1,1,3,0,0,0,1,0.26,0.2576,0.28,0.194,4,17,21
9342,2012-01-30,1,1,1,3,0,1,1,1,0.24,0.2273,0.48,0.194,0,4,4
9366,2012-01-31,1,1,1,3,0,2,1,1,0.3,0.2879,0.45,0.2239,0,2,2
9390,2012-02-01,1,1,2,3,0,3,1,1,0.44,0.4394,0.44,0.194,0,3,3
9414,2012-02-02,1,1,2,3,0,4,1,2,0.42,0.4242,0.67,0.1343,0,2,2
9438,2012-02-03,1,1,2,3,0,5,1,1,0.28,0.2576,0.56,0.2985,0,4,4
9462,2012-02-04,1,1,2,3,0,6,0,1,0.24,0.2879,0.75,0,1,17,18
9486,2012-02-05,1,1,2,3,0,0,0,3,0.24,0.2576,0.87,0.0896,4,13,17
9533,2012-02-07,1,1,2,3,0,2,1,2,0.3,0.3333,0.7,0,1,1,2
9557,2012-02-08,1,1,2,3,0,3,1,1,0.26,0.303,0.65,0,0,1,1
9581,2012-02-09,1,1,2,3,0,4,1,1,0.22,0.2121,0.8,0.2836,0,4,4
9605,2012-02-10,1,1,2,3,0,5,1,1,0.26,0.2879,0.56,0.0896,0,5,5
9629,2012-02-11,1,1,2,3,0,6,0,3,0.24,0.2273,0.87,0.2239,0,9,9
9653,2012-02-12,1,1,2,3,0,0,0,2,0.1,0.0455,0.46,0.6866,0,14,14
9677,2012-02-13,1,1,2,3,0,1,1,1,0.12,0.1515,0.54,0.1045,0,1,1
9701,2012-02-14,1,1,2,3,0,2,1,2,0.26,0.303,0.52,0,0,3,3
9725,2012-02-15,1,1,2,3,0,3,1,1,0.28,0.3182,0.75,0,0,3,3
9749,2012-02-16,1,1,2,3,0,4,1,2,0.3,0.3333,0.61,0,0,1,1
9773,2012-02-17,1,1,2,3,0,5,1,2,0.28,0.2879,0.93,0.1045,0,1,1
9797,2012-02-18,1,1,2,3,0,6,0,1,0.28,0.2879,0.65,0.1045,3,15,18
9821,2012-02-19,1,1,2,3,0,0,0,2,0.3,0.2879,0.36,0.2239,3,12,15
9845,2012-02-20,1,1,2,3,1,1,0,2,0.24,0.2273,0.81,0.194,0,8,8
9891,2012-02-22,1,1,2,3,0,3,1,2,0.34,0.3182,0.71,0.2239,1,3,4
9915,2012-02-23,1,1,2,3,0,4,1,3,0.44,0.4394,0.67,0.194,2,4,6
9939,2012-02-24,1,1,2,3,0,5,1,1,0.42,0.4242,0.82,0.1343,0,5,5
9963,2012-02-25,1,1,2,3,0,6,0,1,0.3,0.2727,0.45,0.2985,0,7,7
9987,2012-02-26,1,1,2,3,0,0,0,1,0.24,0.2273,0.41,0.194,0,21,21
10011,2012-02-27,1,1,2,3,0,1,1,1,0.24,0.2424,0.75,0.1642,0,2,2
10035,2012-02-28,1,1,2,3,0,2,1,1,0.4,0.4091,0.32,0.3582,0,6,6
10059,2012-02-29,1,1,2,3,0,3,1,1,0.28,0.303,0.7,0.0896,0,2,2
10082,2012-03-01,1,1,3,3,0,4,1,1,0.46,0.4545,0.94,0.2239,0,3,3
10106,2012-03-02,1,1,3,3,0,5,1,1,0.32,0.3182,0.57,0.194,0,3,3
10130,2012-03-03,1,1,3,3,0,6,0,2,0.36,0.3485,0.93,0.1642,1,20,21
10154,2012-03-04,1,1,3,3,0,0,0,2,0.36,0.3485,0.43,0.1343,5,21,26
10178,2012-03-05,1,1,3,3,0,1,1,1,0.22,0.2273,0.51,0.1642,0,1,1
10202,2012-03-06,1,1,3,3,0,2,1,1,0.18,0.1667,0.51,0.2836,0,1,1
10226,2012-03-07,1,1,3,3,0,3,1,1,0.3,0.2727,0.56,0.3582,1,2,3
10250,2012-03-08,1,1,3,3,0,4,1,1,0.46,0.4545,0.63,0.3881,0,3,3
10274,2012-03-09,1,1,3,3,0,5,1,1,0.46,0.4545,0.77,0.5224,0,7,7
10298,2012-03-10,1,1,3,3,0,6,0,1,0.26,0.2273,0.41,0.2985,0,16,16
10321,2012-03-11,1,1,3,3,0,0,0,1,0.24,0.2424,0.6,0.1343,15,51,66
10345,2012-03-12,1,1,3,3,0,1,1,1,0.36,0.3485,0.5,0.1343,0,2,2
10369,2012-03-13,1,1,3,3,0,2,1,3,0.52,0.5,0.72,0.2985,0,2,2
10393,2012-03-14,1,1,3,3,0,3,1,1,0.48,0.4697,0.72,0.194,1,3,4
10417,2012-03-15,1,1,3,3,0,4,1,1,0.5,0.4848,0.63,0,0,7,7
10441,2012-03-16,1,1,3,3,0,5,1,2,0.4,0.4091,0.87,0.2836,0,3,3
10465,2012-03-17,1,1,3,3,0,6,0,2,0.44,0.4394,0.88,0,2,24,26
10489,2012-03-18,1,1,3,3,0,0,0,2,0.44,0.4394,0.88,0.1343,3,15,18
10513,2012-03-19,1,1,3,3,0,1,1,1,0.46,0.4545,0.88,0.0896,0,2,2
10537,2012-03-20,1,1,3,3,0,2,1,2,0.54,0.5152,0.88,0,0,3,3
10561,2012-03-21,2,1,3,3,0,3,1,2,0.5,0.4848,0.88,0.194,1,7,8
10585,2012-03-22,2,1,3,3,0,4,1,1,0.52,0.5,0.83,0.0896,0,7,7
10609,2012-03-23,2,1,3,3,0,5,1,1,0.52,0.5,0.88,0.1045,4,6,10
10633,2012-03-24,2,1,3,3,0,6,0,1,0.54,0.5152,0.77,0.1045,10,22,32
10657,2012-03-25,2,1,3,3,0,0,0,3,0.42,0.4242,0.94,0.2985,8,10,18
10681,2012-03-26,2,1,3,3,0,1,1,1,0.46,0.4545,0.82,0.194,0,1,1
10705,2012-03-27,2,1,3,3,0,2,1,1,0.26,0.2273,0.3,0.3284,0,4,4
10729,2012-03-28,2,1,3,3,0,3,1,1,0.34,0.303,0.42,0.3284,1,4,5
10753,2012-03-29,2,1,3,3,0,4,1,1,0.58,0.5455,0.28,0.2537,1,4,5
10777,2012-03-30,2,1,3,3,0,5,1,1,0.34,0.3333,0.61,0.1343,0,7,7
10801,2012-03-31,2,1,3,3,0,6,0,1,0.4,0.4091,0.82,0.2537,10,21,31
10825,2012-04-01,2,1,4,3,0,0,0,2,0.34,0.3333,0.81,0.1343,4,21,25
10872,2012-04-03,2,1,4,3,0,2,1,1,0.38,0.3939,0.46,0,0,3,3
10896,2012-04-04,2,1,4,3,0,3,1,1,0.44,0.4394,0.58,0.0896,0,3,3
10920,2012-04-05,2,1,4,3,0,4,1,1,0.42,0.4242,0.41,0.2985,0,5,5
10944,2012-04-06,2,1,4,3,0,5,1,1,0.34,0.303,0.53,0.3284,3,5,8
10968,2012-04-07,2,1,4,3,0,6,0,1,0.36,0.3333,0.32,0.2537,7,21,28
10992,2012-04-08,2,1,4,3,0,0,0,1,0.42,0.4242,0.26,0.1343,8,18,26
11016,2012-04-09,2,1,4,3,0,1,1,1,0.44,0.4394,0.3,0.1642,0,3,3
11040,2012-04-10,2,1,4,3,0,2,1,1,0.36,0.3485,0.71,0.1343,0,2,2
11064,2012-04-11,2,1,4,3,0,3,1,1,0.3,0.2879,0.49,0.2239,0,2,2
11087,2012-04-12,2,1,4,3,0,4,1,1,0.32,0.303,0.61,0.2537,2,3,5
11111,2012-04-13,2,1,4,3,0,5,1,1,0.34,0.3333,0.61,0.1642,3,8,11
11135,2012-04-14,2,1,4,3,0,6,0,1,0.36,0.3636,0.66,0.0896,6,26,32
11159,2012-04-15,2,1,4,3,0,0,0,2,0.52,0.5,0.59,0.1343,18,27,45
11183,2012-04-16,2,1,4,3,1,1,0,1,0.58,0.5455,0.68,0.194,3,5,8
11207,2012-04-17,2,1,4,3,0,2,1,1,0.56,0.5303,0.83,0.0896,0,6,6
11231,2012-04-18,2,1,4,3,0,3,1,2,0.5,0.4848,0.42,0.2239,0,6,6
11255,2012-04-19,2,1,4,3,0,4,1,2,0.42,0.4242,0.77,0,1,3,4
11279,2012-04-20,2,1,4,3,0,5,1,1,0.44,0.4394,0.88,0.1045,1,9,10
11303,2012-04-21,2,1,4,3,0,6,0,1,0.5,0.4848,0.82,0.2239,4,25,29
11327,2012-04-22,2,1,4,3,0,0,0,2,0.44,0.4394,0.82,0.1642,7,33,40
11351,2012-04-23,2,1,4,3,0,1,1,2,0.32,0.303,0.81,0.2836,0,1,1
11375,2012-04-24,2,1,4,3,0,2,1,1,0.32,0.303,0.81,0.2239,0,2,2
11399,2012-04-25,2,1,4,3,0,3,1,1,0.32,0.3333,0.7,0.0896,0,3,3
11423,2012-04-26,2,1,4,3,0,4,1,2,0.48,0.4697,0.55,0.0896,1,5,6
11447,2012-04-27,2,1,4,3,0,5,1,1,0.44,0.4394,0.47,0.4925,1,2,3
11471,2012-04-28,2,1,4,3,0,6,0,1,0.34,0.3182,0.49,0.2239,3,23,26
11495,2012-04-29,2,1,4,3,0,0,0,2,0.36,0.3485,0.87,0.194,2,14,16
11519,2012-04-30,2,1,4,3,0,1,1,1,0.4,0.4091,0.76,0.1642,0,4,4
11543,2012-05-01,2,1,5,3,0,2,1,2,0.5,0.4848,0.77,0,1,2,3
11567,2012-05-02,2,1,5,3,0,3,1,1,0.56,0.5303,0.83,0.0896,0,6,6
11591,2012-05-03,2,1,5,3,0,4,1,2,0.46,0.4545,0.88,0,2,4,6
11615,2012-05-04,2,1,5,3,0,5,1,1,0.56,0.5303,0.88,0.2239,0,14,14
11639,2012-05-05,2,1,5,3,0,6,0,1,0.58,0.5455,0.83,0,11,21,32
11663,2012-05-06,2,1,5,3,0,0,0,2,0.54,0.5152,0.83,0.194,9,19,28
11687,2012-05-07,2,1,5,3,0,1,1,1,0.5,0.4848,0.77,0.194,2,3,5
11711,2012-05-08,2,1,5,3,0,2,1,2,0.52,0.5,0.68,0.2836,2,4,6
11735,2012-05-09,2,1,5,3,0,3,1,3,0.56,0.5303,0.88,0.1642,0,2,2
11759,2012-05-10,2,1,5,3,0,4,1,1,0.46,0.4545,0.88,0.2239,0,3,3
11783,2012-05-11,2,1,5,3,0,5,1,1,0.46,0.4545,0.41,0.2836,5,8,13
11807,2012-05-12,2,1,5,3,0,6,0,1,0.48,0.4697,0.59,0,14,20,34
11831,2012-05-13,2,1,5,3,0,0,0,2,0.54,0.5152,0.64,0.1343,2,26,28
11855,2012-05-14,2,1,5,3,0,1,1,2,0.58,0.5455,0.68,0.3284,0,2,2
11879,2012-05-15,2,1,5,3,0,2,1,3,0.58,0.5455,0.83,0.1343,1,5,6
11903,2012-05-16,2,1,5,3,0,3,1,1,0.56,0.5303,0.88,0.1045,1,5,6
11927,2012-05-17,2,1,5,3,0,4,1,1,0.6,0.5909,0.73,0.2537,0,3,3
11951,2012-05-18,2,1,5,3,0,5,1,1,0.46,0.4545,0.72,0.0896,6,8,14
11975,2012-05-19,2,1,5,3,0,6,0,1,0.5,0.4848,0.48,0.1045,10,23,33
11999,2012-05-20,2,1,5,3,0,0,0,1,0.54,0.5152,0.56,0.0896,26,40,66
12023,2012-05-21,2,1,5,3,0,1,1,2,0.56,0.5303,0.88,0.2985,0,2,2
12047,2012-05-22,2,1,5,3,0,2,1,2,0.58,0.5455,0.83,0.1045,0,5,5
12071,2012-05-23,2,1,5,3,0,3,1,1,0.6,0.5758,0.78,0.1045,0,5,5
12095,2012-05-24,2,1,5,3,0,4,1,2,0.6,0.5455,0.88,0.1045,1,3,4
12119,2012-05-25,2,1,5,3,0,5,1,2,0.62,0.5606,0.88,0.1045,8,6,14
12143,2012-05-26,2,1,5,3,0,6,0,1,0.62,0.5606,0.88,0.1045,9,22,31
12167,2012-05-27,2,1,5,3,0,0,0,1,0.64,0.6061,0.73,0.1642,11,25,36
12191,2012-05-28,2,1,5,3,1,1,0,1,0.62,0.5909,0.73,0.1642,6,12,18
12215,2012-05-29,2,1,5,3,0,2,1,1,0.68,0.6364,0.79,0.2836,1,2,3
12239,2012-05-30,2,1,5,3,0,3,1,3,0.62,0.5606,0.88,0.1343,0,5,5
12263,2012-05-31,2,1,5,3,0,4,1,1,0.62,0.6061,0.69,0.0896,0,8,8
12287,2012-06-01,2,1,6,3,0,5,1,2,0.62,0.5909,0.73,0.0896,0,4,4
12311,2012-06-02,2,1,6,3,0,6,0,1,0.56,0.5303,0.73,0.2537,8,18,26
12335,2012-06-03,2,1,6,3,0,0,0,1,0.52,0.5,0.63,0.1045,16,34,50
12359,2012-06-04,2,1,6,3,0,1,1,2,0.56,0.5303,0.6,0.1642,0,5,5
12383,2012-06-05,2,1,6,3,0,2,1,3,0.5,0.4848,0.82,0.194,0,5,5
12407,2012-06-06,2,1,6,3,0,3,1,1,0.46,0.4545,0.82,0,0,8,8
12431,2012-06-07,2,1,6,3,0,4,1,1,0.5,0.4848,0.77,0.1045,0,5,5
12455,2012-06-08,2,1,6,3,0,5,1,1,0.54,0.5152,0.6,0.0896,0,8,8
12479,2012-06-09,2,1,6,3,0,6,0,1,0.62,0.6212,0.57,0,12,28,40
12503,2012-06-10,2,1,6,3,0,0,0,1,0.64,0.6061,0.73,0.1045,6,23,29
12527,2012-06-11,2,1,6,3,0,1,1,1,0.64,0.5909,0.78,0.1045,2,4,6
12551,2012-06-12,2,1,6,3,0,2,1,2,0.66,0.6212,0.69,0.2537,3,9,12
12575,2012-06-13,2,1,6,3,0,3,1,1,0.62,0.5758,0.83,0.194,1,7,8
12599,2012-06-14,2,1,6,3,0,4,1,2,0.62,0.6212,0.53,0.2836,1,4,5
12623,2012-06-15,2,1,6,3,0,5,1,1,0.56,0.5303,0.83,0.1642,2,3,5
12647,2012-06-16,2,1,6,3,0,6,0,1,0.56,0.5303,0.6,0.0896,8,19,27
12671,2012-06-17,2,1,6,3,0,0,0,1,0.54,0.5152,0.64,0.1045,6,22,28
12695,2012-06-18,2,1,6,3,0,1,1,2,0.52,0.5,0.83,0.2239,1,3,4
12719,2012-06-19,2,1,6,3,0,2,1,2,0.6,0.5758,0.78,0.1045,1,7,8
12743,2012-06-20,2,1,6,3,0,3,1,1,0.66,0.6061,0.83,0.1343,2,6,8
12767,2012-06-21,3,1,6,3,0,4,1,1,0.72,0.697,0.74,0,3,8,11
12791,2012-06-22,3,1,6,3,0,5,1,1,0.74,0.7121,0.79,0,1,6,7
12815,2012-06-23,3,1,6,3,0,6,0,2,0.64,0.5758,0.83,0.0896,10,32,42
12839,2012-06-24,3,1,6,3,0,0,0,2,0.66,0.6212,0.65,0.0896,19,41,60
12863,2012-06-25,3,1,6,3,0,1,1,1,0.68,0.6364,0.69,0.2537,1,4,5
12887,2012-06-26,3,1,6,3,0,2,1,1,0.54,0.5152,0.45,0.2836,2,7,9
12911,2012-06-27,3,1,6,3,0,3,1,1,0.58,0.5455,0.46,0.0896,1,7,8
12935,2012-06-28,3,1,6,3,0,4,1,1,0.66,0.6212,0.5,0.0896,1,6,7
12959,2012-06-29,3,1,6,3,0,5,1,1,0.72,0.6667,0.58,0.194,3,5,8
12983,2012-06-30,3,1,6,3,0,6,0,2,0.64,0.5758,0.89,0,3,20,23
13007,2012-07-01,3,1,7,3,0,0,0,1,0.72,0.7121,0.84,0.1343,6,27,33
13031,2012-07-02,3,1,7,3,0,1,1,2,0.72,0.6667,0.54,0.4179,0,5,5
13055,2012-07-03,3,1,7,3,0,2,1,1,0.7,0.6515,0.65,0.1343,0,2,2
13079,2012-07-04,3,1,7,3,1,3,0,1,0.68,0.6364,0.74,0.194,9,23,32
13103,2012-07-05,3,1,7,3,0,4,1,1,0.72,0.6667,0.54,0.194,2,5,7
13127,2012-07-06,3,1,7,3,0,5,1,2,0.74,0.697,0.7,0.194,1,6,7
13151,2012-07-07,3,1,7,3,0,6,0,1,0.74,0.7121,0.74,0.1343,12,19,31
13175,2012-07-08,3,1,7,3,0,0,0,1,0.8,0.7727,0.59,0.1045,1,34,35
13199,2012-07-09,3,1,7,3,0,1,1,3,0.7,0.6667,0.89,0.194,0,5,5
13223,2012-07-10,3,1,7,3,0,2,1,1,0.68,0.6364,0.79,0,0,3,3
13247,2012-07-11,3,1,7,3,0,3,1,1,0.64,0.5758,0.89,0.1343,0,5,5
13271,2012-07-12,3,1,7,3,0,4,1,1,0.64,0.6061,0.69,0.1045,0,10,10
13295,2012-07-13,3,1,7,3,0,5,1,2,0.68,0.6364,0.61,0,2,7,9
13319,2012-07-14,3,1,7,3,0,6,0,2,0.7,0.6515,0.54,0.1045,9,31,40
13343,2012-07-15,3,1,7,3,0,0,0,2,0.68,0.6364,0.89,0.1642,15,42,57
13367,2012-07-16,3,1,7,3,0,1,1,1,0.68,0.6364,0.79,0.0896,2,4,6
13391,2012-07-17,3,1,7,3,0,2,1,1,0.72,0.6818,0.66,0,0,3,3
13415,2012-07-18,3,1,7,3,0,3,1,1,0.74,0.697,0.66,0.1343,2,2,4
13439,2012-07-19,3,1,7,3,0,4,1,1,0.72,0.6818,0.7,0.1045,1,4,5
13463,2012-07-20,3,1,7,3,0,5,1,2,0.66,0.5909,0.89,0.1045,7,29,36
13487,2012-07-21,3,1,7,3,0,6,0,3,0.6,0.5455,0.88,0.2537,7,18,25
13511,2012-07-22,3,1,7,3,0,0,0,2,0.6,0.5455,0.88,0.1045,13,30,43
13535,2012-07-23,3,1,7,3,0,1,1,2,0.66,0.5909,0.94,0.0896,0,2,2
13559,2012-07-24,3,1,7,3,0,2,1,1,0.66,0.6061,0.83,0.1642,1,5,6
13583,2012-07-25,3,1,7,3,0,3,1,1,0.66,0.6212,0.65,0.2239,1,11,12
13607,2012-07-26,3,1,7,3,0,4,1,1,0.66,0.6212,0.69,0.2239,0,8,8
13631,2012-07-27,3,1,7,3,0,5,1,1,0.7,0.6667,0.74,0.1642,3,9,12
13655,2012-07-28,3,1,7,3,0,6,0,1,0.72,0.6818,0.7,0,10,33,43
13679,2012-07-29,3,1,7,3,0,0,0,1,0.66,0.6212,0.69,0.2239,18,37,55
13703,2012-07-30,3,1,7,3,0,1,1,1,0.66,0.6061,0.83,0,0,3,3
13727,2012-07-31,3,1,7,3,0,2,1,1,0.66,0.6061,0.83,0.0896,1,5,6
13751,2012-08-01,3,1,8,3,0,3,1,1,0.64,0.5758,0.83,0.1045,0,7,7
13775,2012-08-02,3,1,8,3,0,4,1,1,0.66,0.6061,0.83,0,0,6,6
13799,2012-08-03,3,1,8,3,0,5,1,1,0.68,0.6364,0.79,0.2239,1,5,6
13823,2012-08-04,3,1,8,3,0,6,0,1,0.72,0.7121,0.84,0.1343,11,19,30
13847,2012-08-05,3,1,8,3,0,0,0,1,0.72,0.697,0.74,0.2537,9,32,41
13871,2012-08-06,3,1,8,3,0,1,1,3,0.72,0.697,0.79,0.0896,0,5,5
13895,2012-08-07,3,1,8,3,0,2,1,1,0.7,0.6667,0.84,0,0,6,6
13919,2012-08-08,3,1,8,3,0,3,1,1,0.7,0.6667,0.84,0,1,6,7
13943,2012-08-09,3,1,8,3,0,4,1,1,0.68,0.6364,0.83,0.0896,1,5,6
13967,2012-08-10,3,1,8,3,0,5,1,2,0.72,0.697,0.79,0.194,3,6,9
13991,2012-08-11,3,1,8,3,0,6,0,3,0.62,0.5758,0.83,0.1642,2,19,21
14015,2012-08-12,3,1,8,3,0,0,0,1,0.62,0.5909,0.73,0.0896,11,37,48
14039,2012-08-13,3,1,8,3,0,1,1,1,0.64,0.6061,0.69,0,1,5,6
14063,2012-08-14,3,1,8,3,0,2,1,2,0.68,0.6364,0.83,0.194,0,3,3
14087,2012-08-15,3,1,8,3,0,3,1,1,0.66,0.6212,0.74,0.1045,1,10,11
14111,2012-08-16,3,1,8,3,0,4,1,1,0.62,0.5909,0.73,0.2537,0,4,4
14135,2012-08-17,3,1,8,3,0,5,1,1,0.64,0.2424,0.65,0.1045,0,6,6
14159,2012-08-18,3,1,8,3,0,6,0,1,0.62,0.5606,0.88,0.194,7,23,30
14183,2012-08-19,3,1,8,3,0,0,0,2,0.62,0.6061,0.61,0.1642,21,34,55
14207,2012-08-20,3,1,8,3,0,1,1,1,0.6,0.5455,0.88,0.1045,0,3,3
14231,2012-08-21,3,1,8,3,0,2,1,1,0.56,0.5303,0.88,0,0,3,3
14255,2012-08-22,3,1,8,3,0,3,1,1,0.62,0.5909,0.78,0,0,7,7
14279,2012-08-23,3,1,8,3,0,4,1,1,0.62,0.5758,0.83,0.0896,3,6,9
14303,2012-08-24,3,1,8,3,0,5,1,1,0.64,0.6061,0.73,0,2,6,8
14327,2012-08-25,3,1,8,3,0,6,0,1,0.66,0.6212,0.69,0.0896,7,31,38
14351,2012-08-26,3,1,8,3,0,0,0,2,0.64,0.5758,0.89,0.2537,11,42,53
14375,2012-08-27,3,1,8,3,0,1,1,1,0.62,0.5606,0.88,0.0896,1,3,4
14399,2012-08-28,3,1,8,3,0,2,1,1,0.66,0.5909,0.89,0.1343,0,4,4
14423,2012-08-29,3,1,8,3,0,3,1,1,0.62,0.5909,0.73,0.1045,0,9,9
14447,2012-08-30,3,1,8,3,0,4,1,1,0.62,0.5909,0.73,0,0,5,5
14471,2012-08-31,3,1,8,3,0,5,1,1,0.66,0.5909,0.89,0.1045,3,2,5
14495,2012-09-01,3,1,9,3,0,6,0,1,0.7,0.6515,0.7,0.1045,6,29,35
14519,2012-09-02,3,1,9,3,0,0,0,1,0.66,0.5909,0.89,0.0896,9,33,42
14543,2012-09-03,3,1,9,3,1,1,0,1,0.66,0.5909,0.89,0.1343,6,22,28
14567,2012-09-04,3,1,9,3,0,2,1,2,0.66,0.5909,0.89,0.0896,1,9,10
14591,2012-09-05,3,1,9,3,0,3,1,1,0.7,0.6667,0.79,0.2836,0,4,4
14615,2012-09-06,3,1,9,3,0,4,1,1,0.7,0.6667,0.84,0.1045,0,9,9
14639,2012-09-07,3,1,9,3,0,5,1,1,0.62,0.5758,0.83,0.0896,0,9,9
14663,2012-09-08,3,1,9,3,0,6,0,2,0.66,0.5909,0.89,0.2239,3,40,43
14687,2012-09-09,3,1,9,3,0,0,0,1,0.54,0.5152,0.73,0.2239,14,32,46
14711,2012-09-10,3,1,9,3,0,1,1,1,0.52,0.5,0.68,0.2836,5,7,12
14735,2012-09-11,3,1,9,3,0,2,1,1,0.48,0.4697,0.67,0.1343,1,7,8
14759,2012-09-12,3,1,9,3,0,3,1,1,0.5,0.4848,0.77,0.0896,0,7,7
14783,2012-09-13,3,1,9,3,0,4,1,1,0.52,0.5,0.83,0,2,9,11
14807,2012-09-14,3,1,9,3,0,5,1,1,0.54,0.5152,0.77,0,5,9,14
14831,2012-09-15,3,1,9,3,0,6,0,1,0.6,0.5909,0.73,0.2537,6,31,37
14855,2012-09-16,3,1,9,3,0,0,0,1,0.5,0.4848,0.68,0,10,38,48
14879,2012-09-17,3,1,9,3,0,1,1,1,0.5,0.4848,0.77,0.0896,0,7,7
14903,2012-09-18,3,1,9,3,0,2,1,2,0.62,0.5455,0.94,0.2836,0,6,6
14927,2012-09-19,3,1,9,3,0,3,1,2,0.52,0.5,0.63,0.2537,1,4,5
14951,2012-09-20,3,1,9,3,0,4,1,1,0.44,0.4394,0.77,0,0,6,6
14975,2012-09-21,3,1,9,3,0,5,1,1,0.5,0.4848,0.77,0.0896,1,11,12
14999,2012-09-22,3,1,9,3,0,6,0,1,0.56,0.5303,0.83,0.2836,6,39,45
15023,2012-09-23,4,1,9,3,0,0,0,1,0.48,0.4697,0.55,0.2985,13,41,54
15047,2012-09-24,4,1,9,3,0,1,1,1,0.46,0.4545,0.63,0.1642,0,5,5
15071,2012-09-25,4,1,9,3,0,2,1,1,0.42,0.4242,0.71,0.0896,2,3,5
15095,2012-09-26,4,1,9,3,0,3,1,2,0.58,0.5455,0.64,0.2836,4,6,10
15119,2012-09-27,4,1,9,3,0,4,1,1,0.6,0.5758,0.78,0,0,7,7
15143,2012-09-28,4,1,9,3,0,5,1,2,0.6,0.5606,0.83,0.1343,0,7,7
15167,2012-09-29,4,1,9,3,0,6,0,2,0.52,0.5,0.59,0.194,4,25,29
15191,2012-09-30,4,1,9,3,0,0,0,1,0.46,0.4545,0.67,0.0896,17,41,58
15215,2012-10-01,4,1,10,3,0,1,1,1,0.44,0.4394,0.77,0,1,6,7
15239,2012-10-02,4,1,10,3,0,2,1,2,0.54,0.5152,0.88,0.194,1,4,5
15263,2012-10-03,4,1,10,3,0,3,1,2,0.6,0.5152,0.94,0,0,7,7
15287,2012-10-04,4,1,10,3,0,4,1,2,0.62,0.5606,0.88,0,5,6,11
15311,2012-10-05,4,1,10,3,0,5,1,1,0.54,0.5152,0.73,0,5,11,16
15335,2012-10-06,4,1,10,3,0,6,0,1,0.54,0.5152,0.77,0.2239,2,54,56
15359,2012-10-07,4,1,10,3,0,0,0,2,0.44,0.4394,0.62,0.1343,5,17,22
15383,2012-10-08,4,1,10,3,1,1,0,1,0.34,0.3485,0.81,0.1045,2,8,10
15407,2012-10-09,4,1,10,3,0,2,1,3,0.36,0.3333,0.87,0.2836,0,3,3
15431,2012-10-10,4,1,10,3,0,3,1,2,0.46,0.4545,0.88,0,0,6,6
15455,2012-10-11,4,1,10,3,0,4,1,1,0.42,0.4242,0.47,0.2985,0,3,3
15479,2012-10-12,4,1,10,3,0,5,1,1,0.36,0.3636,0.76,0.0896,0,6,6
15503,2012-10-13,4,1,10,3,0,6,0,1,0.32,0.303,0.66,0.2239,2,13,15
15527,2012-10-14,4,1,10,3,0,0,0,1,0.42,0.4242,0.77,0.2985,3,25,28
15551,2012-10-15,4,1,10,3,0,1,1,2,0.56,0.5303,0.73,0.2537,2,2,4
15575,2012-10-16,4,1,10,3,0,2,1,1,0.42,0.4242,0.67,0.1045,0,2,2
15599,2012-10-17,4,1,10,3,0,3,1,1,0.36,0.3788,0.87,0,0,7,7
15623,2012-10-18,4,1,10,3,0,4,1,1,0.44,0.4394,0.88,0.2239,0,5,5
15647,2012-10-19,4,1,10,3,0,5,1,2,0.56,0.5303,0.83,0,0,5,5
15671,2012-10-20,4,1,10,3,0,6,0,1,0.42,0.4242,0.77,0.1343,2,27,29
15695,2012-10-21,4,1,10,3,0,0,0,1,0.38,0.3939,0.66,0.0896,12,29,41
15719,2012-10-22,4,1,10,3,0,1,1,1,0.4,0.4091,0.62,0,1,5,6
15743,2012-10-23,4,1,10,3,0,2,1,1,0.44,0.4394,0.77,0.1343,0,1,1
15767,2012-10-24,4,1,10,3,0,3,1,1,0.5,0.4848,0.77,0.0896,0,4,4
15791,2012-10-25,4,1,10,3,0,4,1,2,0.52,0.5,0.88,0.1343,0,8,8
15815,2012-10-26,4,1,10,3,0,5,1,2,0.52,0.5,0.88,0.1642,5,8,13
15839,2012-10-27,4,1,10,3,0,6,0,1,0.5,0.4848,0.88,0.1642,5,21,26
15863,2012-10-28,4,1,10,3,0,0,0,2,0.5,0.4848,0.63,0.3284,18,61,79
15899,2012-10-31,4,1,10,3,0,3,1,2,0.3,0.3182,0.81,0.1045,0,3,3
15923,2012-11-01,4,1,11,3,0,4,1,1,0.34,0.3333,0.61,0.1343,5,10,15
15947,2012-11-02,4,1,11,3,0,5,1,1,0.3,0.303,0.7,0.1642,0,3,3
15971,2012-11-03,4,1,11,3,0,6,0,2,0.34,0.3182,0.49,0.2537,6,22,28
15995,2012-11-04,4,1,11,3,0,0,0,1,0.28,0.2879,0.61,0.1045,1,10,11
16019,2012-11-05,4,1,11,3,0,1,1,2,0.3,0.2879,0.56,0.2239,1,3,4
16043,2012-11-06,4,1,11,3,0,2,1,1,0.22,0.2424,0.64,0.1045,0,4,4
16067,2012-11-07,4,1,11,3,0,3,1,2,0.28,0.2576,0.52,0.3284,2,9,11
16114,2012-11-09,4,1,11,3,0,5,1,1,0.32,0.2879,0.53,0.4179,3,6,9
16138,2012-11-10,4,1,11,3,0,6,0,1,0.3,0.3333,0.81,0,9,11,20
16162,2012-11-11,4,1,11,3,0,0,0,1,0.34,0.3636,0.81,0,9,39,48
16186,2012-11-12,4,1,11,3,1,1,0,1,0.4,0.4091,0.76,0.1343,1,3,4
16210,2012-11-13,4,1,11,3,0,2,1,3,0.36,0.3333,0.87,0.3582,2,3,5
16234,2012-11-14,4,1,11,3,0,3,1,1,0.24,0.2273,0.65,0.2239,0,5,5
16258,2012-11-15,4,1,11,3,0,4,1,2,0.26,0.2879,0.7,0.0896,0,2,2
16282,2012-11-16,4,1,11,3,0,5,1,2,0.3,0.303,0.65,0.1343,0,6,6
16306,2012-11-17,4,1,11,3,0,6,0,1,0.26,0.2576,0.65,0.194,2,19,21
16330,2012-11-18,4,1,11,3,0,0,0,2,0.3,0.303,0.81,0.1642,9,37,46
16354,2012-11-19,4,1,11,3,0,1,1,2,0.36,0.3485,0.66,0.2239,0,2,2
16378,2012-11-20,4,1,11,3,0,2,1,2,0.34,0.3485,0.71,0.1045,0,2,2
16402,2012-11-21,4,1,11,3,0,3,1,1,0.28,0.2879,0.87,0.1045,0,2,2
16426,2012-11-22,4,1,11,3,1,4,0,1,0.24,0.2576,0.75,0.1045,0,6,6
16450,2012-11-23,4,1,11,3,0,5,1,1,0.26,0.303,0.7,0,1,0,1
16474,2012-11-24,4,1,11,3,0,6,0,1,0.28,0.2576,0.41,0.3582,6,5,11
16498,2012-11-25,4,1,11,3,0,0,0,1,0.22,0.2727,0.44,0,0,8,8
16522,2012-11-26,4,1,11,3,0,1,1,1,0.2,0.2576,0.69,0,1,4,5
16546,2012-11-27,4,1,11,3,0,2,1,3,0.32,0.3333,0.7,0.1343,1,3,4
16570,2012-11-28,4,1,11,3,0,3,1,2,0.26,0.2576,0.7,0.2239,0,3,3
16617,2012-11-30,4,1,11,3,0,5,1,1,0.24,0.2879,0.75,0,0,4,4
16641,2012-12-01,4,1,12,3,0,6,0,2,0.26,0.2727,0.81,0.1343,1,14,15
16665,2012-12-02,4,1,12,3,0,0,0,2,0.26,0.303,0.93,0,4,21,25
16689,2012-12-03,4,1,12,3,0,1,1,1,0.38,0.3939,0.87,0,2,6,8
16713,2012-12-04,4,1,12,3,0,2,1,2,0.4,0.4091,0.87,0.1343,1,3,4
16737,2012-12-05,4,1,12,3,0,3,1,1,0.48,0.4697,0.67,0.1343,0,7,7
16761,2012-12-06,4,1,12,3,0,4,1,1,0.22,0.2273,0.55,0.194,0,2,2
16785,2012-12-07,4,1,12,3,0,5,1,2,0.26,0.2576,0.81,0.194,0,5,5
16809,2012-12-08,4,1,12,3,0,6,0,2,0.36,0.3636,0.93,0.1045,6,23,29
16833,2012-12-09,4,1,12,3,0,0,0,2,0.4,0.4091,0.87,0.1045,14,34,48
16857,2012-12-10,4,1,12,3,0,1,1,2,0.38,0.3939,0.94,0.1045,0,4,4
16881,2012-12-11,4,1,12,3,0,2,1,3,0.36,0.3333,0.76,0.2836,0,3,3
16905,2012-12-12,4,1,12,3,0,3,1,1,0.26,0.2727,0.6,0.1343,3,7,10
16929,2012-12-13,4,1,12,3,0,4,1,2,0.26,0.2424,0.56,0.2836,0,2,2
16953,2012-12-14,4,1,12,3,0,5,1,1,0.2,0.2273,0.69,0.1045,0,12,12
16977,2012-12-15,4,1,12,3,0,6,0,2,0.24,0.2879,0.81,0,5,18,23
17001,2012-12-16,4,1,12,3,0,0,0,2,0.34,0.3333,0.87,0.194,1,37,38
17025,2012-12-17,4,1,12,3,0,1,1,2,0.36,0.3788,0.93,0,0,3,3
17049,2012-12-18,4,1,12,3,0,2,1,1,0.42,0.4242,0.88,0.194,0,5,5
17073,2012-12-19,4,1,12,3,0,3,1,1,0.26,0.2727,0.75,0.1343,0,5,5
17097,2012-12-20,4,1,12,3,0,4,1,2,0.3,0.3182,0.7,0.0896,1,3,4
17121,2012-12-21,1,1,12,3,0,5,1,3,0.46,0.4545,0.94,0.3881,0,3,3
17145,2012-12-22,1,1,12,3,0,6,0,1,0.26,0.2121,0.48,0.4478,0,7,7
17169,2012-12-23,1,1,12,3,0,0,0,1,0.2,0.2121,0.51,0.1343,0,9,9
17193,2012-12-24,1,1,12,3,0,1,1,1,0.2,0.2576,0.75,0,1,2,3
17239,2012-12-26,1,1,12,3,0,3,1,2,0.24,0.2121,0.7,0.3582,0,2,2
17263,2012-12-27,1,1,12,3,0,4,1,2,0.24,0.2273,0.87,0.2239,0,1,1
17287,2012-12-28,1,1,12,3,0,5,1,2,0.24,0.2424,0.6,0.1642,0,2,2
17311,2012-12-29,1,1,12,3,0,6,0,2,0.24,0.2424,0.75,0,1,5,6
17335,2012-12-30,1,1,12,3,0,0,0,2,0.26,0.2273,0.56,0.4179,1,14,15
17359,2012-12-31,1,1,12,3,0,1,1,1,0.16,0.1818,0.59,0.1045,0,1,1
