5,2011-01-01,1,0,1,4,0,6,0,1,0.24,0.2879,0.75,0,0,1,1
29,2011-01-02,1,0,1,4,0,0,0,2,0.46,0.4545,0.94,0.194,2,1,3
50,2011-01-03,1,0,1,4,0,1,1,1,0.16,0.1364,0.47,0.3881,0,1,1
73,2011-01-04,1,0,1,4,0,2,1,1,0.14,0.1818,0.63,0.0896,0,2,2
96,2011-01-05,1,0,1,4,0,3,1,1,0.24,0.2273,0.48,0.2239,0,2,2
119,2011-01-06,1,0,1,4,0,4,1,2,0.16,0.197,0.64,0.0896,0,1,1
142,2011-01-07,1,0,1,4,0,5,1,2,0.2,0.2121,0.69,0.1343,0,1,1
166,2011-01-08,1,0,1,4,0,6,0,3,0.18,0.197,0.55,0.1642,0,1,1
190,2011-01-09,1,0,1,4,0,0,0,1,0.08,0.0909,0.53,0.194,0,1,1
214,2011-01-10,1,0,1,4,0,1,1,1,0.1,0.1212,0.54,0.1343,1,2,3
282,2011-01-13,1,0,1,4,0,4,1,1,0.14,0.1212,0.5,0.2537,0,4,4
329,2011-01-15,1,0,1,4,0,6,0,2,0.16,0.2273,0.59,0,0,5,5
353,2011-01-16,1,0,1,4,0,0,0,1,0.26,0.2576,0.56,0.1642,0,1,1
377,2011-01-17,1,0,1,4,1,1,0,2,0.18,0.197,0.43,0.1343,1,2,3
412,2011-01-19,1,0,1,4,0,3,1,3,0.22,0.2273,0.93,0.1343,1,1,2
436,2011-01-20,1,0,1,4,0,4,1,1,0.26,0.2576,0.56,0.1642,0,1,1
460,2011-01-21,1,0,1,4,0,5,1,2,0.22,0.2576,0.87,0.0896,0,1,1
484,2011-01-22,1,0,1,4,0,6,0,2,0.02,0.0152,0.48,0.2985,0,3,3
529,2011-01-24,1,0,1,4,0,1,1,1,0.02,0.0606,0.48,0.1343,0,1,1
552,2011-01-25,1,0,1,4,0,2,1,1,0.14,0.1667,0.74,0.1045,0,1,1
623,2011-01-29,1,0,1,4,0,6,0,1,0.16,0.1818,0.69,0.1045,1,2,3
646,2011-01-30,1,0,1,4,0,0,0,1,0.14,0.2121,0.93,0,0,1,1
669,2011-01-31,1,0,1,4,0,1,1,1,0.2,0.197,0.59,0.2239,0,2,2
716,2011-02-02,1,0,2,4,0,3,1,3,0.22,0.2121,0.93,0.2836,0,1,1
786,2011-02-05,1,0,2,4,0,6,0,3,0.22,0.2273,0.93,0.1343,0,8,8
810,2011-02-06,1,0,2,4,0,0,0,1,0.26,0.2273,0.6,0.3582,0,2,2
834,2011-02-07,1,0,2,4,0,1,1,1,0.2,0.2576,0.86,0,1,1,2
858,2011-02-08,1,0,2,4,0,2,1,1,0.26,0.2576,0.93,0.1642,0,3,3
904,2011-02-10,1,0,2,4,0,4,1,2,0.14,0.1364,0.59,0.2239,0,1,1
950,2011-02-12,1,0,2,4,0,6,0,1,0.12,0.1667,0.74,0.0896,0,4,4
974,2011-02-13,1,0,2,4,0,0,0,2,0.2,0.2121,0.69,0.1642,0,2,2
997,2011-02-14,1,0,2,4,0,1,1,1,0.32,0.303,0.53,0.2836,0,2,2
1020,2011-02-15,1,0,2,4,0,2,1,1,0.22,0.1818,0.37,0.5224,0,1,1
1043,2011-02-16,1,0,2,4,0,3,1,1,0.2,0.197,0.51,0.194,0,1,1
1067,2011-02-17,1,0,2,4,0,4,1,1,0.32,0.3182,0.57,0.194,3,1,4
1091,2011-02-18,1,0,2,4,0,5,1,1,0.46,0.4545,0.67,0.2537,0,1,1
1115,2011-02-19,1,0,2,4,0,6,0,1,0.4,0.4091,0.15,0.3284,0,3,3
1139,2011-02-20,1,0,2,4,0,0,0,1,0.22,0.1818,0.44,0.5522,0,1,1
1162,2011-02-21,1,0,2,4,1,1,0,1,0.32,0.3182,0.45,0.1642,1,0,1
1273,2011-02-26,1,0,2,4,0,6,0,2,0.22,0.2576,0.6,0.0896,1,1,2
1297,2011-02-27,1,0,2,4,0,0,0,1,0.24,0.2424,0.87,0.1343,0,2,2
1342,2011-03-01,1,0,3,4,0,2,1,1,0.22,0.2121,0.69,0.2537,0,1,1
1366,2011-03-02,1,0,3,4,0,3,1,1,0.2,0.2121,0.75,0.1343,1,0,1
1390,2011-03-03,1,0,3,4,0,4,1,1,0.16,0.1212,0.31,0.4925,0,1,1
1414,2011-03-04,1,0,3,4,0,5,1,2,0.18,0.1818,0.74,0.194,1,0,1
1438,2011-03-05,1,0,3,4,0,6,0,2,0.3,0.303,0.93,0.1642,0,1,1
1462,2011-03-06,1,0,3,4,0,0,0,2,0.42,0.4242,0.88,0.3582,0,3,3
1484,2011-03-07,1,0,3,4,0,1,1,1,0.2,0.1515,0.8,0.5224,1,0,1
1508,2011-03-08,1,0,3,4,0,2,1,1,0.22,0.2727,0.64,0,0,2,2
1532,2011-03-09,1,0,3,4,0,3,1,1,0.24,0.2576,0.75,0.1045,0,2,2
1601,2011-03-12,1,0,3,4,0,6,0,1,0.24,0.2273,0.65,0.2537,0,1,1
1624,2011-03-13,1,0,3,4,0,0,0,1,0.34,0.3333,0.66,0.1642,4,9,13
1670,2011-03-15,1,0,3,4,0,2,1,1,0.24,0.2576,0.75,0.0896,1,1,2
1693,2011-03-16,1,0,3,4,0,3,1,2,0.3,0.303,0.93,0.1642,0,1,1
1717,2011-03-17,1,0,3,4,0,4,1,1,0.34,0.3333,0.71,0.194,0,3,3
1764,2011-03-19,1,0,3,4,0,6,0,1,0.52,0.5,0.34,0.4179,1,2,3
1788,2011-03-20,1,0,3,4,0,0,0,1,0.26,0.2576,0.56,0.2239,2,1,3
1835,2011-03-22,2,0,3,4,0,2,1,2,0.42,0.4242,0.82,0.1642,0,1,1
1882,2011-03-24,2,0,3,4,0,4,1,2,0.28,0.2727,1,0.194,0,1,1
1906,2011-03-25,2,0,3,4,0,5,1,1,0.18,0.2121,0.74,0.1045,3,2,5
1930,2011-03-26,2,0,3,4,0,6,0,1,0.22,0.2121,0.44,0.2239,2,4,6
1954,2011-03-27,2,0,3,4,0,0,0,3,0.18,0.197,0.74,0.1642,1,5,6
2000,2011-03-29,2,0,3,4,0,2,1,1,0.2,0.2121,0.44,0.1642,1,1,2
2024,2011-03-30,2,0,3,4,0,3,1,2,0.32,0.3485,0.57,0,1,0,1
2048,2011-03-31,2,0,3,4,0,4,1,3,0.24,0.2273,0.93,0.2537,0,2,2
2072,2011-04-01,2,0,4,4,0,5,1,2,0.24,0.2273,0.93,0.2537,0,3,3
2096,2011-04-02,2,0,4,4,0,6,0,1,0.24,0.2424,0.7,0.1642,0,5,5
2120,2011-04-03,2,0,4,4,0,0,0,1,0.28,0.303,0.7,0.0896,3,0,3
2144,2011-04-04,2,0,4,4,0,1,1,1,0.38,0.3939,0.71,0.2985,1,1,2
2168,2011-04-05,2,0,4,4,0,2,1,3,0.5,0.4848,0.88,0.4925,0,2,2
2192,2011-04-06,2,0,4,4,0,3,1,1,0.24,0.2424,0.65,0.1343,0,1,1
2216,2011-04-07,2,0,4,4,0,4,1,1,0.34,0.3333,0.76,0.194,0,1,1
2240,2011-04-08,2,0,4,4,0,5,1,2,0.34,0.3333,0.86,0.1343,0,1,1
2264,2011-04-09,2,0,4,4,0,6,0,3,0.3,0.2727,1,0.2537,0,3,3
2288,2011-04-10,2,0,4,4,0,0,0,2,0.36,0.3636,0.93,0.1045,3,2,5
2311,2011-04-11,2,0,4,4,0,1,1,1,0.46,0.4545,0.94,0.194,0,1,1
2335,2011-04-12,2,0,4,4,0,2,1,2,0.56,0.5303,0.64,0.1343,4,2,6
2359,2011-04-13,2,0,4,4,0,3,1,3,0.4,0.4091,0.94,0.3284,1,2,3
2383,2011-04-14,2,0,4,4,0,4,1,1,0.34,0.3636,0.76,0,1,8,9
2407,2011-04-15,2,0,4,4,1,5,0,1,0.38,0.3939,0.82,0.0896,0,3,3
2431,2011-04-16,2,0,4,4,0,6,0,2,0.36,0.3485,0.87,0.2239,1,4,5
2455,2011-04-17,2,0,4,4,0,0,0,1,0.36,0.3636,0.76,0.1045,2,5,7
2479,2011-04-18,2,0,4,4,0,1,1,1,0.4,0.4091,0.87,0.1642,2,4,6
2503,2011-04-19,2,0,4,4,0,2,1,1,0.46,0.4545,0.67,0.0896,1,4,5
2527,2011-04-20,2,0,4,4,0,3,1,1,0.4,0.4091,1,0.1045,5,4,9
2551,2011-04-21,2,0,4,4,0,4,1,2,0.44,0.4394,0.54,0.4478,2,4,6
2575,2011-04-22,2,0,4,4,0,5,1,1,0.34,0.3182,0.53,0.2836,1,2,3
2599,2011-04-23,2,0,4,4,0,6,0,3,0.34,0.3636,1,0,2,3,5
2623,2011-04-24,2,0,4,4,0,0,0,1,0.5,0.4848,0.94,0.0896,0,5,5
2647,2011-04-25,2,0,4,4,0,1,1,2,0.52,0.5,1,0,1,4,5
2671,2011-04-26,2,0,4,4,0,2,1,1,0.56,0.5303,0.83,0.2537,2,4,6
2695,2011-04-27,2,0,4,4,0,3,1,1,0.56,0.5303,0.94,0.2239,0,6,6
2719,2011-04-28,2,0,4,4,0,4,1,2,0.62,0.5758,0.83,0.4179,4,5,9
2743,2011-04-29,2,0,4,4,0,5,1,1,0.46,0.4545,0.51,0.1343,0,6,6
2767,2011-04-30,2,0,4,4,0,6,0,2,0.42,0.4242,0.54,0.2239,2,5,7
2791,2011-05-01,2,0,5,4,0,0,0,1,0.4,0.4091,0.76,0.1045,6,11,17
2815,2011-05-02,2,0,5,4,0,1,1,1,0.44,0.4394,0.77,0.1642,9,8,17
2839,2011-05-03,2,0,5,4,0,2,1,1,0.52,0.5,0.88,0.2239,3,1,4
2863,2011-05-04,2,0,5,4,0,3,1,3,0.38,0.3939,0.94,0.3284,1,2,3
2887,2011-05-05,2,0,5,4,0,4,1,1,0.34,0.3182,0.66,0.2537,4,3,7
2911,2011-05-06,2,0,5,4,0,5,1,1,0.36,0.3636,0.71,0.1045,0,1,1
2935,2011-05-07,2,0,5,4,0,6,0,1,0.4,0.4091,0.82,0.1045,1,4,5
2959,2011-05-08,2,0,5,4,0,0,0,1,0.42,0.4242,0.82,0,2,8,10
2983,2011-05-09,2,0,5,4,0,1,1,1,0.42,0.4242,0.82,0.1642,0,4,4
3007,2011-05-10,2,0,5,4,0,2,1,1,0.42,0.4242,0.62,0.2537,0,2,2
3031,2011-05-11,2,0,5,4,0,3,1,2,0.48,0.4697,0.88,0.1343,0,2,2
3055,2011-05-12,2,0,5,4,0,4,1,1,0.42,0.4242,0.94,0,1,5,6
3079,2011-05-13,2,0,5,4,0,5,1,3,0.5,0.4848,0.88,0.1642,2,3,5
3103,2011-05-14,2,0,5,4,0,6,0,2,0.5,0.4848,0.82,0.1642,1,4,5
3127,2011-05-15,2,0,5,4,0,0,0,2,0.52,0.5,1,0,5,8,13
3151,2011-05-16,2,0,5,4,0,1,1,1,0.5,0.4848,1,0.1343,1,5,6
3175,2011-05-17,2,0,5,4,0,2,1,3,0.54,0.5152,0.94,0.2537,2,2,4
3199,2011-05-18,2,0,5,4,0,3,1,3,0.52,0.5,0.94,0.2985,1,2,3
3223,2011-05-19,2,0,5,4,0,4,1,1,0.48,0.4697,0.94,0,2,3,5
3247,2011-05-20,2,0,5,4,0,5,1,1,0.44,0.4394,0.94,0.0896,1,4,5
3271,2011-05-21,2,0,5,4,0,6,0,1,0.46,0.4545,0.88,0.1343,1,6,7
3295,2011-05-22,2,0,5,4,0,0,0,1,0.5,0.4848,1,0,3,9,12
3319,2011-05-23,2,0,5,4,0,1,1,2,0.54,0.5152,0.94,0,2,2,4
3343,2011-05-24,2,0,5,4,0,2,1,1,0.6,0.5455,0.88,0.1045,1,3,4
3367,2011-05-25,2,0,5,4,0,3,1,1,0.54,0.5152,1,0.1045,0,3,3
3391,2011-05-26,2,0,5,4,0,4,1,1,0.6,0.5455,0.88,0,0,2,2
3415,2011-05-27,2,0,5,4,0,5,1,1,0.64,0.6061,0.69,0.1343,2,5,7
3439,2011-05-28,2,0,5,4,0,6,0,1,0.56,0.5303,0.88,0.2537,0,4,4
3463,2011-05-29,2,0,5,4,0,0,0,1,0.6,0.5455,0.88,0.0896,13,10,23
3487,2011-05-30,2,0,5,4,1,1,0,1,0.62,0.5455,0.94,0.1642,2,4,6
3511,2011-05-31,2,0,5,4,0,2,1,1,0.66,0.6061,0.83,0.0896,0,3,3
3535,2011-06-01,2,0,6,4,0,3,1,2,0.68,0.6364,0.89,0.2239,0,4,4
3559,2011-06-02,2,0,6,4,0,4,1,1,0.66,0.6212,0.41,0.194,0,3,3
3583,2011-06-03,2,0,6,4,0,5,1,1,0.52,0.5,0.48,0.3284,1,5,6
3607,2011-06-04,2,0,6,4,0,6,0,1,0.52,0.5,0.59,0.0896,4,11,15
3631,2011-06-05,2,0,6,4,0,0,0,2,0.62,0.6061,0.65,0.1642,4,8,12
3655,2011-06-06,2,0,6,4,0,1,1,1,0.56,0.5303,0.94,0.1045,4,4,8
3679,2011-06-07,2,0,6,4,0,2,1,1,0.58,0.5455,0.83,0.1343,2,3,5
3703,2011-06-08,2,0,6,4,0,3,1,1,0.62,0.5758,0.83,0,0,6,6
3727,2011-06-09,2,0,6,4,0,4,1,2,0.72,0.697,0.79,0.0896,2,4,6
3751,2011-06-10,2,0,6,4,0,5,1,1,0.66,0.6061,0.78,0.1642,0,4,4
3775,2011-06-11,2,0,6,4,0,6,0,1,0.68,0.6364,0.79,0.0896,4,9,13
3799,2011-06-12,2,0,6,4,0,0,0,1,0.62,0.5606,0.88,0.1642,8,6,14
3823,2011-06-13,2,0,6,4,0,1,1,1,0.56,0.5303,0.64,0.2985,1,3,4
3847,2011-06-14,2,0,6,4,0,2,1,1,0.54,0.5152,0.6,0.2537,0,3,3
3871,2011-06-15,2,0,6,4,0,3,1,1,0.5,0.4848,0.63,0.2836,0,4,4
3895,2011-06-16,2,0,6,4,0,4,1,2,0.56,0.5303,0.68,0.1045,0,6,6
3919,2011-06-17,2,0,6,4,0,5,1,1,0.54,0.5152,0.94,0.1343,1,5,6
3943,2011-06-18,2,0,6,4,0,6,0,1,0.6,0.5455,0.88,0.0896,1,4,5
3967,2011-06-19,2,0,6,4,0,0,0,2,0.66,0.6212,0.74,0.1343,7,10,17
3991,2011-06-20,2,0,6,4,0,1,1,3,0.62,0.5606,0.88,0.1642,1,2,3
4015,2011-06-21,3,0,6,4,0,2,1,2,0.6,0.5455,0.88,0.1045,2,7,9
4039,2011-06-22,3,0,6,4,0,3,1,1,0.64,0.5758,0.83,0,3,8,11
4063,2011-06-23,3,0,6,4,0,4,1,2,0.7,0.6667,0.79,0.1343,0,7,7
4087,2011-06-24,3,0,6,4,0,5,1,1,0.66,0.6061,0.83,0.0896,1,8,9
4111,2011-06-25,3,0,6,4,0,6,0,1,0.64,0.6212,0.57,0.194,7,4,11
4135,2011-06-26,3,0,6,4,0,0,0,1,0.6,0.6061,0.64,0.0896,3,8,11
4159,2011-06-27,3,0,6,4,0,1,1,2,0.6,0.5606,0.83,0.1642,1,8,9
4183,2011-06-28,3,0,6,4,0,2,1,1,0.66,0.6212,0.74,0,1,7,8
4207,2011-06-29,3,0,6,4,0,3,1,1,0.66,0.6061,0.83,0.1045,0,5,5
4231,2011-06-30,3,0,6,4,0,4,1,1,0.58,0.5455,0.64,0.1343,2,4,6
4255,2011-07-01,3,0,7,4,0,5,1,1,0.62,0.6212,0.57,0,1,5,6
4279,2011-07-02,3,0,7,4,0,6,0,1,0.62,0.6061,0.61,0,3,8,11
4303,2011-07-03,3,0,7,4,0,0,0,3,0.68,0.6364,0.65,0.0896,3,2,5
4327,2011-07-04,3,0,7,4,1,1,0,2,0.66,0.6061,0.78,0.0896,8,4,12
4351,2011-07-05,3,0,7,4,0,2,1,1,0.66,0.6212,0.69,0.1642,1,4,5
4375,2011-07-06,3,0,7,4,0,3,1,2,0.68,0.6364,0.83,0.0896,0,6,6
4399,2011-07-07,3,0,7,4,0,4,1,1,0.64,0.5758,0.89,0.1045,0,4,4
4423,2011-07-08,3,0,7,4,0,5,1,1,0.7,0.6667,0.79,0.2537,7,4,11
4447,2011-07-09,3,0,7,4,0,6,0,1,0.64,0.5758,0.83,0.2239,2,4,6
4471,2011-07-10,3,0,7,4,0,0,0,1,0.66,0.6212,0.69,0.0896,0,5,5
4495,2011-07-11,3,0,7,4,0,1,1,1,0.66,0.6212,0.74,0.2239,0,4,4
4519,2011-07-12,3,0,7,4,0,2,1,1,0.7,0.6667,0.79,0.1642,0,6,6
4543,2011-07-13,3,0,7,4,0,3,1,1,0.74,0.6818,0.58,0.2537,0,5,5
4567,2011-07-14,3,0,7,4,0,4,1,1,0.62,0.6212,0.53,0.2537,0,6,6
4591,2011-07-15,3,0,7,4,0,5,1,1,0.6,0.5909,0.73,0.1642,2,8,10
4615,2011-07-16,3,0,7,4,0,6,0,1,0.6,0.5909,0.73,0.0896,9,7,16
4639,2011-07-17,3,0,7,4,0,0,0,1,0.62,0.5909,0.73,0.1642,4,6,10
4663,2011-07-18,3,0,7,4,0,1,1,1,0.64,0.5909,0.78,0.1642,1,3,4
4687,2011-07-19,3,0,7,4,0,2,1,1,0.72,0.6818,0.7,0.1343,1,4,5
4711,2011-07-20,3,0,7,4,0,3,1,1,0.68,0.6364,0.83,0,0,4,4
4735,2011-07-21,3,0,7,4,0,4,1,2,0.72,0.7121,0.84,0.1045,0,4,4
4759,2011-07-22,3,0,7,4,0,5,1,1,0.76,0.7424,0.75,0.1045,8,5,13
4783,2011-07-23,3,0,7,4,0,6,0,1,0.76,0.7273,0.66,0.1045,5,4,9
4807,2011-07-24,3,0,7,4,0,0,0,1,0.78,0.7576,0.66,0.1045,1,5,6
4831,2011-07-25,3,0,7,4,0,1,1,1,0.72,0.7121,0.84,0.0896,0,6,6
4855,2011-07-26,3,0,7,4,0,2,1,1,0.68,0.6364,0.88,0.1642,0,6,6
4879,2011-07-27,3,0,7,4,0,3,1,1,0.72,0.6667,0.51,0.194,1,3,4
4903,2011-07-28,3,0,7,4,0,4,1,1,0.7,0.6515,0.61,0.1045,0,6,6
4927,2011-07-29,3,0,7,4,0,5,1,1,0.72,0.7121,0.84,0.1343,2,4,6
4951,2011-07-30,3,0,7,4,0,6,0,1,0.72,0.6818,0.66,0.1642,4,6,10
4975,2011-07-31,3,0,7,4,0,0,0,1,0.72,0.6818,0.7,0,6,7,13
4999,2011-08-01,3,0,8,4,0,1,1,1,0.66,0.6061,0.83,0.1343,2,2,4
5023,2011-08-02,3,0,8,4,0,2,1,1,0.66,0.6212,0.74,0.1045,0,10,10
5047,2011-08-03,3,0,8,4,0,3,1,2,0.76,0.697,0.52,0.1642,0,7,7
5071,2011-08-04,3,0,8,4,0,4,1,2,0.68,0.6364,0.89,0,0,7,7
5095,2011-08-05,3,0,8,4,0,5,1,1,0.64,0.5909,0.78,0.1343,1,6,7
5119,2011-08-06,3,0,8,4,0,6,0,2,0.66,0.6061,0.83,0.1642,5,5,10
5143,2011-08-07,3,0,8,4,0,0,0,1,0.7,0.6667,0.84,0.1343,1,5,6
5167,2011-08-08,3,0,8,4,0,1,1,1,0.66,0.5909,0.89,0.1045,2,8,10
5191,2011-08-09,3,0,8,4,0,2,1,1,0.7,0.6667,0.74,0,1,6,7
5215,2011-08-10,3,0,8,4,0,3,1,1,0.7,0.6515,0.54,0.1343,1,4,5
5239,2011-08-11,3,0,8,4,0,4,1,1,0.64,0.6212,0.57,0.1642,1,4,5
5263,2011-08-12,3,0,8,4,0,5,1,1,0.62,0.6212,0.53,0.1343,0,5,5
5287,2011-08-13,3,0,8,4,0,6,0,2,0.64,0.6061,0.73,0.1343,5,5,10
5311,2011-08-14,3,0,8,4,0,0,0,3,0.64,0.5606,0.94,0.194,1,2,3
5335,2011-08-15,3,0,8,4,0,1,1,1,0.6,0.5606,0.83,0.1343,1,4,5
5359,2011-08-16,3,0,8,4,0,2,1,1,0.64,0.6061,0.69,0.2985,0,5,5
5383,2011-08-17,3,0,8,4,0,3,1,1,0.64,0.6061,0.73,0,0,5,5
5407,2011-08-18,3,0,8,4,0,4,1,1,0.64,0.6061,0.73,0.2239,0,9,9
5431,2011-08-19,3,0,8,4,0,5,1,1,0.64,0.5758,0.83,0,1,7,8
5455,2011-08-20,3,0,8,4,0,6,0,2,0.6,0.5455,0.88,0,1,6,7
5479,2011-08-21,3,0,8,4,0,0,0,1,0.68,0.6364,0.83,0.2239,1,5,6
5503,2011-08-22,3,0,8,4,0,1,1,1,0.68,0.6364,0.65,0.194,2,10,12
5527,2011-08-23,3,0,8,4,0,2,1,1,0.54,0.5152,0.56,0.1642,0,5,5
5551,2011-08-24,3,0,8,4,0,3,1,1,0.56,0.5303,0.73,0.1045,0,7,7
5575,2011-08-25,3,0,8,4,0,4,1,1,0.66,0.6061,0.78,0.3881,1,6,7
5599,2011-08-26,3,0,8,4,0,5,1,1,0.62,0.5606,0.88,0,2,6,8
5623,2011-08-27,3,0,8,4,0,6,0,2,0.7,0.6667,0.84,0.2239,1,3,4
5658,2011-08-29,3,0,8,4,0,1,1,1,0.56,0.5303,0.68,0.1343,0,3,3
5682,2011-08-30,3,0,8,4,0,2,1,1,0.52,0.5,0.77,0.1642,0,6,6
5706,2011-08-31,3,0,8,4,0,3,1,1,0.56,0.5303,0.73,0,0,5,5
5730,2011-09-01,3,0,9,4,0,4,1,1,0.56,0.5303,0.83,0.0896,0,7,7
5754,2011-09-02,3,0,9,4,0,5,1,1,0.6,0.5606,0.83,0.0896,2,2,4
5778,2011-09-03,3,0,9,4,0,6,0,1,0.62,0.5909,0.73,0.1642,3,4,7
5802,2011-09-04,3,0,9,4,0,0,0,1,0.64,0.5758,0.83,0.1642,0,4,4
5826,2011-09-05,3,0,9,4,1,1,0,2,0.68,0.6364,0.69,0.2836,3,5,8
5849,2011-09-06,3,0,9,4,0,2,1,2,0.54,0.5152,0.94,0.2985,1,3,4
5873,2011-09-07,3,0,9,4,0,3,1,3,0.56,0.5303,0.94,0.1642,0,4,4
5896,2011-09-08,3,0,9,4,0,4,1,2,0.62,0.5455,0.94,0.0896,0,3,3
5920,2011-09-09,3,0,9,4,0,5,1,3,0.62,0.5455,0.94,0.1642,0,3,3
5944,2011-09-10,3,0,9,4,0,6,0,1,0.58,0.5455,0.94,0.0896,3,4,7
5968,2011-09-11,3,0,9,4,0,0,0,1,0.6,0.5606,0.83,0.1343,3,6,9
5991,2011-09-12,3,0,9,4,0,1,1,1,0.54,0.5152,0.94,0.1045,0,4,4
6015,2011-09-13,3,0,9,4,0,2,1,1,0.56,0.5303,0.88,0,2,6,8
6039,2011-09-14,3,0,9,4,0,3,1,1,0.6,0.5606,0.83,0.0896,1,8,9
6063,2011-09-15,3,0,9,4,0,4,1,1,0.6,0.5758,0.78,0.1045,2,5,7
6087,2011-09-16,3,0,9,4,0,5,1,1,0.4,0.4091,0.71,0.2836,1,3,4
6111,2011-09-17,3,0,9,4,0,6,0,1,0.46,0.4545,0.72,0.1343,1,4,5
6135,2011-09-18,3,0,9,4,0,0,0,1,0.44,0.4394,0.77,0.2239,1,0,1
6159,2011-09-19,3,0,9,4,0,1,1,2,0.5,0.4848,0.77,0.1642,2,6,8
6183,2011-09-20,3,0,9,4,0,2,1,1,0.54,0.5152,0.88,0.194,2,4,6
6207,2011-09-21,3,0,9,4,0,3,1,2,0.54,0.5152,1,0.1343,2,5,7
6231,2011-09-22,3,0,9,4,0,4,1,2,0.6,0.5152,0.94,0.0896,0,2,2
6255,2011-09-23,4,0,9,4,0,5,1,3,0.6,0.5,1,0,6,7,13
6279,2011-09-24,4,0,9,4,0,6,0,1,0.56,0.5303,0.94,0.1045,1,7,8
6303,2011-09-25,4,0,9,4,0,0,0,3,0.6,0.5152,0.94,0.1343,3,5,8
6327,2011-09-26,4,0,9,4,0,1,1,2,0.62,0.5455,0.94,0.0896,2,4,6
6351,2011-09-27,4,0,9,4,0,2,1,3,0.62,0.5455,0.94,0.0896,5,3,8
6375,2011-09-28,4,0,9,4,0,3,1,1,0.6,0.5455,0.88,0,1,3,4
6399,2011-09-29,4,0,9,4,0,4,1,2,0.6,0.5455,0.88,0.194,2,5,7
6423,2011-09-30,4,0,9,4,0,5,1,1,0.52,0.5,0.83,0.194,2,6,8
6447,2011-10-01,4,0,10,4,0,6,0,1,0.44,0.4394,0.58,0.4179,2,6,8
6471,2011-10-02,4,0,10,4,0,0,0,2,0.34,0.3182,0.87,0.2537,4,3,7
6495,2011-10-03,4,0,10,4,0,1,1,1,0.34,0.3485,0.87,0.1045,2,6,8
6519,2011-10-04,4,0,10,4,0,2,1,1,0.4,0.4091,0.82,0.0896,3,4,7
6543,2011-10-05,4,0,10,4,0,3,1,1,0.44,0.4394,0.88,0,1,4,5
6567,2011-10-06,4,0,10,4,0,4,1,1,0.44,0.4394,0.62,0.2836,0,5,5
6591,2011-10-07,4,0,10,4,0,5,1,1,0.4,0.4091,0.87,0.1045,0,5,5
6615,2011-10-08,4,0,10,4,0,6,0,1,0.42,0.4242,0.94,0.1343,3,7,10
6639,2011-10-09,4,0,10,4,0,0,0,1,0.44,0.4394,0.88,0,7,7,14
6663,2011-10-10,4,0,10,4,1,1,0,1,0.46,0.4545,0.94,0,2,4,6
6687,2011-10-11,4,0,10,4,0,2,1,2,0.52,0.5,0.88,0.1343,0,5,5
6711,2011-10-12,4,0,10,4,0,3,1,3,0.54,0.5152,0.94,0.3881,1,6,7
6735,2011-10-13,4,0,10,4,0,4,1,2,0.54,0.5152,1,0.1045,2,5,7
6759,2011-10-14,4,0,10,4,0,5,1,1,0.56,0.5303,0.94,0.194,0,8,8
6783,2011-10-15,4,0,10,4,0,6,0,1,0.42,0.4242,0.67,0.1343,0,6,6
6807,2011-10-16,4,0,10,4,0,0,0,1,0.42,0.4242,0.54,0.194,5,7,12
6831,2011-10-17,4,0,10,4,0,1,1,1,0.52,0.5,0.59,0.1642,2,3,5
6855,2011-10-18,4,0,10,4,0,2,1,2,0.44,0.4394,0.94,0.1045,0,4,4
6878,2011-10-19,4,0,10,4,0,3,1,3,0.5,0.4848,0.94,0.194,0,3,3
6902,2011-10-20,4,0,10,4,0,4,1,1,0.5,0.4848,0.82,0.4627,2,6,8
6926,2011-10-21,4,0,10,4,0,5,1,1,0.36,0.3485,0.71,0.1642,0,6,6
6950,2011-10-22,4,0,10,4,0,6,0,1,0.38,0.3939,0.66,0.0896,4,4,8
6974,2011-10-23,4,0,10,4,0,0,0,1,0.34,0.3636,0.87,0,5,1,6
6998,2011-10-24,4,0,10,4,0,1,1,1,0.4,0.4091,0.82,0,1,5,6
7022,2011-10-25,4,0,10,4,0,2,1,1,0.38,0.3939,0.87,0.1343,0,5,5
7046,2011-10-26,4,0,10,4,0,3,1,1,0.42,0.4242,0.71,0.2537,0,5,5
7070,2011-10-27,4,0,10,4,0,4,1,3,0.48,0.4697,0.88,0,1,3,4
7094,2011-10-28,4,0,10,4,0,5,1,1,0.3,0.2879,0.65,0.2836,5,5,10
7118,2011-10-29,4,0,10,4,0,6,0,3,0.3,0.2727,0.81,0.4179,0,1,1
7142,2011-10-30,4,0,10,4,0,0,0,1,0.22,0.197,0.8,0.3284,1,10,11
7166,2011-10-31,4,0,10,4,0,1,1,1,0.24,0.2879,0.87,0,1,5,6
7190,2011-11-01,4,0,11,4,0,2,1,1,0.34,0.3182,0.81,0.2239,1,7,8
7214,2011-11-02,4,0,11,4,0,3,1,1,0.3,0.3333,0.87,0,0,4,4
7238,2011-11-03,4,0,11,4,0,4,1,1,0.32,0.3333,0.81,0.0896,1,3,4
7262,2011-11-04,4,0,11,4,0,5,1,2,0.38,0.3939,0.87,0.0896,1,6,7
7286,2011-11-05,4,0,11,4,0,6,0,1,0.28,0.2576,0.56,0.3284,3,5,8
7310,2011-11-06,4,0,11,4,0,0,0,1,0.24,0.2879,0.87,0,0,6,6
7334,2011-11-07,4,0,11,4,0,1,1,1,0.32,0.3485,0.93,0,2,4,6
7358,2011-11-08,4,0,11,4,0,2,1,1,0.3,0.3333,0.87,0,0,4,4
7382,2011-11-09,4,0,11,4,0,3,1,1,0.32,0.3485,0.87,0,0,4,4
7406,2011-11-10,4,0,11,4,0,4,1,1,0.38,0.3939,0.94,0.0896,1,2,3
7430,2011-11-11,4,0,11,4,1,5,0,1,0.3,0.2879,0.61,0.194,0,8,8
7454,2011-11-12,4,0,11,4,0,6,0,1,0.2,0.2121,0.8,0.1343,0,7,7
7478,2011-11-13,4,0,11,4,0,0,0,2,0.36,0.3485,0.62,0.1343,1,5,6
7502,2011-11-14,4,0,11,4,0,1,1,1,0.44,0.4394,0.67,0.2239,0,5,5
7526,2011-11-15,4,0,11,4,0,2,1,1,0.56,0.5303,0.64,0.2985,1,6,7
7550,2011-11-16,4,0,11,4,0,3,1,2,0.44,0.4394,1,0.2239,1,3,4
7574,2011-11-17,4,0,11,4,0,4,1,2,0.4,0.4091,0.62,0.4179,1,3,4
7598,2011-11-18,4,0,11,4,0,5,1,1,0.22,0.2273,0.44,0.1642,0,5,5
7622,2011-11-19,4,0,11,4,0,6,0,1,0.26,0.2273,0.48,0.3284,4,4,8
7646,2011-11-20,4,0,11,4,0,0,0,2,0.4,0.4091,0.71,0.2836,2,10,12
7670,2011-11-21,4,0,11,4,0,1,1,3,0.44,0.4394,1,0.1343,0,5,5
7694,2011-11-22,4,0,11,4,0,2,1,3,0.38,0.3939,0.94,0.1642,0,7,7
7718,2011-11-23,4,0,11,4,0,3,1,3,0.52,0.5,0.88,0.3582,0,5,5
7742,2011-11-24,4,0,11,4,1,4,0,1,0.3,0.3182,0.61,0.0896,1,1,2
7766,2011-11-25,4,0,11,4,0,5,1,1,0.3,0.3182,0.75,0.1045,4,3,7
7790,2011-11-26,4,0,11,4,0,6,0,1,0.3,0.3333,0.81,0,0,4,4
7814,2011-11-27,4,0,11,4,0,0,0,1,0.34,0.3485,0.87,0.1045,0,4,4
7837,2011-11-28,4,0,11,4,0,1,1,1,0.44,0.4394,0.82,0.0896,0,4,4
7861,2011-11-29,4,0,11,4,0,2,1,2,0.52,0.5,0.83,0.3284,1,5,6
7885,2011-11-30,4,0,11,4,0,3,1,1,0.3,0.2879,0.75,0.2239,0,5,5
7909,2011-12-01,4,0,12,4,0,4,1,1,0.26,0.2424,0.56,0.2836,0,1,1
7933,2011-12-02,4,0,12,4,0,5,1,1,0.22,0.2727,0.8,0,0,3,3
7957,2011-12-03,4,0,12,4,0,6,0,1,0.22,0.2273,0.75,0.1343,1,7,8
7981,2011-12-04,4,0,12,4,0,0,0,1,0.26,0.303,0.87,0,2,9,11
8005,2011-12-05,4,0,12,4,0,1,1,1,0.3,0.3182,0.87,0.1045,0,7,7
8029,2011-12-06,4,0,12,4,0,2,1,3,0.46,0.4545,0.88,0.2239,0,7,7
8053,2011-12-07,4,0,12,4,0,3,1,3,0.46,0.4545,1,0.1642,0,1,1
8077,2011-12-08,4,0,12,4,0,4,1,2,0.24,0.197,0.6,0.4627,0,2,2
8101,2011-12-09,4,0,12,4,0,5,1,1,0.22,0.2727,0.8,0,1,1,2
8125,2011-12-10,4,0,12,4,0,6,0,2,0.26,0.2727,0.65,0.1045,0,3,3
8149,2011-12-11,4,0,12,4,0,0,0,1,0.16,0.1667,0.59,0.1642,0,5,5
8173,2011-12-12,4,0,12,4,0,1,1,1,0.18,0.2424,0.74,0,0,3,3
8197,2011-12-13,4,0,12,4,0,2,1,1,0.2,0.2576,0.8,0,0,4,4
8221,2011-12-14,4,0,12,4,0,3,1,1,0.26,0.303,0.75,0,0,4,4
8245,2011-12-15,4,0,12,4,0,4,1,2,0.32,0.303,0.7,0.2239,0,6,6
8269,2011-12-16,4,0,12,4,0,5,1,2,0.5,0.4848,0.59,0.194,1,4,5
8293,2011-12-17,4,0,12,4,0,6,0,1,0.24,0.2424,0.65,0.1642,0,9,9
8317,2011-12-18,4,0,12,4,0,0,0,1,0.22,0.2121,0.55,0.2239,0,1,1
8341,2011-12-19,4,0,12,4,0,1,1,1,0.16,0.1818,0.86,0.1343,0,4,4
8365,2011-12-20,4,0,12,4,0,2,1,2,0.36,0.3636,0.53,0.1045,0,4,4
8389,2011-12-21,1,0,12,4,0,3,1,2,0.36,0.3788,0.71,0,0,2,2
8413,2011-12-22,1,0,12,4,0,4,1,1,0.38,0.3939,0.82,0.1343,0,3,3
8437,2011-12-23,1,0,12,4,0,5,1,3,0.38,0.3939,0.94,0.2836,0,2,2
8461,2011-12-24,1,0,12,4,0,6,0,2,0.32,0.3182,0.66,0.1642,0,3,3
8507,2011-12-26,1,0,12,4,1,1,0,1,0.34,0.303,0.46,0.2985,0,2,2
8531,2011-12-27,1,0,12,4,0,2,1,2,0.3,0.2879,0.65,0.2239,0,3,3
8578,2011-12-29,1,0,12,4,0,4,1,1,0.2,0.2121,0.55,0.1642,1,2,3
8602,2011-12-30,1,0,12,4,0,5,1,1,0.24,0.2576,0.7,0.0896,0,2,2
8626,2011-12-31,1,0,12,4,0,6,0,1,0.38,0.3939,0.71,0.2239,1,9,10
8650,2012-01-01,1,1,1,4,0,0,0,1,0.28,0.303,0.81,0.0896,0,8,8
8673,2012-01-02,1,1,1,4,1,1,0,1,0.28,0.2576,0.45,0.3284,0,4,4
8697,2012-01-03,1,1,1,4,0,2,1,1,0.16,0.1515,0.55,0.2537,0,5,5
8721,2012-01-04,1,1,1,4,0,3,1,1,0.02,0.0455,0.41,0.194,0,2,2
8745,2012-01-05,1,1,1,4,0,4,1,2,0.2,0.2273,0.59,0.0896,0,5,5
8769,2012-01-06,1,1,1,4,0,5,1,1,0.22,0.2273,0.69,0.1343,0,3,3
8793,2012-01-07,1,1,1,4,0,6,0,1,0.32,0.3333,0.57,0.0896,1,9,10
8817,2012-01-08,1,1,1,4,0,0,0,1,0.32,0.303,0.49,0.2537,2,4,6
8841,2012-01-09,1,1,1,4,0,1,1,1,0.22,0.2424,0.64,0.1045,0,4,4
8864,2012-01-10,1,1,1,4,0,2,1,2,0.2,0.2121,0.86,0.1642,0,4,4
8888,2012-01-11,1,1,1,4,0,3,1,1,0.2,0.2121,0.8,0.1343,0,2,2
8912,2012-01-12,1,1,1,4,0,4,1,3,0.36,0.3485,0.93,0.194,0,2,2
8936,2012-01-13,1,1,1,4,0,5,1,3,0.32,0.2879,0.7,0.4925,1,2,3
8960,2012-01-14,1,1,1,4,0,6,0,1,0.14,0.1515,0.5,0.1343,0,3,3
8984,2012-01-15,1,1,1,4,0,0,0,2,0.16,0.1364,0.47,0.3881,1,5,6
9008,2012-01-16,1,1,1,4,1,1,0,1,0.12,0.1515,0.58,0.1045,2,6,8
9031,2012-01-17,1,1,1,4,0,2,1,3,0.32,0.303,0.66,0.3284,0,2,2
9055,2012-01-18,1,1,1,4,0,3,1,1,0.34,0.2879,0.46,0.5224,0,1,1
9079,2012-01-19,1,1,1,4,0,4,1,1,0.12,0.1515,0.54,0.1045,0,1,1
9103,2012-01-20,1,1,1,4,0,5,1,1,0.22,0.2424,0.6,0.1045,0,3,3
9127,2012-01-21,1,1,1,4,0,6,0,3,0.16,0.197,0.86,0.0896,0,1,1
9151,2012-01-22,1,1,1,4,0,0,0,3,0.16,0.1364,0.8,0.2836,1,1,2
9175,2012-01-23,1,1,1,4,0,1,1,2,0.2,0.2576,0.8,0,0,1,1
9199,2012-01-24,1,1,1,4,0,2,1,2,0.3,0.3182,1,0.0896,0,2,2
9223,2012-01-25,1,1,1,4,0,3,1,1,0.26,0.2424,0.7,0.2836,0,4,4
9247,2012-01-26,1,1,1,4,0,4,1,1,0.28,0.3182,0.75,0,0,3,3
9271,2012-01-27,1,1,1,4,0,5,1,2,0.4,0.4091,1,0.2985,1,3,4
9295,2012-01-28,1,1,1,4,0,6,0,1,0.26,0.2576,0.6,0.1642,0,8,8
9319,2012-01-29,1,1,1,4,0,0,0,1,0.24,0.2576,0.3,0,0,5,5
9343,2012-01-30,1,1,1,4,0,1,1,1,0.2,0.2121,0.51,0.1343,0,5,5
9367,2012-01-31,1,1,1,4,0,2,1,1,0.3,0.2879,0.49,0.194,0,1,1
9391,2012-02-01,1,1,2,4,0,3,1,1,0.4,0.4091,0.5,0.1642,0,1,1
9415,2012-02-02,1,1,2,4,0,4,1,3,0.4,0.4091,0.82,0.0896,0,1,1
9439,2012-02-03,1,1,2,4,0,5,1,1,0.26,0.2576,0.6,0.2239,0,2,2
9463,2012-02-04,1,1,2,4,0,6,0,1,0.24,0.2576,0.81,0.0896,1,5,6
9487,2012-02-05,1,1,2,4,0,0,0,2,0.24,0.2424,0.87,0.1343,0,9,9
9510,2012-02-06,1,1,2,4,0,1,1,1,0.18,0.2121,0.8,0.1045,0,2,2
9534,2012-02-07,1,1,2,4,0,2,1,2,0.3,0.3333,0.7,0,0,3,3
9558,2012-02-08,1,1,2,4,0,3,1,1,0.24,0.2576,0.7,0.0896,0,1,1
9582,2012-02-09,1,1,2,4,0,4,1,2,0.22,0.197,0.75,0.4478,0,1,1
9606,2012-02-10,1,1,2,4,0,5,1,1,0.26,0.2879,0.56,0.0896,0,2,2
9630,2012-02-11,1,1,2,4,0,6,0,3,0.24,0.2273,0.87,0.2239,0,4,4
9654,2012-02-12,1,1,2,4,0,0,0,2,0.1,0.0455,0.46,0.7164,0,1,1
9678,2012-02-13,1,1,2,4,0,1,1,1,0.12,0.1667,0.54,0.0896,0,2,2
9702,2012-02-14,1,1,2,4,0,2,1,2,0.26,0.2727,0.65,0.1045,0,2,2
9726,2012-02-15,1,1,2,4,0,3,1,1,0.28,0.2879,0.7,0.1045,0,1,1
9750,2012-02-16,1,1,2,4,0,4,1,3,0.3,0.3182,0.7,0.0896,0,3,3
9774,2012-02-17,1,1,2,4,0,5,1,2,0.28,0.2727,0.93,0.194,0,1,1
9798,2012-02-18,1,1,2,4,0,6,0,1,0.26,0.303,0.7,0,3,4,7
9822,2012-02-19,1,1,2,4,0,0,0,2,0.28,0.2576,0.41,0.3881,0,3,3
9868,2012-02-21,1,1,2,4,0,2,1,1,0.22,0.2727,0.64,0,0,2,2
9892,2012-02-22,1,1,2,4,0,3,1,1,0.34,0.3333,0.71,0.1642,0,2,2
9916,2012-02-23,1,1,2,4,0,4,1,1,0.4,0.4091,0.76,0.2239,0,1,1
9940,2012-02-24,1,1,2,4,0,5,1,1,0.4,0.4091,0.87,0.1343,0,2,2
9964,2012-02-25,1,1,2,4,0,6,0,1,0.3,0.2727,0.42,0.3284,0,2,2
9988,2012-02-26,1,1,2,4,0,0,0,1,0.24,0.2273,0.41,0.194,1,5,6
10012,2012-02-27,1,1,2,4,0,1,1,1,0.22,0.2273,0.8,0.1343,0,1,1
10036,2012-02-28,1,1,2,4,0,2,1,1,0.32,0.2879,0.42,0.3582,0,2,2
10083,2012-03-01,1,1,3,4,0,4,1,1,0.48,0.4697,0.88,0.194,0,5,5
10107,2012-03-02,1,1,3,4,0,5,1,1,0.32,0.3485,0.61,0,0,2,2
10131,2012-03-03,1,1,3,4,0,6,0,2,0.36,0.3485,0.93,0.194,0,2,2
10155,2012-03-04,1,1,3,4,0,0,0,2,0.34,0.3333,0.46,0.194,3,11,14
10179,2012-03-05,1,1,3,4,0,1,1,1,0.2,0.2273,0.55,0.0896,0,1,1
10203,2012-03-06,1,1,3,4,0,2,1,1,0.18,0.1667,0.51,0.2985,0,3,3
10227,2012-03-07,1,1,3,4,0,3,1,1,0.28,0.2576,0.61,0.3284,0,3,3
10251,2012-03-08,1,1,3,4,0,4,1,1,0.44,0.4394,0.72,0.2836,0,2,2
10275,2012-03-09,1,1,3,4,0,5,1,3,0.4,0.4091,0.66,0.2836,0,1,1
10299,2012-03-10,1,1,3,4,0,6,0,1,0.24,0.2121,0.41,0.3582,1,3,4
10322,2012-03-11,1,1,3,4,0,0,0,1,0.24,0.2424,0.6,0.1343,7,15,22
10346,2012-03-12,1,1,3,4,0,1,1,1,0.34,0.3333,0.61,0.194,0,3,3
10370,2012-03-13,1,1,3,4,0,2,1,2,0.46,0.4545,0.82,0.194,0,1,1
10394,2012-03-14,1,1,3,4,0,3,1,1,0.48,0.4697,0.67,0.0896,1,4,5
10418,2012-03-15,1,1,3,4,0,4,1,1,0.44,0.4394,0.77,0.1045,11,3,14
10442,2012-03-16,1,1,3,4,0,5,1,2,0.4,0.4091,0.87,0.2537,0,3,3
10466,2012-03-17,1,1,3,4,0,6,0,2,0.42,0.4242,0.94,0,0,2,2
10490,2012-03-18,1,1,3,4,0,0,0,2,0.42,0.4242,0.94,0.1642,6,8,14
10514,2012-03-19,1,1,3,4,0,1,1,1,0.44,0.4394,0.94,0,0,3,3
10538,2012-03-20,1,1,3,4,0,2,1,2,0.52,0.5,0.88,0.1343,0,6,6
10562,2012-03-21,2,1,3,4,0,3,1,2,0.5,0.4848,0.88,0.1343,0,4,4
10586,2012-03-22,2,1,3,4,0,4,1,2,0.48,0.4697,1,0.0896,0,6,6
10610,2012-03-23,2,1,3,4,0,5,1,2,0.5,0.4848,0.94,0.1045,0,3,3
10634,2012-03-24,2,1,3,4,0,6,0,1,0.52,0.5,0.83,0.0896,1,6,7
10658,2012-03-25,2,1,3,4,0,0,0,2,0.42,0.4242,0.94,0.3284,1,7,8
10682,2012-03-26,2,1,3,4,0,1,1,1,0.44,0.4394,0.82,0.1642,0,4,4
10706,2012-03-27,2,1,3,4,0,2,1,1,0.24,0.2121,0.32,0.3582,0,3,3
10730,2012-03-28,2,1,3,4,0,3,1,1,0.36,0.3333,0.43,0.2985,1,0,1
10754,2012-03-29,2,1,3,4,0,4,1,1,0.52,0.5,0.36,0.2537,1,8,9
10778,2012-03-30,2,1,3,4,0,5,1,1,0.34,0.3485,0.53,0.0896,1,1,2
10802,2012-03-31,2,1,3,4,0,6,0,1,0.42,0.4242,0.77,0.4179,4,4,8
10826,2012-04-01,2,1,4,4,0,0,0,2,0.34,0.3485,0.81,0.0896,3,9,12
10849,2012-04-02,2,1,4,4,0,1,1,1,0.4,0.4091,0.76,0.4925,2,2,4
10873,2012-04-03,2,1,4,4,0,2,1,1,0.32,0.3333,0.66,0.0896,0,1,1
10897,2012-04-04,2,1,4,4,0,3,1,1,0.42,0.4242,0.67,0.0896,0,1,1
10921,2012-04-05,2,1,4,4,0,4,1,1,0.38,0.3939,0.43,0.2836,0,1,1
10945,2012-04-06,2,1,4,4,0,5,1,1,0.34,0.3182,0.49,0.2537,2,3,5
10969,2012-04-07,2,1,4,4,0,6,0,1,0.32,0.3182,0.36,0.1642,3,4,7
10993,2012-04-08,2,1,4,4,0,0,0,1,0.4,0.4091,0.4,0,0,7,7
11017,2012-04-09,2,1,4,4,0,1,1,1,0.44,0.4394,0.24,0.194,2,3,5
11041,2012-04-10,2,1,4,4,0,2,1,1,0.34,0.3333,0.71,0.1343,0,2,2
11088,2012-04-12,2,1,4,4,0,4,1,1,0.3,0.2879,0.61,0.2239,0,1,1
11112,2012-04-13,2,1,4,4,0,5,1,2,0.34,0.3333,0.53,0.1343,1,4,5
11136,2012-04-14,2,1,4,4,0,6,0,1,0.36,0.3636,0.71,0.1045,5,9,14
11160,2012-04-15,2,1,4,4,0,0,0,2,0.54,0.5152,0.52,0,2,10,12
11184,2012-04-16,2,1,4,4,1,1,0,1,0.54,0.5152,0.77,0.2239,0,6,6
11208,2012-04-17,2,1,4,4,0,2,1,1,0.66,0.6212,0.44,0.2239,3,6,9
11232,2012-04-18,2,1,4,4,0,3,1,2,0.5,0.4848,0.42,0.2836,0,7,7
11256,2012-04-19,2,1,4,4,0,4,1,2,0.42,0.4242,0.71,0,0,4,4
11280,2012-04-20,2,1,4,4,0,5,1,1,0.42,0.4242,0.94,0.1045,0,3,3
11304,2012-04-21,2,1,4,4,0,6,0,1,0.5,0.4848,0.82,0.2537,0,9,9
11328,2012-04-22,2,1,4,4,0,0,0,2,0.44,0.4394,0.77,0.1642,0,7,7
11352,2012-04-23,2,1,4,4,0,1,1,3,0.3,0.2879,0.81,0.2836,0,3,3
11376,2012-04-24,2,1,4,4,0,2,1,1,0.3,0.2879,0.7,0.194,0,3,3
11400,2012-04-25,2,1,4,4,0,3,1,1,0.34,0.3485,0.66,0.0896,0,6,6
11424,2012-04-26,2,1,4,4,0,4,1,2,0.48,0.4697,0.59,0.0896,1,2,3
11448,2012-04-27,2,1,4,4,0,5,1,1,0.42,0.4242,0.44,0.2537,0,6,6
11472,2012-04-28,2,1,4,4,0,6,0,1,0.34,0.3333,0.49,0.1642,0,2,2
11496,2012-04-29,2,1,4,4,0,0,0,2,0.36,0.3485,0.87,0.1343,0,4,4
11520,2012-04-30,2,1,4,4,0,1,1,1,0.38,0.3939,0.62,0.2537,0,2,2
11544,2012-05-01,2,1,5,4,0,2,1,2,0.52,0.5,0.72,0.0896,1,7,8
11568,2012-05-02,2,1,5,4,0,3,1,1,0.54,0.5152,0.88,0,2,2,4
11592,2012-05-03,2,1,5,4,0,4,1,2,0.46,0.4545,0.88,0.2537,0,2,2
11616,2012-05-04,2,1,5,4,0,5,1,1,0.56,0.5303,0.88,0.194,0,4,4
11640,2012-05-05,2,1,5,4,0,6,0,1,0.56,0.5303,0.88,0.1045,0,9,9
11664,2012-05-06,2,1,5,4,0,0,0,3,0.52,0.5,0.83,0.1642,9,7,16
11688,2012-05-07,2,1,5,4,0,1,1,2,0.46,0.4545,0.88,0.1343,0,2,2
11712,2012-05-08,2,1,5,4,0,2,1,2,0.52,0.5,0.68,0.3284,0,5,5
11736,2012-05-09,2,1,5,4,0,3,1,3,0.56,0.5303,0.88,0.2239,0,5,5
11760,2012-05-10,2,1,5,4,0,4,1,1,0.46,0.4545,0.77,0.194,0,2,2
11784,2012-05-11,2,1,5,4,0,5,1,1,0.42,0.4242,0.5,0.194,3,6,9
11808,2012-05-12,2,1,5,4,0,6,0,1,0.44,0.4394,0.67,0.1045,3,6,9
11832,2012-05-13,2,1,5,4,0,0,0,2,0.54,0.5152,0.68,0.194,2,7,9
11856,2012-05-14,2,1,5,4,0,1,1,2,0.54,0.5152,0.77,0.2239,3,3,6
11880,2012-05-15,2,1,5,4,0,2,1,3,0.56,0.5303,0.94,0,1,4,5
11904,2012-05-16,2,1,5,4,0,3,1,1,0.54,0.5152,0.94,0.1343,1,3,4
11928,2012-05-17,2,1,5,4,0,4,1,1,0.6,0.6061,0.64,0.3284,3,13,16
11952,2012-05-18,2,1,5,4,0,5,1,1,0.46,0.4545,0.77,0.1642,0,11,11
11976,2012-05-19,2,1,5,4,0,6,0,1,0.48,0.4697,0.59,0.0896,6,8,14
12000,2012-05-20,2,1,5,4,0,0,0,1,0.52,0.5,0.68,0.0896,2,14,16
12024,2012-05-21,2,1,5,4,0,1,1,3,0.56,0.5303,0.88,0.2985,2,5,7
12048,2012-05-22,2,1,5,4,0,2,1,2,0.56,0.5303,0.88,0.1642,0,7,7
12072,2012-05-23,2,1,5,4,0,3,1,3,0.58,0.5455,0.83,0.194,0,3,3
12096,2012-05-24,2,1,5,4,0,4,1,2,0.6,0.5455,0.88,0.1642,0,5,5
12120,2012-05-25,2,1,5,4,0,5,1,2,0.62,0.5606,0.88,0,3,6,9
12144,2012-05-26,2,1,5,4,0,6,0,1,0.62,0.5606,0.88,0.1343,0,2,2
12168,2012-05-27,2,1,5,4,0,0,0,1,0.62,0.5758,0.83,0.194,4,7,11
12192,2012-05-28,2,1,5,4,1,1,0,1,0.6,0.5758,0.78,0.1343,2,4,6
12216,2012-05-29,2,1,5,4,0,2,1,1,0.66,0.6061,0.78,0.2239,0,5,5
12240,2012-05-30,2,1,5,4,0,3,1,2,0.62,0.5606,0.88,0.1343,0,6,6
12264,2012-05-31,2,1,5,4,0,4,1,1,0.62,0.6061,0.69,0,0,8,8
12288,2012-06-01,2,1,6,4,0,5,1,2,0.62,0.5909,0.73,0.0896,1,5,6
12312,2012-06-02,2,1,6,4,0,6,0,1,0.54,0.5152,0.68,0.2836,2,11,13
12336,2012-06-03,2,1,6,4,0,0,0,1,0.5,0.4848,0.72,0.0896,1,12,13
12360,2012-06-04,2,1,6,4,0,1,1,1,0.54,0.5152,0.64,0.0896,2,6,8
12384,2012-06-05,2,1,6,4,0,2,1,3,0.5,0.4848,0.82,0.194,1,4,5
12408,2012-06-06,2,1,6,4,0,3,1,1,0.46,0.4545,0.82,0.1045,3,7,10
12432,2012-06-07,2,1,6,4,0,4,1,1,0.46,0.4545,0.88,0.1045,0,6,6
12456,2012-06-08,2,1,6,4,0,5,1,1,0.52,0.5,0.63,0,1,9,10
12480,2012-06-09,2,1,6,4,0,6,0,1,0.62,0.6212,0.57,0,2,6,8
12504,2012-06-10,2,1,6,4,0,0,0,1,0.62,0.5909,0.78,0.0896,1,9,10
12528,2012-06-11,2,1,6,4,0,1,1,1,0.64,0.5909,0.78,0.1343,0,7,7
12552,2012-06-12,2,1,6,4,0,2,1,3,0.6,0.5455,0.88,0.1642,0,4,4
12576,2012-06-13,2,1,6,4,0,3,1,1,0.6,0.5606,0.83,0.1343,1,9,10
12600,2012-06-14,2,1,6,4,0,4,1,2,0.6,0.6212,0.56,0.2537,0,6,6
12624,2012-06-15,2,1,6,4,0,5,1,1,0.56,0.5303,0.83,0.1642,1,13,14
12648,2012-06-16,2,1,6,4,0,6,0,1,0.54,0.5152,0.68,0.1343,3,5,8
12672,2012-06-17,2,1,6,4,0,0,0,1,0.54,0.5152,0.64,0.0896,2,16,18
12696,2012-06-18,2,1,6,4,0,1,1,2,0.54,0.5152,0.77,0.194,0,9,9
12720,2012-06-19,2,1,6,4,0,2,1,2,0.6,0.5758,0.78,0.1343,1,9,10
12744,2012-06-20,2,1,6,4,0,3,1,1,0.66,0.6061,0.83,0.0896,1,6,7
12768,2012-06-21,3,1,6,4,0,4,1,1,0.7,0.6667,0.84,0.0896,1,11,12
12792,2012-06-22,3,1,6,4,0,5,1,2,0.76,0.7273,0.66,0,3,7,10
12816,2012-06-23,3,1,6,4,0,6,0,2,0.64,0.5758,0.83,0.1642,6,13,19
12840,2012-06-24,3,1,6,4,0,0,0,2,0.66,0.6212,0.65,0,4,9,13
12864,2012-06-25,3,1,6,4,0,1,1,1,0.66,0.6061,0.78,0.2537,0,4,4
12888,2012-06-26,3,1,6,4,0,2,1,1,0.54,0.5152,0.45,0.2985,1,9,10
12912,2012-06-27,3,1,6,4,0,3,1,1,0.6,0.6212,0.4,0.2537,0,11,11
12936,2012-06-28,3,1,6,4,0,4,1,1,0.62,0.6061,0.61,0.1045,0,11,11
12960,2012-06-29,3,1,6,4,0,5,1,1,0.7,0.6515,0.65,0.1642,1,9,10
12984,2012-06-30,3,1,6,4,0,6,0,2,0.62,0.5455,0.94,0,3,15,18
13008,2012-07-01,3,1,7,4,0,0,0,1,0.7,0.6667,0.79,0.194,0,4,4
13032,2012-07-02,3,1,7,4,0,1,1,2,0.72,0.6667,0.54,0.2985,2,10,12
13056,2012-07-03,3,1,7,4,0,2,1,1,0.68,0.6364,0.65,0.1045,0,6,6
13080,2012-07-04,3,1,7,4,1,3,0,1,0.68,0.6364,0.69,0.2537,5,11,16
13104,2012-07-05,3,1,7,4,0,4,1,1,0.72,0.6667,0.58,0,0,7,7
13128,2012-07-06,3,1,7,4,0,5,1,1,0.74,0.697,0.66,0.2239,2,4,6
13152,2012-07-07,3,1,7,4,0,6,0,1,0.74,0.7121,0.74,0.1642,3,13,16
13176,2012-07-08,3,1,7,4,0,0,0,1,0.78,0.7576,0.66,0.1045,2,11,13
13200,2012-07-09,3,1,7,4,0,1,1,3,0.66,0.5909,0.89,0.3881,1,1,2
13224,2012-07-10,3,1,7,4,0,2,1,1,0.68,0.6364,0.79,0.1343,0,4,4
13248,2012-07-11,3,1,7,4,0,3,1,1,0.64,0.5758,0.89,0.1343,1,6,7
13272,2012-07-12,3,1,7,4,0,4,1,1,0.64,0.6061,0.73,0.1045,0,5,5
13296,2012-07-13,3,1,7,4,0,5,1,2,0.66,0.6212,0.61,0,0,11,11
13320,2012-07-14,3,1,7,4,0,6,0,3,0.66,0.6212,0.61,0.1045,3,6,9
13344,2012-07-15,3,1,7,4,0,0,0,2,0.68,0.6364,0.89,0.1045,8,11,19
13368,2012-07-16,3,1,7,4,0,1,1,1,0.68,0.6364,0.79,0.1045,1,11,12
13392,2012-07-17,3,1,7,4,0,2,1,1,0.72,0.6818,0.62,0,0,7,7
13416,2012-07-18,3,1,7,4,0,3,1,1,0.72,0.6818,0.7,0.1343,0,6,6
13440,2012-07-19,3,1,7,4,0,4,1,1,0.72,0.6818,0.7,0.1045,0,8,8
13464,2012-07-20,3,1,7,4,0,5,1,2,0.66,0.5909,0.89,0.1642,3,6,9
13488,2012-07-21,3,1,7,4,0,6,0,3,0.58,0.5455,0.88,0.2836,11,5,16
13512,2012-07-22,3,1,7,4,0,0,0,1,0.6,0.5455,0.88,0,6,10,16
13536,2012-07-23,3,1,7,4,0,1,1,2,0.66,0.5909,0.94,0.1343,0,8,8
13560,2012-07-24,3,1,7,4,0,2,1,1,0.66,0.6061,0.83,0.0896,0,6,6
13584,2012-07-25,3,1,7,4,0,3,1,1,0.64,0.6061,0.65,0.2239,0,4,4
13608,2012-07-26,3,1,7,4,0,4,1,1,0.66,0.6212,0.74,0.194,0,4,4
13632,2012-07-27,3,1,7,4,0,5,1,1,0.7,0.6667,0.79,0,3,5,8
13656,2012-07-28,3,1,7,4,0,6,0,1,0.7,0.6667,0.79,0.194,1,10,11
13680,2012-07-29,3,1,7,4,0,0,0,1,0.64,0.6061,0.69,0.194,2,11,13
13704,2012-07-30,3,1,7,4,0,1,1,1,0.66,0.6061,0.83,0,0,5,5
13728,2012-07-31,3,1,7,4,0,2,1,1,0.66,0.6061,0.83,0.0896,0,6,6
13752,2012-08-01,3,1,8,4,0,3,1,2,0.64,0.5909,0.78,0.1343,1,3,4
13776,2012-08-02,3,1,8,4,0,4,1,1,0.66,0.6061,0.83,0,0,9,9
13800,2012-08-03,3,1,8,4,0,5,1,1,0.66,0.6061,0.83,0.2537,1,11,12
13824,2012-08-04,3,1,8,4,0,6,0,1,0.72,0.697,0.79,0.194,2,11,13
13848,2012-08-05,3,1,8,4,0,0,0,1,0.72,0.697,0.74,0.2537,3,11,14
13872,2012-08-06,3,1,8,4,0,1,1,2,0.72,0.697,0.74,0.1343,3,8,11
13896,2012-08-07,3,1,8,4,0,2,1,1,0.68,0.6364,0.83,0.1343,2,7,9
13920,2012-08-08,3,1,8,4,0,3,1,1,0.7,0.6667,0.84,0,1,6,7
13944,2012-08-09,3,1,8,4,0,4,1,2,0.68,0.6364,0.89,0.1343,0,10,10
13968,2012-08-10,3,1,8,4,0,5,1,3,0.7,0.6667,0.84,0.2836,0,7,7
13992,2012-08-11,3,1,8,4,0,6,0,1,0.62,0.5758,0.83,0.1045,3,7,10
14016,2012-08-12,3,1,8,4,0,0,0,1,0.64,0.6061,0.69,0.0896,2,8,10
14040,2012-08-13,3,1,8,4,0,1,1,1,0.64,0.6061,0.69,0.1045,0,11,11
14064,2012-08-14,3,1,8,4,0,2,1,2,0.68,0.6364,0.83,0.194,0,5,5
14088,2012-08-15,3,1,8,4,0,3,1,1,0.64,0.5758,0.83,0.1045,0,4,4
14112,2012-08-16,3,1,8,4,0,4,1,1,0.62,0.5909,0.73,0.2239,2,3,5
14136,2012-08-17,3,1,8,4,0,5,1,1,0.64,0.2424,0.73,0.1642,0,9,9
14160,2012-08-18,3,1,8,4,0,6,0,1,0.62,0.5909,0.73,0.2239,5,8,13
14184,2012-08-19,3,1,8,4,0,0,0,2,0.62,0.6061,0.65,0.1642,4,22,26
14208,2012-08-20,3,1,8,4,0,1,1,2,0.6,0.5606,0.83,0.0896,0,7,7
14232,2012-08-21,3,1,8,4,0,2,1,1,0.56,0.5303,0.88,0,0,4,4
14256,2012-08-22,3,1,8,4,0,3,1,1,0.58,0.5455,0.83,0.1045,1,7,8
14280,2012-08-23,3,1,8,4,0,4,1,1,0.62,0.5758,0.83,0,0,6,6
14304,2012-08-24,3,1,8,4,0,5,1,2,0.64,0.6061,0.73,0,2,6,8
14328,2012-08-25,3,1,8,4,0,6,0,2,0.66,0.6212,0.69,0.1045,3,9,12
14352,2012-08-26,3,1,8,4,0,0,0,2,0.64,0.5758,0.89,0.194,5,11,16
14376,2012-08-27,3,1,8,4,0,1,1,1,0.62,0.5758,0.83,0,1,11,12
14400,2012-08-28,3,1,8,4,0,2,1,1,0.66,0.6061,0.83,0.1343,2,6,8
14424,2012-08-29,3,1,8,4,0,3,1,1,0.6,0.5909,0.73,0.2239,2,8,10
14448,2012-08-30,3,1,8,4,0,4,1,1,0.62,0.5909,0.73,0,4,4,8
14472,2012-08-31,3,1,8,4,0,5,1,1,0.64,0.5758,0.89,0.1343,0,7,7
14496,2012-09-01,3,1,9,4,0,6,0,1,0.7,0.6515,0.7,0,3,9,12
14520,2012-09-02,3,1,9,4,0,0,0,1,0.66,0.5909,0.89,0,7,15,22
14544,2012-09-03,3,1,9,4,1,1,0,1,0.66,0.5909,0.89,0.0896,6,5,11
14568,2012-09-04,3,1,9,4,0,2,1,2,0.66,0.5909,0.89,0,0,8,8
14592,2012-09-05,3,1,9,4,0,3,1,1,0.7,0.6667,0.79,0.2836,2,3,5
14616,2012-09-06,3,1,9,4,0,4,1,2,0.7,0.6667,0.84,0.0896,0,8,8
14640,2012-09-07,3,1,9,4,0,5,1,1,0.62,0.5606,0.88,0,1,7,8
14664,2012-09-08,3,1,9,4,0,6,0,2,0.66,0.5909,0.94,0.2239,3,8,11
14688,2012-09-09,3,1,9,4,0,0,0,1,0.52,0.5,0.77,0.2537,12,16,28
14712,2012-09-10,3,1,9,4,0,1,1,1,0.52,0.5,0.68,0.2836,1,4,5
14736,2012-09-11,3,1,9,4,0,2,1,1,0.48,0.4697,0.72,0.1045,1,8,9
14760,2012-09-12,3,1,9,4,0,3,1,1,0.5,0.4848,0.72,0.0896,0,5,5
14784,2012-09-13,3,1,9,4,0,4,1,1,0.52,0.5,0.83,0,0,6,6
14808,2012-09-14,3,1,9,4,0,5,1,1,0.54,0.5152,0.77,0,1,11,12
14832,2012-09-15,3,1,9,4,0,6,0,2,0.6,0.5909,0.69,0.3582,3,3,6
14856,2012-09-16,3,1,9,4,0,0,0,1,0.5,0.4848,0.72,0,2,6,8
14880,2012-09-17,3,1,9,4,0,1,1,1,0.5,0.4848,0.77,0,2,9,11
14904,2012-09-18,3,1,9,4,0,2,1,2,0.62,0.5455,0.94,0.3582,2,5,7
14928,2012-09-19,3,1,9,4,0,3,1,2,0.52,0.5,0.68,0.3582,0,10,10
14952,2012-09-20,3,1,9,4,0,4,1,1,0.44,0.4394,0.77,0.1045,0,6,6
14976,2012-09-21,3,1,9,4,0,5,1,1,0.5,0.4848,0.77,0,1,9,10
15000,2012-09-22,3,1,9,4,0,6,0,1,0.56,0.5303,0.83,0.2836,5,10,15
15024,2012-09-23,4,1,9,4,0,0,0,1,0.46,0.4545,0.55,0.2239,1,9,10
15048,2012-09-24,4,1,9,4,0,1,1,1,0.44,0.4394,0.67,0.1045,0,8,8
15072,2012-09-25,4,1,9,4,0,2,1,1,0.42,0.4242,0.71,0.1343,2,7,9
15096,2012-09-26,4,1,9,4,0,3,1,1,0.56,0.5303,0.73,0.2537,2,12,14
15120,2012-09-27,4,1,9,4,0,4,1,1,0.56,0.5303,0.94,0.1343,2,6,8
15144,2012-09-28,4,1,9,4,0,5,1,3,0.56,0.5303,0.88,0.1045,2,10,12
15168,2012-09-29,4,1,9,4,0,6,0,1,0.52,0.5,0.59,0.2537,6,8,14
15192,2012-09-30,4,1,9,4,0,0,0,1,0.46,0.4545,0.67,0.0896,1,6,7
15216,2012-10-01,4,1,10,4,0,1,1,1,0.42,0.4242,0.82,0.1045,0,10,10
15240,2012-10-02,4,1,10,4,0,2,1,2,0.56,0.5303,0.83,0.0896,2,8,10
15264,2012-10-03,4,1,10,4,0,3,1,2,0.6,0.5,1,0,2,9,11
15288,2012-10-04,4,1,10,4,0,4,1,2,0.64,0.5758,0.89,0,0,10,10
15312,2012-10-05,4,1,10,4,0,5,1,1,0.54,0.5152,0.77,0,0,11,11
15336,2012-10-06,4,1,10,4,0,6,0,1,0.54,0.5152,0.83,0.2537,4,7,11
15360,2012-10-07,4,1,10,4,0,0,0,2,0.44,0.4394,0.54,0.2537,5,6,11
15384,2012-10-08,4,1,10,4,1,1,0,1,0.32,0.3333,0.87,0.1343,1,6,7
15408,2012-10-09,4,1,10,4,0,2,1,3,0.36,0.3485,0.87,0.1642,1,6,7
15432,2012-10-10,4,1,10,4,0,3,1,2,0.46,0.4545,0.88,0.1045,0,6,6
15456,2012-10-11,4,1,10,4,0,4,1,1,0.4,0.4091,0.5,0.2537,0,10,10
15480,2012-10-12,4,1,10,4,0,5,1,1,0.36,0.3636,0.76,0.1045,0,8,8
15504,2012-10-13,4,1,10,4,0,6,0,1,0.3,0.303,0.65,0.1642,2,9,11
15528,2012-10-14,4,1,10,4,0,0,0,1,0.42,0.4242,0.77,0.2836,2,10,12
15552,2012-10-15,4,1,10,4,0,1,1,2,0.56,0.5303,0.68,0.2239,1,9,10
15576,2012-10-16,4,1,10,4,0,2,1,1,0.42,0.4242,0.67,0.1642,0,7,7
15600,2012-10-17,4,1,10,4,0,3,1,1,0.36,0.3636,0.81,0.0896,0,4,4
15624,2012-10-18,4,1,10,4,0,4,1,1,0.44,0.4394,0.88,0.2239,0,5,5
15648,2012-10-19,4,1,10,4,0,5,1,2,0.56,0.5303,0.83,0,1,5,6
15672,2012-10-20,4,1,10,4,0,6,0,1,0.44,0.4394,0.72,0,9,9,18
15696,2012-10-21,4,1,10,4,0,0,0,1,0.36,0.3485,0.71,0.1642,8,13,21
15720,2012-10-22,4,1,10,4,0,1,1,1,0.38,0.3939,0.66,0,1,6,7
15744,2012-10-23,4,1,10,4,0,2,1,1,0.42,0.4242,0.77,0.1045,1,6,7
15768,2012-10-24,4,1,10,4,0,3,1,1,0.5,0.4848,0.77,0.0896,1,5,6
15792,2012-10-25,4,1,10,4,0,4,1,2,0.52,0.5,0.88,0.1045,1,4,5
15816,2012-10-26,4,1,10,4,0,5,1,2,0.52,0.5,0.88,0.1642,1,4,5
15840,2012-10-27,4,1,10,4,0,6,0,2,0.5,0.4848,0.88,0.1642,1,12,13
15864,2012-10-28,4,1,10,4,0,0,0,2,0.5,0.4848,0.63,0.3582,1,19,20
15900,2012-10-31,4,1,10,4,0,3,1,2,0.3,0.2879,0.87,0.194,0,5,5
15924,2012-11-01,4,1,11,4,0,4,1,2,0.34,0.3485,0.66,0.1045,2,8,10
15948,2012-11-02,4,1,11,4,0,5,1,1,0.3,0.3182,0.7,0.1045,1,6,7
15972,2012-11-03,4,1,11,4,0,6,0,2,0.32,0.303,0.49,0.2985,8,8,16
15996,2012-11-04,4,1,11,4,0,0,0,1,0.26,0.2727,0.65,0.1343,2,7,9
16020,2012-11-05,4,1,11,4,0,1,1,2,0.3,0.2879,0.52,0.2537,5,11,16
16044,2012-11-06,4,1,11,4,0,2,1,1,0.22,0.2576,0.69,0.0896,0,7,7
16068,2012-11-07,4,1,11,4,0,3,1,2,0.28,0.2576,0.52,0.2985,0,9,9
16091,2012-11-08,4,1,11,4,0,4,1,2,0.3,0.2879,0.45,0.2836,1,9,10
16115,2012-11-09,4,1,11,4,0,5,1,1,0.32,0.2879,0.53,0.3582,0,14,14
16139,2012-11-10,4,1,11,4,0,6,0,1,0.26,0.2727,0.87,0.1045,2,4,6
16163,2012-11-11,4,1,11,4,0,0,0,1,0.32,0.3333,0.81,0.1045,5,6,11
16187,2012-11-12,4,1,11,4,1,1,0,1,0.4,0.4091,0.76,0.0896,1,3,4
16211,2012-11-13,4,1,11,4,0,2,1,2,0.36,0.3333,0.81,0.3881,0,9,9
16235,2012-11-14,4,1,11,4,0,3,1,1,0.22,0.2273,0.69,0.194,0,6,6
16259,2012-11-15,4,1,11,4,0,4,1,2,0.28,0.2879,0.65,0.1343,0,5,5
16283,2012-11-16,4,1,11,4,0,5,1,2,0.3,0.3182,0.65,0.1045,0,5,5
16307,2012-11-17,4,1,11,4,0,6,0,1,0.24,0.2273,0.7,0.194,1,6,7
16331,2012-11-18,4,1,11,4,0,0,0,2,0.3,0.2879,0.81,0.194,4,8,12
16355,2012-11-19,4,1,11,4,0,1,1,2,0.36,0.3485,0.66,0.2239,1,11,12
16379,2012-11-20,4,1,11,4,0,2,1,2,0.34,0.3333,0.66,0.194,0,6,6
16403,2012-11-21,4,1,11,4,0,3,1,1,0.28,0.2879,0.87,0.1045,0,10,10
16427,2012-11-22,4,1,11,4,1,4,0,1,0.22,0.2273,0.8,0.1343,1,2,3
16451,2012-11-23,4,1,11,4,0,5,1,1,0.24,0.2576,0.75,0.1045,1,3,4
16475,2012-11-24,4,1,11,4,0,6,0,1,0.26,0.2121,0.41,0.4478,1,2,3
16499,2012-11-25,4,1,11,4,0,0,0,1,0.22,0.2727,0.44,0,1,1,2
16523,2012-11-26,4,1,11,4,0,1,1,1,0.22,0.2727,0.69,0,0,10,10
16547,2012-11-27,4,1,11,4,0,2,1,3,0.3,0.2879,0.81,0.194,0,5,5
16571,2012-11-28,4,1,11,4,0,3,1,2,0.26,0.2576,0.7,0.194,0,4,4
16594,2012-11-29,4,1,11,4,0,4,1,1,0.2,0.2273,0.75,0.0896,0,7,7
16618,2012-11-30,4,1,11,4,0,5,1,1,0.22,0.2727,0.75,0,0,3,3
16642,2012-12-01,4,1,12,4,0,6,0,1,0.26,0.2879,0.81,0.0896,0,5,5
16666,2012-12-02,4,1,12,4,0,0,0,2,0.26,0.303,0.93,0,1,6,7
16690,2012-12-03,4,1,12,4,0,1,1,1,0.36,0.3788,0.93,0,1,4,5
16714,2012-12-04,4,1,12,4,0,2,1,2,0.4,0.4091,0.87,0.1343,0,7,7
16738,2012-12-05,4,1,12,4,0,3,1,1,0.5,0.4848,0.63,0.4478,1,9,10
16762,2012-12-06,4,1,12,4,0,4,1,1,0.22,0.2121,0.55,0.2985,1,8,9
16786,2012-12-07,4,1,12,4,0,5,1,1,0.26,0.2727,0.75,0.1045,0,10,10
16810,2012-12-08,4,1,12,4,0,6,0,2,0.36,0.3788,0.93,0,3,9,12
16834,2012-12-09,4,1,12,4,0,0,0,2,0.4,0.4091,0.94,0.1045,1,11,12
16858,2012-12-10,4,1,12,4,0,1,1,2,0.38,0.3939,0.94,0.1045,3,9,12
16882,2012-12-11,4,1,12,4,0,2,1,2,0.34,0.3182,0.76,0.2836,0,8,8
16906,2012-12-12,4,1,12,4,0,3,1,1,0.26,0.303,0.6,0,0,4,4
16930,2012-12-13,4,1,12,4,0,4,1,2,0.26,0.2576,0.56,0.194,0,8,8
16954,2012-12-14,4,1,12,4,0,5,1,1,0.2,0.2273,0.75,0.0896,1,9,10
16978,2012-12-15,4,1,12,4,0,6,0,2,0.24,0.2576,0.87,0.1045,1,5,6
17002,2012-12-16,4,1,12,4,0,0,0,2,0.34,0.3636,0.87,0,1,10,11
17026,2012-12-17,4,1,12,4,0,1,1,3,0.36,0.3788,1,0,2,3,5
17050,2012-12-18,4,1,12,4,0,2,1,1,0.42,0.4242,0.82,0.1642,3,5,8
17074,2012-12-19,4,1,12,4,0,3,1,1,0.24,0.2424,0.75,0.1343,1,6,7
17098,2012-12-20,4,1,12,4,0,4,1,2,0.3,0.3182,0.7,0.0896,0,6,6
17122,2012-12-21,1,1,12,4,0,5,1,2,0.36,0.3182,0.71,0.4925,1,5,6
17146,2012-12-22,1,1,12,4,0,6,0,1,0.26,0.2576,0.48,0.194,3,2,5
17170,2012-12-23,1,1,12,4,0,0,0,1,0.2,0.2121,0.47,0.1343,1,3,4
17216,2012-12-25,1,1,12,4,1,2,0,2,0.24,0.2576,0.87,0.0896,0,1,1
17240,2012-12-26,1,1,12,4,0,3,1,1,0.22,0.197,0.69,0.3582,0,2,2
17264,2012-12-27,1,1,12,4,0,4,1,2,0.24,0.2121,0.87,0.3284,0,3,3
17288,2012-12-28,1,1,12,4,0,5,1,2,0.24,0.2576,0.6,0.1045,0,4,4
17312,2012-12-29,1,1,12,4,0,6,0,2,0.24,0.2424,0.75,0.0896,0,3,3
17336,2012-12-30,1,1,12,4,0,0,0,2,0.26,0.2576,0.56,0.2239,0,7,7
17360,2012-12-31,1,1,12,4,0,1,1,1,0.14,0.1667,0.69,0.1045,0,3,3
