6,2011-01-01,1,0,1,5,0,6,0,2,0.24,0.2576,0.75,0.0896,0,1,1
51,2011-01-03,1,0,1,5,0,1,1,1,0.16,0.1364,0.47,0.2836,0,3,3
74,2011-01-04,1,0,1,5,0,2,1,1,0.12,0.1515,0.68,0.1045,0,4,4
97,2011-01-05,1,0,1,5,0,3,1,1,0.22,0.2273,0.47,0.1642,0,3,3
120,2011-01-06,1,0,1,5,0,4,1,2,0.14,0.1818,0.69,0.0896,0,4,4
143,2011-01-07,1,0,1,5,0,5,1,3,0.22,0.2727,0.55,0,0,5,5
167,2011-01-08,1,0,1,5,0,6,0,2,0.16,0.1667,0.74,0.1642,0,5,5
191,2011-01-09,1,0,1,5,0,0,0,1,0.08,0.0909,0.53,0.194,0,1,1
215,2011-01-10,1,0,1,5,0,1,1,1,0.1,0.1061,0.54,0.2537,0,3,3
237,2011-01-11,1,0,1,5,0,2,1,2,0.16,0.1818,0.55,0.1343,0,6,6
259,2011-01-12,1,0,1,5,0,3,1,1,0.14,0.1515,0.86,0.1642,0,5,5
283,2011-01-13,1,0,1,5,0,4,1,1,0.14,0.1212,0.5,0.2985,0,3,3
306,2011-01-14,1,0,1,5,0,5,1,1,0.1,0.1364,0.54,0.0896,0,8,8
330,2011-01-15,1,0,1,5,0,6,0,1,0.16,0.2273,0.59,0,0,1,1
354,2011-01-16,1,0,1,5,0,0,0,2,0.26,0.2576,0.56,0.1642,1,1,2
378,2011-01-17,1,0,1,5,1,1,0,2,0.18,0.197,0.43,0.1642,0,1,1
413,2011-01-19,1,0,1,5,0,3,1,2,0.22,0.2576,0.93,0.0896,0,7,7
437,2011-01-20,1,0,1,5,0,4,1,1,0.24,0.2273,0.6,0.2239,0,6,6
461,2011-01-21,1,0,1,5,0,5,1,1,0.24,0.197,0.6,0.4179,1,4,5
507,2011-01-23,1,0,1,5,0,0,0,2,0.04,0.0758,0.57,0.1045,0,3,3
530,2011-01-24,1,0,1,5,0,1,1,1,0.02,0.0606,0.48,0.1343,0,5,5
553,2011-01-25,1,0,1,5,0,2,1,1,0.14,0.1364,0.74,0.2239,0,9,9
575,2011-01-26,1,0,1,5,0,3,1,3,0.2,0.1818,0.86,0.2836,0,1,1
600,2011-01-28,1,0,1,5,0,5,1,2,0.18,0.2121,0.8,0.1045,0,4,4
647,2011-01-30,1,0,1,5,0,0,0,1,0.14,0.2121,0.86,0,0,3,3
670,2011-01-31,1,0,1,5,0,1,1,1,0.18,0.1667,0.64,0.2836,0,8,8
693,2011-02-01,1,0,2,5,0,2,1,3,0.14,0.2121,0.93,0,0,3,3
717,2011-02-02,1,0,2,5,0,3,1,3,0.22,0.2424,0.93,0.1045,0,3,3
740,2011-02-03,1,0,2,5,0,4,1,1,0.16,0.1364,0.5,0.2985,0,2,2
763,2011-02-04,1,0,2,5,0,5,1,2,0.14,0.1515,0.63,0.1343,0,7,7
787,2011-02-05,1,0,2,5,0,6,0,3,0.2,0.2273,1,0.0896,0,9,9
811,2011-02-06,1,0,2,5,0,0,0,1,0.26,0.2576,0.6,0.2239,0,1,1
835,2011-02-07,1,0,2,5,0,1,1,1,0.2,0.2576,0.86,0,1,9,10
859,2011-02-08,1,0,2,5,0,2,1,1,0.26,0.2273,0.81,0.3284,0,2,2
882,2011-02-09,1,0,2,5,0,3,1,1,0.06,0.1061,0.45,0.1045,0,7,7
905,2011-02-10,1,0,2,5,0,4,1,2,0.12,0.1212,0.5,0.2239,0,6,6
927,2011-02-11,1,0,2,5,0,5,1,1,0.08,0.1212,0.63,0.0896,0,4,4
951,2011-02-12,1,0,2,5,0,6,0,1,0.12,0.1667,0.74,0.0896,0,1,1
998,2011-02-14,1,0,2,5,0,1,1,1,0.32,0.303,0.53,0.2836,0,3,3
1021,2011-02-15,1,0,2,5,0,2,1,1,0.22,0.1818,0.32,0.4627,0,4,4
1044,2011-02-16,1,0,2,5,0,3,1,1,0.2,0.197,0.47,0.194,0,5,5
1068,2011-02-17,1,0,2,5,0,4,1,1,0.32,0.3333,0.66,0.0896,1,11,12
1092,2011-02-18,1,0,2,5,0,5,1,2,0.46,0.4545,0.67,0.1045,1,6,7
1116,2011-02-19,1,0,2,5,0,6,0,1,0.4,0.4091,0.15,0.3284,0,3,3
1163,2011-02-21,1,0,2,5,1,1,0,2,0.34,0.3636,0.36,0,1,2,3
1204,2011-02-23,1,0,2,5,0,3,1,1,0.12,0.1515,0.5,0.1045,0,8,8
1227,2011-02-24,1,0,2,5,0,4,1,1,0.2,0.2121,0.69,0.1343,1,3,4
1250,2011-02-25,1,0,2,5,0,5,1,2,0.32,0.3333,0.93,0.1045,1,5,6
1274,2011-02-26,1,0,2,5,0,6,0,2,0.22,0.2424,0.64,0.1045,1,9,10
1319,2011-02-28,1,0,2,5,0,1,1,2,0.34,0.3636,0.93,0,1,4,5
1343,2011-03-01,1,0,3,5,0,2,1,1,0.2,0.1818,0.64,0.2836,1,1,2
1367,2011-03-02,1,0,3,5,0,3,1,1,0.22,0.2121,0.69,0.2239,0,5,5
1391,2011-03-03,1,0,3,5,0,4,1,1,0.14,0.1212,0.33,0.2985,1,7,8
1415,2011-03-04,1,0,3,5,0,5,1,2,0.16,0.1818,0.74,0.1343,0,7,7
1439,2011-03-05,1,0,3,5,0,6,0,2,0.3,0.303,1,0.1343,0,3,3
1485,2011-03-07,1,0,3,5,0,1,1,1,0.2,0.1818,0.75,0.3582,0,1,1
1509,2011-03-08,1,0,3,5,0,2,1,1,0.2,0.2273,0.69,0.1045,2,8,10
1533,2011-03-09,1,0,3,5,0,3,1,2,0.24,0.2424,0.81,0.1343,1,7,8
1555,2011-03-10,1,0,3,5,0,4,1,3,0.36,0.3485,0,0.194,1,2,3
1578,2011-03-11,1,0,3,5,0,5,1,1,0.3,0.2879,0.81,0.2239,1,6,7
1602,2011-03-12,1,0,3,5,0,6,0,1,0.22,0.2273,0.69,0.194,0,2,2
1625,2011-03-13,1,0,3,5,0,0,0,1,0.36,0.3485,0.62,0.1343,0,3,3
1648,2011-03-14,1,0,3,5,0,1,1,1,0.24,0.2424,0.7,0.1343,0,8,8
1671,2011-03-15,1,0,3,5,0,2,1,1,0.24,0.2273,0.75,0.194,0,11,11
1694,2011-03-16,1,0,3,5,0,3,1,2,0.3,0.3182,0.93,0.1045,0,3,3
1718,2011-03-17,1,0,3,5,0,4,1,1,0.32,0.3333,0.76,0.1045,0,13,13
1741,2011-03-18,1,0,3,5,0,5,1,1,0.38,0.3939,0.66,0.1642,2,8,10
1765,2011-03-19,1,0,3,5,0,6,0,1,0.52,0.5,0.34,0.4179,0,2,2
1789,2011-03-20,1,0,3,5,0,0,0,1,0.26,0.2576,0.6,0.194,3,6,9
1812,2011-03-21,2,0,3,5,0,1,1,1,0.32,0.303,0.81,0.2985,1,1,2
1836,2011-03-22,2,0,3,5,0,2,1,2,0.4,0.4091,0.87,0.1343,1,11,12
1859,2011-03-23,2,0,3,5,0,3,1,3,0.32,0.3182,0.87,0.194,0,10,10
1883,2011-03-24,2,0,3,5,0,4,1,2,0.28,0.2727,0.93,0.2239,1,8,9
1907,2011-03-25,2,0,3,5,0,5,1,1,0.18,0.197,0.74,0.1642,0,9,9
1931,2011-03-26,2,0,3,5,0,6,0,1,0.2,0.197,0.51,0.194,0,8,8
1977,2011-03-28,2,0,3,5,0,1,1,1,0.18,0.1818,0.43,0.194,0,8,8
2001,2011-03-29,2,0,3,5,0,2,1,1,0.22,0.2121,0.37,0.2537,0,8,8
2025,2011-03-30,2,0,3,5,0,3,1,2,0.3,0.2879,0.56,0.194,0,7,7
2049,2011-03-31,2,0,3,5,0,4,1,3,0.24,0.2273,0.93,0.2239,0,8,8
2073,2011-04-01,2,0,4,5,0,5,1,3,0.24,0.2273,0.93,0.2239,1,11,12
2097,2011-04-02,2,0,4,5,0,6,0,2,0.24,0.2424,0.75,0.1642,1,4,5
2121,2011-04-03,2,0,4,5,0,0,0,1,0.28,0.2727,0.65,0.2239,1,4,5
2145,2011-04-04,2,0,4,5,0,1,1,1,0.4,0.4091,0.62,0.2537,0,7,7
2169,2011-04-05,2,0,4,5,0,2,1,3,0.46,0.4545,0.94,0.2985,0,5,5
2193,2011-04-06,2,0,4,5,0,3,1,1,0.24,0.2576,0.7,0.1045,1,12,13
2217,2011-04-07,2,0,4,5,0,4,1,1,0.34,0.3182,0.76,0.2239,0,6,6
2241,2011-04-08,2,0,4,5,0,5,1,2,0.32,0.3182,0.87,0.194,1,8,9
2265,2011-04-09,2,0,4,5,0,6,0,2,0.3,0.2879,0.93,0.2239,0,5,5
2289,2011-04-10,2,0,4,5,0,0,0,2,0.36,0.3636,0.93,0.0896,0,4,4
2312,2011-04-11,2,0,4,5,0,1,1,1,0.46,0.4545,0.94,0.194,1,12,13
2336,2011-04-12,2,0,4,5,0,2,1,2,0.54,0.5152,0.68,0.1343,1,15,16
2360,2011-04-13,2,0,4,5,0,3,1,3,0.38,0.3939,0.94,0.2537,1,4,5
2384,2011-04-14,2,0,4,5,0,4,1,1,0.34,0.3485,0.76,0.0896,2,12,14
2408,2011-04-15,2,0,4,5,1,5,0,1,0.36,0.3636,0.81,0.1045,2,11,13
2432,2011-04-16,2,0,4,5,0,6,0,2,0.38,0.3939,0.87,0.2836,1,3,4
2456,2011-04-17,2,0,4,5,0,0,0,1,0.36,0.3485,0.71,0.1642,2,1,3
2480,2011-04-18,2,0,4,5,0,1,1,1,0.4,0.4091,0.76,0.0896,0,16,16
2504,2011-04-19,2,0,4,5,0,2,1,2,0.46,0.4545,0.72,0.194,1,17,18
2528,2011-04-20,2,0,4,5,0,3,1,1,0.4,0.4091,0.94,0.194,1,14,15
2552,2011-04-21,2,0,4,5,0,4,1,2,0.42,0.4242,0.54,0.5522,0,14,14
2576,2011-04-22,2,0,4,5,0,5,1,1,0.34,0.3182,0.53,0.2239,0,16,16
2600,2011-04-23,2,0,4,5,0,6,0,3,0.34,0.3636,1,0,1,6,7
2624,2011-04-24,2,0,4,5,0,0,0,1,0.5,0.4848,0.94,0.0896,5,7,12
2648,2011-04-25,2,0,4,5,0,1,1,2,0.46,0.4545,1,0,3,14,17
2672,2011-04-26,2,0,4,5,0,2,1,1,0.54,0.5152,0.88,0.2537,0,16,16
2696,2011-04-27,2,0,4,5,0,3,1,2,0.56,0.5303,0.94,0.2537,1,16,17
2720,2011-04-28,2,0,4,5,0,4,1,2,0.62,0.5758,0.83,0.3881,0,13,13
2744,2011-04-29,2,0,4,5,0,5,1,1,0.46,0.4545,0.47,0.1343,0,25,25
2768,2011-04-30,2,0,4,5,0,6,0,1,0.42,0.4242,0.54,0.3881,3,4,7
2792,2011-05-01,2,0,5,5,0,0,0,1,0.4,0.4091,0.82,0.0896,0,10,10
2816,2011-05-02,2,0,5,5,0,1,1,2,0.44,0.4394,0.77,0.1343,4,16,20
2840,2011-05-03,2,0,5,5,0,2,1,1,0.52,0.5,0.88,0.1343,0,14,14
2864,2011-05-04,2,0,5,5,0,3,1,3,0.36,0.3333,0.87,0.3284,1,8,9
2888,2011-05-05,2,0,5,5,0,4,1,1,0.34,0.3182,0.66,0.2537,1,29,30
2912,2011-05-06,2,0,5,5,0,5,1,1,0.34,0.3485,0.81,0.1045,0,16,16
2936,2011-05-07,2,0,5,5,0,6,0,1,0.46,0.4545,0.59,0.1343,4,3,7
2960,2011-05-08,2,0,5,5,0,0,0,2,0.44,0.4394,0.77,0,0,5,5
2984,2011-05-09,2,0,5,5,0,1,1,1,0.42,0.4242,0.77,0.1642,0,23,23
3008,2011-05-10,2,0,5,5,0,2,1,1,0.4,0.4091,0.66,0.2239,1,28,29
3032,2011-05-11,2,0,5,5,0,3,1,1,0.46,0.4545,0.88,0.1343,0,20,20
3056,2011-05-12,2,0,5,5,0,4,1,1,0.42,0.4242,0.94,0.1343,2,27,29
3080,2011-05-13,2,0,5,5,0,5,1,2,0.5,0.4848,0.88,0.194,1,24,25
3104,2011-05-14,2,0,5,5,0,6,0,2,0.5,0.4848,0.82,0.1045,7,7,14
3128,2011-05-15,2,0,5,5,0,0,0,3,0.52,0.5,1,0.1045,3,11,14
3152,2011-05-16,2,0,5,5,0,1,1,1,0.5,0.4848,0.93,0.194,1,20,21
3176,2011-05-17,2,0,5,5,0,2,1,3,0.52,0.5,0.94,0.2537,0,22,22
3200,2011-05-18,2,0,5,5,0,3,1,1,0.52,0.5,1,0.2239,0,9,9
3224,2011-05-19,2,0,5,5,0,4,1,1,0.48,0.4697,0.94,0,2,24,26
3248,2011-05-20,2,0,5,5,0,5,1,1,0.44,0.4394,0.94,0.1045,0,28,28
3272,2011-05-21,2,0,5,5,0,6,0,1,0.46,0.4545,0.88,0.1045,1,4,5
3296,2011-05-22,2,0,5,5,0,0,0,1,0.5,0.4848,1,0.1045,1,5,6
3320,2011-05-23,2,0,5,5,0,1,1,2,0.54,0.5152,0.94,0,0,11,11
3344,2011-05-24,2,0,5,5,0,2,1,2,0.58,0.5455,0.94,0.2537,2,22,24
3368,2011-05-25,2,0,5,5,0,3,1,1,0.56,0.5303,0.88,0.0896,2,23,25
3392,2011-05-26,2,0,5,5,0,4,1,2,0.6,0.5455,0.88,0.0896,2,25,27
3416,2011-05-27,2,0,5,5,0,5,1,1,0.64,0.6061,0.65,0.2836,2,29,31
3440,2011-05-28,2,0,5,5,0,6,0,1,0.56,0.5303,0.88,0.2239,4,3,7
3464,2011-05-29,2,0,5,5,0,0,0,1,0.6,0.5152,0.94,0.1642,3,3,6
3488,2011-05-30,2,0,5,5,1,1,0,2,0.62,0.5455,0.94,0.1045,1,6,7
3512,2011-05-31,2,0,5,5,0,2,1,1,0.66,0.6061,0.83,0.0896,0,26,26
3536,2011-06-01,2,0,6,5,0,3,1,2,0.66,0.5909,0.89,0.0896,2,19,21
3560,2011-06-02,2,0,6,5,0,4,1,1,0.66,0.6212,0.39,0.2239,3,28,31
3584,2011-06-03,2,0,6,5,0,5,1,1,0.52,0.5,0.48,0.3582,4,24,28
3608,2011-06-04,2,0,6,5,0,6,0,1,0.5,0.4848,0.64,0,3,5,8
3632,2011-06-05,2,0,6,5,0,0,0,2,0.62,0.6061,0.61,0.1343,1,5,6
3656,2011-06-06,2,0,6,5,0,1,1,1,0.56,0.5303,0.88,0.0896,7,24,31
3680,2011-06-07,2,0,6,5,0,2,1,1,0.58,0.5455,0.88,0.1642,2,30,32
3704,2011-06-08,2,0,6,5,0,3,1,1,0.62,0.5606,0.88,0,0,21,21
3728,2011-06-09,2,0,6,5,0,4,1,2,0.7,0.6667,0.84,0,1,19,20
3752,2011-06-10,2,0,6,5,0,5,1,1,0.66,0.6061,0.78,0.1642,0,28,28
3776,2011-06-11,2,0,6,5,0,6,0,1,0.68,0.6364,0.74,0.1343,4,12,16
3800,2011-06-12,2,0,6,5,0,0,0,1,0.62,0.5606,0.88,0.2239,5,5,10
3824,2011-06-13,2,0,6,5,0,1,1,1,0.54,0.5152,0.64,0.3881,2,27,29
3848,2011-06-14,2,0,6,5,0,2,1,1,0.54,0.5152,0.56,0.3284,3,23,26
3872,2011-06-15,2,0,6,5,0,3,1,1,0.48,0.4697,0.67,0.2836,1,20,21
3896,2011-06-16,2,0,6,5,0,4,1,1,0.6,0.6061,0.64,0.194,7,18,25
3920,2011-06-17,2,0,6,5,0,5,1,1,0.54,0.5152,1,0,1,12,13
3944,2011-06-18,2,0,6,5,0,6,0,1,0.62,0.5758,0.83,0,1,6,7
3968,2011-06-19,2,0,6,5,0,0,0,2,0.66,0.6061,0.78,0,7,12,19
3992,2011-06-20,2,0,6,5,0,1,1,3,0.62,0.5758,0.83,0.1343,0,3,3
4016,2011-06-21,3,0,6,5,0,2,1,2,0.6,0.5455,0.88,0.1343,3,22,25
4040,2011-06-22,3,0,6,5,0,3,1,1,0.64,0.5758,0.89,0,2,21,23
4064,2011-06-23,3,0,6,5,0,4,1,1,0.72,0.697,0.74,0.1642,2,22,24
4088,2011-06-24,3,0,6,5,0,5,1,1,0.64,0.5758,0.89,0.0896,2,18,20
4112,2011-06-25,3,0,6,5,0,6,0,1,0.62,0.6061,0.61,0.1343,6,8,14
4136,2011-06-26,3,0,6,5,0,0,0,1,0.6,0.6061,0.64,0,3,9,12
4160,2011-06-27,3,0,6,5,0,1,1,2,0.62,0.5758,0.83,0.1642,1,21,22
4184,2011-06-28,3,0,6,5,0,2,1,1,0.66,0.6061,0.78,0,1,20,21
4208,2011-06-29,3,0,6,5,0,3,1,1,0.64,0.5758,0.83,0.194,3,19,22
4232,2011-06-30,3,0,6,5,0,4,1,1,0.58,0.5455,0.64,0.2537,1,24,25
4256,2011-07-01,3,0,7,5,0,5,1,1,0.6,0.6061,0.64,0.1343,3,27,30
4280,2011-07-02,3,0,7,5,0,6,0,1,0.58,0.5455,0.73,0.1045,1,13,14
4304,2011-07-03,3,0,7,5,0,0,0,3,0.62,0.5758,0.83,0.194,0,1,1
4328,2011-07-04,3,0,7,5,1,1,0,2,0.64,0.5758,0.83,0.1343,1,3,4
4352,2011-07-05,3,0,7,5,0,2,1,1,0.66,0.6212,0.69,0,1,19,20
4376,2011-07-06,3,0,7,5,0,3,1,1,0.68,0.6364,0.83,0.0896,5,30,35
4400,2011-07-07,3,0,7,5,0,4,1,1,0.64,0.5758,0.89,0.1045,2,30,32
4424,2011-07-08,3,0,7,5,0,5,1,1,0.68,0.6364,0.79,0.2537,3,24,27
4448,2011-07-09,3,0,7,5,0,6,0,2,0.62,0.5606,0.88,0.1642,4,11,15
4472,2011-07-10,3,0,7,5,0,0,0,1,0.66,0.6212,0.74,0,7,10,17
4496,2011-07-11,3,0,7,5,0,1,1,1,0.66,0.6212,0.74,0.1343,5,21,26
4520,2011-07-12,3,0,7,5,0,2,1,1,0.7,0.6667,0.79,0.0896,4,21,25
4544,2011-07-13,3,0,7,5,0,3,1,1,0.74,0.6818,0.58,0.194,4,22,26
4568,2011-07-14,3,0,7,5,0,4,1,1,0.6,0.6212,0.56,0.2239,6,22,28
4592,2011-07-15,3,0,7,5,0,5,1,1,0.6,0.5909,0.73,0.1343,7,16,23
4616,2011-07-16,3,0,7,5,0,6,0,1,0.58,0.5455,0.78,0.0896,4,6,10
4640,2011-07-17,3,0,7,5,0,0,0,1,0.64,0.6061,0.69,0.2239,4,8,12
4664,2011-07-18,3,0,7,5,0,1,1,1,0.64,0.5909,0.78,0.1045,2,15,17
4688,2011-07-19,3,0,7,5,0,2,1,2,0.7,0.6667,0.74,0.1045,0,19,19
4712,2011-07-20,3,0,7,5,0,3,1,1,0.68,0.6364,0.83,0.1045,4,19,23
4736,2011-07-21,3,0,7,5,0,4,1,2,0.72,0.7121,0.84,0.1045,2,16,18
4760,2011-07-22,3,0,7,5,0,5,1,1,0.74,0.7121,0.79,0.1045,2,17,19
4784,2011-07-23,3,0,7,5,0,6,0,1,0.76,0.7121,0.62,0.1343,1,6,7
4808,2011-07-24,3,0,7,5,0,0,0,1,0.78,0.7576,0.66,0.0896,5,3,8
4832,2011-07-25,3,0,7,5,0,1,1,1,0.72,0.7121,0.84,0.0896,2,22,24
4856,2011-07-26,3,0,7,5,0,2,1,1,0.66,0.5909,0.89,0.0896,3,24,27
4880,2011-07-27,3,0,7,5,0,3,1,1,0.7,0.6515,0.54,0.2836,0,18,18
4904,2011-07-28,3,0,7,5,0,4,1,1,0.7,0.6515,0.65,0.1045,1,26,27
4928,2011-07-29,3,0,7,5,0,5,1,1,0.72,0.7121,0.84,0,4,23,27
4952,2011-07-30,3,0,7,5,0,6,0,1,0.72,0.6818,0.7,0.2836,4,9,13
4976,2011-07-31,3,0,7,5,0,0,0,1,0.72,0.6818,0.69,0,4,4,8
5000,2011-08-01,3,0,8,5,0,1,1,1,0.66,0.6061,0.83,0.1045,2,24,26
5024,2011-08-02,3,0,8,5,0,2,1,1,0.66,0.6212,0.74,0.1343,4,17,21
5048,2011-08-03,3,0,8,5,0,3,1,2,0.76,0.697,0.55,0.0896,2,22,24
5072,2011-08-04,3,0,8,5,0,4,1,2,0.68,0.6364,0.89,0,3,17,20
5096,2011-08-05,3,0,8,5,0,5,1,1,0.64,0.5909,0.78,0.0896,0,16,16
5120,2011-08-06,3,0,8,5,0,6,0,1,0.64,0.5758,0.89,0.0896,2,4,6
5144,2011-08-07,3,0,8,5,0,0,0,1,0.7,0.6667,0.89,0.194,1,4,5
5168,2011-08-08,3,0,8,5,0,1,1,1,0.7,0.6667,0.79,0.0896,1,14,15
5192,2011-08-09,3,0,8,5,0,2,1,1,0.7,0.6515,0.65,0.0896,5,25,30
5216,2011-08-10,3,0,8,5,0,3,1,1,0.68,0.6364,0.61,0.0896,2,30,32
5240,2011-08-11,3,0,8,5,0,4,1,1,0.64,0.6212,0.61,0.194,2,23,25
5264,2011-08-12,3,0,8,5,0,5,1,1,0.6,0.6212,0.56,0.1343,2,24,26
5288,2011-08-13,3,0,8,5,0,6,0,1,0.64,0.6061,0.73,0.1045,3,15,18
5312,2011-08-14,3,0,8,5,0,0,0,2,0.64,0.5606,0.94,0.1642,1,9,10
5336,2011-08-15,3,0,8,5,0,1,1,2,0.6,0.5455,0.88,0.194,3,14,17
5360,2011-08-16,3,0,8,5,0,2,1,1,0.62,0.5909,0.73,0.2836,1,29,30
5384,2011-08-17,3,0,8,5,0,3,1,1,0.64,0.6061,0.73,0,0,28,28
5408,2011-08-18,3,0,8,5,0,4,1,1,0.64,0.5909,0.78,0.2836,0,27,27
5432,2011-08-19,3,0,8,5,0,5,1,1,0.64,0.5758,0.83,0,1,16,17
5456,2011-08-20,3,0,8,5,0,6,0,1,0.6,0.5606,0.83,0,0,8,8
5480,2011-08-21,3,0,8,5,0,0,0,1,0.66,0.5909,0.89,0.2985,0,8,8
5504,2011-08-22,3,0,8,5,0,1,1,1,0.66,0.6212,0.65,0.3582,1,23,24
5528,2011-08-23,3,0,8,5,0,2,1,1,0.54,0.5152,0.56,0.194,1,35,36
5552,2011-08-24,3,0,8,5,0,3,1,1,0.56,0.5303,0.73,0.1045,1,26,27
5576,2011-08-25,3,0,8,5,0,4,1,1,0.66,0.6061,0.83,0.4179,1,25,26
5600,2011-08-26,3,0,8,5,0,5,1,2,0.62,0.5606,0.88,0,3,23,26
5624,2011-08-27,3,0,8,5,0,6,0,2,0.7,0.6667,0.84,0.2985,1,11,12
5659,2011-08-29,3,0,8,5,0,1,1,1,0.56,0.5303,0.73,0.1343,0,17,17
5683,2011-08-30,3,0,8,5,0,2,1,1,0.52,0.5,0.77,0.0896,1,27,28
5707,2011-08-31,3,0,8,5,0,3,1,1,0.54,0.5152,0.83,0.0896,2,25,27
5731,2011-09-01,3,0,9,5,0,4,1,1,0.56,0.5303,0.73,0.0896,1,22,23
5755,2011-09-02,3,0,9,5,0,5,1,2,0.6,0.5606,0.83,0.1343,0,20,20
5779,2011-09-03,3,0,9,5,0,6,0,1,0.62,0.6061,0.69,0.194,3,9,12
5803,2011-09-04,3,0,9,5,0,0,0,1,0.64,0.5758,0.83,0.1343,1,5,6
5827,2011-09-05,3,0,9,5,1,1,0,2,0.66,0.6212,0.74,0.1642,2,4,6
5850,2011-09-06,3,0,9,5,0,2,1,3,0.54,0.5152,0.88,0.3582,1,20,21
5874,2011-09-07,3,0,9,5,0,3,1,2,0.56,0.5303,1,0.1343,1,15,16
5897,2011-09-08,3,0,9,5,0,4,1,3,0.62,0.5455,0.94,0.0896,1,13,14
5921,2011-09-09,3,0,9,5,0,5,1,2,0.62,0.5455,0.94,0.1343,0,14,14
5945,2011-09-10,3,0,9,5,0,6,0,1,0.58,0.5455,0.94,0.1343,2,6,8
5969,2011-09-11,3,0,9,5,0,0,0,1,0.6,0.5606,0.83,0.1343,15,24,39
5992,2011-09-12,3,0,9,5,0,1,1,1,0.56,0.5303,0.83,0,1,23,24
6016,2011-09-13,3,0,9,5,0,2,1,1,0.56,0.5303,0.88,0,1,19,20
6040,2011-09-14,3,0,9,5,0,3,1,1,0.58,0.5455,0.88,0.1045,1,30,31
6064,2011-09-15,3,0,9,5,0,4,1,1,0.6,0.5758,0.78,0,1,30,31
6088,2011-09-16,3,0,9,5,0,5,1,1,0.38,0.3939,0.76,0.194,2,30,32
6112,2011-09-17,3,0,9,5,0,6,0,1,0.46,0.4545,0.72,0.1642,2,3,5
6136,2011-09-18,3,0,9,5,0,0,0,1,0.44,0.4394,0.77,0.2239,1,5,6
6160,2011-09-19,3,0,9,5,0,1,1,2,0.5,0.4848,0.77,0.194,2,26,28
6184,2011-09-20,3,0,9,5,0,2,1,2,0.54,0.5152,0.88,0.194,1,21,22
6208,2011-09-21,3,0,9,5,0,3,1,2,0.54,0.5152,1,0.1642,1,30,31
6232,2011-09-22,3,0,9,5,0,4,1,2,0.6,0.5152,0.94,0.1045,2,28,30
6256,2011-09-23,4,0,9,5,0,5,1,2,0.62,0.5455,0.94,0,2,20,22
6280,2011-09-24,4,0,9,5,0,6,0,2,0.56,0.5303,0.94,0.1045,2,3,5
6304,2011-09-25,4,0,9,5,0,0,0,1,0.6,0.5455,0.88,0.0896,1,2,3
6328,2011-09-26,4,0,9,5,0,1,1,2,0.62,0.5606,0.88,0,0,25,25
6352,2011-09-27,4,0,9,5,0,2,1,3,0.62,0.5455,0.94,0.0896,0,24,24
6376,2011-09-28,4,0,9,5,0,3,1,2,0.6,0.5152,0.94,0,2,20,22
6400,2011-09-29,4,0,9,5,0,4,1,2,0.6,0.5455,0.88,0.1045,0,22,22
6424,2011-09-30,4,0,9,5,0,5,1,1,0.52,0.5,0.83,0.194,3,23,26
6448,2011-10-01,4,0,10,5,0,6,0,2,0.44,0.4394,0.62,0.2985,1,4,5
6472,2011-10-02,4,0,10,5,0,0,0,1,0.32,0.303,0.87,0.2836,0,7,7
6496,2011-10-03,4,0,10,5,0,1,1,2,0.36,0.3636,0.76,0.1045,4,17,21
6520,2011-10-04,4,0,10,5,0,2,1,1,0.4,0.4091,0.82,0.1343,2,25,27
6544,2011-10-05,4,0,10,5,0,3,1,1,0.44,0.4394,0.82,0.1343,3,29,32
6568,2011-10-06,4,0,10,5,0,4,1,1,0.42,0.4242,0.62,0.194,0,24,24
6592,2011-10-07,4,0,10,5,0,5,1,1,0.42,0.4242,0.82,0,3,24,27
6616,2011-10-08,4,0,10,5,0,6,0,1,0.42,0.4242,0.88,0.1045,1,7,8
6640,2011-10-09,4,0,10,5,0,0,0,1,0.44,0.4394,0.88,0,1,14,15
6664,2011-10-10,4,0,10,5,1,1,0,1,0.46,0.4545,0.94,0,2,19,21
6688,2011-10-11,4,0,10,5,0,2,1,2,0.52,0.5,0.88,0,0,20,20
6712,2011-10-12,4,0,10,5,0,3,1,2,0.54,0.5152,0.88,0.3284,0,22,22
6736,2011-10-13,4,0,10,5,0,4,1,2,0.54,0.5152,1,0.1045,1,16,17
6760,2011-10-14,4,0,10,5,0,5,1,2,0.56,0.5303,0.94,0.1642,0,17,17
6784,2011-10-15,4,0,10,5,0,6,0,1,0.42,0.4242,0.71,0.1642,1,6,7
6808,2011-10-16,4,0,10,5,0,0,0,1,0.42,0.4242,0.54,0.1642,1,6,7
6832,2011-10-17,4,0,10,5,0,1,1,1,0.5,0.4848,0.63,0.2985,1,28,29
6856,2011-10-18,4,0,10,5,0,2,1,2,0.46,0.4545,0.88,0,2,19,21
6879,2011-10-19,4,0,10,5,0,3,1,3,0.5,0.4848,1,0.1045,0,3,3
6903,2011-10-20,4,0,10,5,0,4,1,1,0.48,0.4697,0.82,0.3582,2,24,26
6927,2011-10-21,4,0,10,5,0,5,1,1,0.34,0.3333,0.76,0.194,0,31,31
6951,2011-10-22,4,0,10,5,0,6,0,1,0.38,0.3939,0.66,0,1,7,8
6975,2011-10-23,4,0,10,5,0,0,0,1,0.32,0.3485,0.87,0,1,2,3
6999,2011-10-24,4,0,10,5,0,1,1,1,0.38,0.3939,0.87,0,2,19,21
7023,2011-10-25,4,0,10,5,0,2,1,1,0.38,0.3939,0.87,0.1343,0,24,24
7047,2011-10-26,4,0,10,5,0,3,1,1,0.42,0.4242,0.71,0.2239,0,21,21
7071,2011-10-27,4,0,10,5,0,4,1,3,0.48,0.4697,0.88,0.0896,1,14,15
7095,2011-10-28,4,0,10,5,0,5,1,2,0.3,0.2879,0.61,0.2537,0,25,25
7119,2011-10-29,4,0,10,5,0,6,0,3,0.26,0.2273,0.93,0.3582,0,1,1
7143,2011-10-30,4,0,10,5,0,0,0,1,0.24,0.2121,0.75,0.2985,0,4,4
7167,2011-10-31,4,0,10,5,0,1,1,1,0.22,0.2727,0.93,0,0,18,18
7191,2011-11-01,4,0,11,5,0,2,1,1,0.32,0.3182,0.81,0.194,0,18,18
7215,2011-11-02,4,0,11,5,0,3,1,1,0.3,0.3333,0.81,0,0,27,27
7239,2011-11-03,4,0,11,5,0,4,1,1,0.32,0.3333,0.81,0.1343,1,27,28
7263,2011-11-04,4,0,11,5,0,5,1,2,0.38,0.3939,0.87,0,0,23,23
7287,2011-11-05,4,0,11,5,0,6,0,1,0.26,0.2273,0.6,0.3284,0,2,2
7311,2011-11-06,4,0,11,5,0,0,0,1,0.24,0.2424,0.87,0.1343,0,5,5
7335,2011-11-07,4,0,11,5,0,1,1,1,0.3,0.3333,0.93,0,1,25,26
7359,2011-11-08,4,0,11,5,0,2,1,1,0.3,0.3182,0.87,0.0896,1,17,18
7383,2011-11-09,4,0,11,5,0,3,1,1,0.3,0.3333,0.87,0,0,28,28
7407,2011-11-10,4,0,11,5,0,4,1,2,0.36,0.3485,1,0.1343,1,22,23
7431,2011-11-11,4,0,11,5,1,5,0,1,0.3,0.2879,0.49,0.2537,0,13,13
7455,2011-11-12,4,0,11,5,0,6,0,1,0.22,0.2576,0.75,0.0896,1,3,4
7479,2011-11-13,4,0,11,5,0,0,0,1,0.34,0.3333,0.61,0.1642,2,3,5
7503,2011-11-14,4,0,11,5,0,1,1,2,0.44,0.4394,0.67,0.2537,0,19,19
7527,2011-11-15,4,0,11,5,0,2,1,1,0.54,0.5152,0.68,0.2836,2,26,28
7551,2011-11-16,4,0,11,5,0,3,1,3,0.46,0.4545,0.94,0.1045,0,13,13
7575,2011-11-17,4,0,11,5,0,4,1,3,0.34,0.303,0.71,0.3284,1,21,22
7599,2011-11-18,4,0,11,5,0,5,1,1,0.22,0.2273,0.44,0.1343,0,22,22
7623,2011-11-19,4,0,11,5,0,6,0,1,0.24,0.2273,0.56,0.2537,0,2,2
7647,2011-11-20,4,0,11,5,0,0,0,2,0.42,0.4242,0.67,0.2836,0,4,4
7671,2011-11-21,4,0,11,5,0,1,1,2,0.44,0.4394,1,0,0,20,20
7695,2011-11-22,4,0,11,5,0,2,1,3,0.38,0.3939,0.94,0.1642,1,17,18
7719,2011-11-23,4,0,11,5,0,3,1,2,0.46,0.4545,0.94,0.194,1,16,17
7743,2011-11-24,4,0,11,5,1,4,0,1,0.3,0.3182,0.61,0.1045,1,10,11
7767,2011-11-25,4,0,11,5,0,5,1,1,0.28,0.3182,0.75,0,2,3,5
7791,2011-11-26,4,0,11,5,0,6,0,1,0.3,0.3182,0.75,0.1045,0,3,3
7815,2011-11-27,4,0,11,5,0,0,0,1,0.36,0.3485,0.87,0.194,0,5,5
7838,2011-11-28,4,0,11,5,0,1,1,1,0.4,0.4091,0.87,0,0,34,34
7862,2011-11-29,4,0,11,5,0,2,1,1,0.5,0.4848,0.88,0.2836,1,21,22
7886,2011-11-30,4,0,11,5,0,3,1,1,0.28,0.2727,0.81,0.194,1,21,22
7910,2011-12-01,4,0,12,5,0,4,1,1,0.26,0.2424,0.56,0.2537,1,23,24
7934,2011-12-02,4,0,12,5,0,5,1,1,0.22,0.2576,0.8,0.0896,0,23,23
7958,2011-12-03,4,0,12,5,0,6,0,1,0.24,0.2576,0.7,0.0896,0,6,6
7982,2011-12-04,4,0,12,5,0,0,0,1,0.26,0.303,0.81,0,2,2,4
8006,2011-12-05,4,0,12,5,0,1,1,1,0.3,0.3182,0.87,0.1045,1,24,25
8030,2011-12-06,4,0,12,5,0,2,1,3,0.46,0.4545,0.88,0.2239,0,20,20
8054,2011-12-07,4,0,12,5,0,3,1,3,0.46,0.4545,1,0.1642,0,3,3
8078,2011-12-08,4,0,12,5,0,4,1,1,0.22,0.2121,0.64,0.2239,0,12,12
8102,2011-12-09,4,0,12,5,0,5,1,1,0.22,0.2727,0.8,0,0,20,20
8126,2011-12-10,4,0,12,5,0,6,0,1,0.26,0.2576,0.6,0.1642,0,6,6
8150,2011-12-11,4,0,12,5,0,0,0,1,0.18,0.2121,0.59,0.1045,0,6,6
8174,2011-12-12,4,0,12,5,0,1,1,1,0.16,0.2273,0.8,0,0,21,21
8198,2011-12-13,4,0,12,5,0,2,1,1,0.18,0.2424,0.86,0,0,20,20
8222,2011-12-14,4,0,12,5,0,3,1,2,0.26,0.303,0.81,0,0,26,26
8246,2011-12-15,4,0,12,5,0,4,1,2,0.32,0.303,0.7,0.2836,0,24,24
8270,2011-12-16,4,0,12,5,0,5,1,1,0.48,0.4697,0.44,0.3881,0,26,26
8294,2011-12-17,4,0,12,5,0,6,0,2,0.26,0.2576,0.6,0.194,2,7,9
8318,2011-12-18,4,0,12,5,0,0,0,1,0.2,0.2273,0.59,0.1045,1,4,5
8342,2011-12-19,4,0,12,5,0,1,1,1,0.14,0.1667,0.93,0.1045,0,21,21
8366,2011-12-20,4,0,12,5,0,2,1,2,0.36,0.3788,0.57,0,0,15,15
8390,2011-12-21,1,0,12,5,0,3,1,2,0.38,0.3939,0.82,0.1045,0,28,28
8414,2011-12-22,1,0,12,5,0,4,1,1,0.38,0.3939,0.82,0,1,15,16
8438,2011-12-23,1,0,12,5,0,5,1,1,0.36,0.3485,0.93,0.194,0,8,8
8462,2011-12-24,1,0,12,5,0,6,0,2,0.32,0.3182,0.66,0.1642,1,3,4
8485,2011-12-25,1,0,12,5,0,0,0,1,0.2,0.2273,0.75,0.1045,0,1,1
8508,2011-12-26,1,0,12,5,1,1,0,1,0.34,0.303,0.42,0.3881,0,4,4
8532,2011-12-27,1,0,12,5,0,2,1,2,0.3,0.2727,0.64,0.2836,0,8,8
8555,2011-12-28,1,0,12,5,0,3,1,1,0.32,0.2879,0.57,0.3582,0,9,9
8579,2011-12-29,1,0,12,5,0,4,1,1,0.2,0.2273,0.55,0.1045,0,10,10
8603,2011-12-30,1,0,12,5,0,5,1,1,0.22,0.2576,0.75,0.0896,0,10,10
8627,2011-12-31,1,0,12,5,0,6,0,2,0.36,0.3485,0.76,0.2239,1,0,1
8651,2012-01-01,1,1,1,5,0,0,0,1,0.28,0.2879,0.81,0.1045,0,5,5
8674,2012-01-02,1,1,1,5,1,1,0,1,0.28,0.2576,0.45,0.3284,1,3,4
8698,2012-01-03,1,1,1,5,0,2,1,1,0.14,0.1364,0.54,0.194,0,12,12
8722,2012-01-04,1,1,1,5,0,3,1,1,0.02,0.0455,0.41,0.194,0,14,14
8746,2012-01-05,1,1,1,5,0,4,1,2,0.2,0.2273,0.59,0.0896,0,26,26
8770,2012-01-06,1,1,1,5,0,5,1,2,0.2,0.2121,0.8,0.1343,0,13,13
8794,2012-01-07,1,1,1,5,0,6,0,1,0.26,0.2727,0.75,0.1045,2,7,9
8818,2012-01-08,1,1,1,5,0,0,0,2,0.32,0.3333,0.49,0.1045,0,2,2
8842,2012-01-09,1,1,1,5,0,1,1,2,0.2,0.2273,0.64,0.0896,0,21,21
8865,2012-01-10,1,1,1,5,0,2,1,1,0.4,0.4091,0.47,0.2239,0,23,23
8889,2012-01-11,1,1,1,5,0,3,1,1,0.2,0.2121,0.8,0.1343,0,22,22
8913,2012-01-12,1,1,1,5,0,4,1,3,0.34,0.3485,0.93,0.0896,0,16,16
8937,2012-01-13,1,1,1,5,0,5,1,2,0.3,0.2424,0.7,0.5522,0,21,21
8961,2012-01-14,1,1,1,5,0,6,0,1,0.14,0.1515,0.5,0.1343,0,4,4
8985,2012-01-15,1,1,1,5,0,0,0,2,0.16,0.1364,0.47,0.3284,0,5,5
9009,2012-01-16,1,1,1,5,1,1,0,1,0.12,0.1667,0.54,0.0896,1,5,6
9032,2012-01-17,1,1,1,5,0,2,1,3,0.32,0.303,0.66,0.3284,0,13,13
9056,2012-01-18,1,1,1,5,0,3,1,1,0.34,0.2879,0.46,0.5224,0,29,29
9080,2012-01-19,1,1,1,5,0,4,1,1,0.12,0.1212,0.55,0.2537,0,19,19
9104,2012-01-20,1,1,1,5,0,5,1,1,0.22,0.2424,0.6,0.1045,0,19,19
9128,2012-01-21,1,1,1,5,0,6,0,3,0.16,0.1818,0.86,0.1045,0,2,2
9152,2012-01-22,1,1,1,5,0,0,0,3,0.16,0.1515,0.74,0.2239,1,2,3
9176,2012-01-23,1,1,1,5,0,1,1,2,0.2,0.2576,0.86,0,0,19,19
9200,2012-01-24,1,1,1,5,0,2,1,2,0.3,0.3182,1,0.0896,0,26,26
9224,2012-01-25,1,1,1,5,0,3,1,1,0.26,0.2424,0.7,0.2836,0,33,33
9248,2012-01-26,1,1,1,5,0,4,1,2,0.3,0.3182,0.75,0.1045,0,28,28
9272,2012-01-27,1,1,1,5,0,5,1,2,0.42,0.4242,0.94,0.3284,0,24,24
9296,2012-01-28,1,1,1,5,0,6,0,1,0.24,0.2576,0.75,0.0896,0,10,10
9320,2012-01-29,1,1,1,5,0,0,0,1,0.2,0.2121,0.51,0.1343,1,6,7
9344,2012-01-30,1,1,1,5,0,1,1,1,0.2,0.2121,0.51,0.1343,0,26,26
9368,2012-01-31,1,1,1,5,0,2,1,1,0.3,0.2879,0.49,0.194,0,22,22
9392,2012-02-01,1,1,2,5,0,3,1,1,0.4,0.4091,0.5,0.1642,0,18,18
9416,2012-02-02,1,1,2,5,0,4,1,3,0.4,0.4091,0.82,0,0,19,19
9440,2012-02-03,1,1,2,5,0,5,1,1,0.26,0.2576,0.6,0.2239,0,17,17
9464,2012-02-04,1,1,2,5,0,6,0,1,0.24,0.2576,0.81,0.0896,1,3,4
9488,2012-02-05,1,1,2,5,0,0,0,3,0.26,0.2576,0.81,0.194,0,4,4
9511,2012-02-06,1,1,2,5,0,1,1,1,0.18,0.2121,0.8,0.1045,0,17,17
9535,2012-02-07,1,1,2,5,0,2,1,1,0.32,0.3333,0.49,0.0896,0,15,15
9559,2012-02-08,1,1,2,5,0,3,1,1,0.24,0.2576,0.7,0.0896,0,20,20
9583,2012-02-09,1,1,2,5,0,4,1,1,0.2,0.1818,0.75,0.2836,0,18,18
9607,2012-02-10,1,1,2,5,0,5,1,1,0.24,0.2273,0.52,0.2239,0,17,17
9631,2012-02-11,1,1,2,5,0,6,0,3,0.22,0.2273,0.93,0.1642,0,2,2
9655,2012-02-12,1,1,2,5,0,0,0,1,0.1,0.0758,0.49,0.3881,0,3,3
9679,2012-02-13,1,1,2,5,0,1,1,1,0.1,0.1212,0.58,0.1343,0,17,17
9703,2012-02-14,1,1,2,5,0,2,1,2,0.26,0.2727,0.65,0.1045,2,20,22
9727,2012-02-15,1,1,2,5,0,3,1,1,0.28,0.2879,0.7,0.1045,0,25,25
9751,2012-02-16,1,1,2,5,0,4,1,2,0.3,0.3333,0.7,0,0,20,20
9775,2012-02-17,1,1,2,5,0,5,1,2,0.28,0.2727,0.93,0.1642,0,16,16
9799,2012-02-18,1,1,2,5,0,6,0,1,0.24,0.2576,0.7,0.0896,0,1,1
9823,2012-02-19,1,1,2,5,0,0,0,2,0.26,0.2273,0.48,0.2985,1,1,2
9846,2012-02-20,1,1,2,5,1,1,0,2,0.24,0.2121,0.6,0.3582,0,6,6
9869,2012-02-21,1,1,2,5,0,2,1,1,0.2,0.2576,0.69,0,0,15,15
9893,2012-02-22,1,1,2,5,0,3,1,1,0.32,0.3333,0.7,0.1045,1,29,30
9917,2012-02-23,1,1,2,5,0,4,1,1,0.4,0.4091,0.76,0.2239,2,30,32
9941,2012-02-24,1,1,2,5,0,5,1,2,0.4,0.4091,0.87,0.194,1,25,26
9965,2012-02-25,1,1,2,5,0,6,0,2,0.3,0.2727,0.42,0.2985,0,3,3
9989,2012-02-26,1,1,2,5,0,0,0,1,0.22,0.2121,0.44,0.2239,0,5,5
10013,2012-02-27,1,1,2,5,0,1,1,1,0.22,0.2273,0.8,0.1343,0,16,16
10037,2012-02-28,1,1,2,5,0,2,1,1,0.32,0.2879,0.42,0.3582,1,20,21
10060,2012-02-29,1,1,2,5,0,3,1,1,0.26,0.2879,0.75,0.0896,0,29,29
10084,2012-03-01,1,1,3,5,0,4,1,1,0.48,0.4697,0.88,0.1642,0,18,18
10108,2012-03-02,1,1,3,5,0,5,1,1,0.3,0.3333,0.7,0,0,24,24
10132,2012-03-03,1,1,3,5,0,6,0,2,0.36,0.3636,0.93,0.0896,1,1,2
10156,2012-03-04,1,1,3,5,0,0,0,2,0.34,0.3182,0.46,0.2239,0,5,5
10180,2012-03-05,1,1,3,5,0,1,1,1,0.2,0.2273,0.55,0.0896,1,17,18
10204,2012-03-06,1,1,3,5,0,2,1,1,0.18,0.1818,0.51,0.2239,0,25,25
10228,2012-03-07,1,1,3,5,0,3,1,1,0.28,0.2576,0.56,0.2985,0,18,18
10252,2012-03-08,1,1,3,5,0,4,1,1,0.42,0.4242,0.77,0.2239,1,28,29
10276,2012-03-09,1,1,3,5,0,5,1,3,0.4,0.4091,0.66,0.2836,2,27,29
10300,2012-03-10,1,1,3,5,0,6,0,1,0.22,0.2121,0.42,0.2836,3,7,10
10323,2012-03-11,1,1,3,5,0,0,0,1,0.24,0.2424,0.6,0.1642,2,5,7
10347,2012-03-12,1,1,3,5,0,1,1,1,0.34,0.3333,0.61,0.194,1,15,16
10371,2012-03-13,1,1,3,5,0,2,1,2,0.46,0.4545,0.82,0.194,0,24,24
10395,2012-03-14,1,1,3,5,0,3,1,1,0.44,0.4394,0.82,0.1343,2,25,27
10419,2012-03-15,1,1,3,5,0,4,1,1,0.46,0.4545,0.67,0,2,24,26
10443,2012-03-16,1,1,3,5,0,5,1,2,0.4,0.4091,0.87,0.2239,2,30,32
10467,2012-03-17,1,1,3,5,0,6,0,2,0.42,0.4242,0.94,0.0896,5,3,8
10491,2012-03-18,1,1,3,5,0,0,0,2,0.4,0.4091,0.94,0.1045,0,6,6
10515,2012-03-19,1,1,3,5,0,1,1,1,0.44,0.4394,0.94,0,0,31,31
10539,2012-03-20,1,1,3,5,0,2,1,2,0.52,0.5,0.94,0,0,20,20
10563,2012-03-21,2,1,3,5,0,3,1,2,0.5,0.4848,0.88,0.1343,4,35,39
10587,2012-03-22,2,1,3,5,0,4,1,2,0.48,0.4697,1,0.0896,2,32,34
10611,2012-03-23,2,1,3,5,0,5,1,2,0.5,0.4848,0.94,0,5,29,34
10635,2012-03-24,2,1,3,5,0,6,0,2,0.52,0.5,0.83,0.1642,0,4,4
10659,2012-03-25,2,1,3,5,0,0,0,2,0.4,0.4091,1,0.2537,0,6,6
10683,2012-03-26,2,1,3,5,0,1,1,1,0.44,0.4394,0.77,0.1642,0,36,36
10707,2012-03-27,2,1,3,5,0,2,1,1,0.22,0.2121,0.37,0.2836,1,16,17
10731,2012-03-28,2,1,3,5,0,3,1,1,0.36,0.3333,0.43,0.2985,2,38,40
10755,2012-03-29,2,1,3,5,0,4,1,1,0.5,0.4848,0.45,0.2239,2,30,32
10779,2012-03-30,2,1,3,5,0,5,1,1,0.32,0.3333,0.61,0.0896,0,26,26
10803,2012-03-31,2,1,3,5,0,6,0,1,0.4,0.4091,0.82,0.2239,0,5,5
10827,2012-04-01,2,1,4,5,0,0,0,2,0.34,0.3485,0.81,0.0896,8,10,18
10850,2012-04-02,2,1,4,5,0,1,1,1,0.4,0.4091,0.76,0.4925,2,22,24
10874,2012-04-03,2,1,4,5,0,2,1,1,0.32,0.3333,0.66,0.0896,2,25,27
10898,2012-04-04,2,1,4,5,0,3,1,1,0.42,0.4242,0.67,0.0896,0,27,27
10922,2012-04-05,2,1,4,5,0,4,1,1,0.38,0.3939,0.43,0.2836,1,28,29
10946,2012-04-06,2,1,4,5,0,5,1,1,0.32,0.303,0.53,0.3284,0,23,23
10970,2012-04-07,2,1,4,5,0,6,0,1,0.32,0.3182,0.33,0.1642,0,2,2
10994,2012-04-08,2,1,4,5,0,0,0,1,0.38,0.3939,0.46,0,4,8,12
11018,2012-04-09,2,1,4,5,0,1,1,1,0.44,0.4394,0.24,0.194,2,30,32
11042,2012-04-10,2,1,4,5,0,2,1,1,0.34,0.3333,0.71,0.1343,0,24,24
11065,2012-04-11,2,1,4,5,0,3,1,1,0.28,0.2727,0.56,0.194,1,26,27
11089,2012-04-12,2,1,4,5,0,4,1,1,0.3,0.2879,0.61,0.2239,0,21,21
11113,2012-04-13,2,1,4,5,0,5,1,2,0.34,0.3333,0.53,0.1642,2,19,21
11137,2012-04-14,2,1,4,5,0,6,0,1,0.36,0.3636,0.66,0.1045,2,5,7
11161,2012-04-15,2,1,4,5,0,0,0,1,0.5,0.4848,0.68,0.1642,4,6,10
11185,2012-04-16,2,1,4,5,1,1,0,1,0.54,0.5152,0.77,0.2239,4,34,38
11209,2012-04-17,2,1,4,5,0,2,1,1,0.6,0.6212,0.53,0.2537,1,29,30
11233,2012-04-18,2,1,4,5,0,3,1,2,0.5,0.4848,0.39,0.2836,0,34,34
11257,2012-04-19,2,1,4,5,0,4,1,1,0.4,0.4091,0.82,0,0,30,30
11281,2012-04-20,2,1,4,5,0,5,1,1,0.42,0.4242,0.94,0,1,24,25
11305,2012-04-21,2,1,4,5,0,6,0,1,0.5,0.4848,0.82,0.2537,0,1,1
11329,2012-04-22,2,1,4,5,0,0,0,2,0.44,0.4394,0.77,0.2239,0,6,6
11353,2012-04-23,2,1,4,5,0,1,1,3,0.3,0.2879,0.81,0.2836,0,14,14
11377,2012-04-24,2,1,4,5,0,2,1,1,0.3,0.2879,0.7,0.194,0,22,22
11401,2012-04-25,2,1,4,5,0,3,1,1,0.34,0.3636,0.66,0,0,24,24
11425,2012-04-26,2,1,4,5,0,4,1,2,0.48,0.4697,0.63,0.1343,0,17,17
11449,2012-04-27,2,1,4,5,0,5,1,1,0.42,0.4242,0.44,0.3582,0,19,19
11473,2012-04-28,2,1,4,5,0,6,0,1,0.34,0.3333,0.46,0.1343,2,3,5
11497,2012-04-29,2,1,4,5,0,0,0,1,0.34,0.3636,0.87,0,0,6,6
11521,2012-04-30,2,1,4,5,0,1,1,1,0.38,0.3939,0.62,0.2537,1,19,20
11545,2012-05-01,2,1,5,5,0,2,1,2,0.52,0.5,0.72,0.0896,0,17,17
11569,2012-05-02,2,1,5,5,0,3,1,1,0.54,0.5152,0.9,0.1343,2,31,33
11593,2012-05-03,2,1,5,5,0,4,1,2,0.46,0.4545,0.88,0.2537,1,20,21
11617,2012-05-04,2,1,5,5,0,5,1,1,0.56,0.5303,0.88,0.194,0,24,24
11641,2012-05-05,2,1,5,5,0,6,0,1,0.56,0.5303,0.88,0.0896,8,14,22
11665,2012-05-06,2,1,5,5,0,0,0,3,0.52,0.5,0.83,0.1642,1,10,11
11689,2012-05-07,2,1,5,5,0,1,1,1,0.46,0.4545,0.88,0.1045,2,21,23
11713,2012-05-08,2,1,5,5,0,2,1,2,0.52,0.5,0.72,0.2836,0,20,20
11737,2012-05-09,2,1,5,5,0,3,1,2,0.56,0.5303,0.88,0.1343,1,27,28
11761,2012-05-10,2,1,5,5,0,4,1,1,0.46,0.4545,0.72,0.2985,1,23,24
11785,2012-05-11,2,1,5,5,0,5,1,1,0.42,0.4242,0.47,0.1642,3,23,26
11809,2012-05-12,2,1,5,5,0,6,0,1,0.42,0.4242,0.67,0.1343,5,8,13
11833,2012-05-13,2,1,5,5,0,0,0,1,0.52,0.5,0.72,0.194,4,8,12
11857,2012-05-14,2,1,5,5,0,1,1,2,0.54,0.5152,0.77,0.1642,1,25,26
11881,2012-05-15,2,1,5,5,0,2,1,3,0.56,0.5303,0.94,0.2239,0,8,8
11905,2012-05-16,2,1,5,5,0,3,1,1,0.54,0.5152,0.94,0.1045,4,34,38
11929,2012-05-17,2,1,5,5,0,4,1,1,0.56,0.5303,0.68,0.3284,1,34,35
11953,2012-05-18,2,1,5,5,0,5,1,1,0.46,0.4545,0.77,0.1045,1,33,34
11977,2012-05-19,2,1,5,5,0,6,0,1,0.46,0.4545,0.67,0,1,11,12
12001,2012-05-20,2,1,5,5,0,0,0,1,0.5,0.4848,0.72,0.1045,1,7,8
12025,2012-05-21,2,1,5,5,0,1,1,3,0.56,0.5303,0.88,0.2985,1,14,15
12049,2012-05-22,2,1,5,5,0,2,1,3,0.56,0.5303,0.88,0.194,0,17,17
12073,2012-05-23,2,1,5,5,0,3,1,3,0.56,0.5303,0.88,0.2537,6,29,35
12097,2012-05-24,2,1,5,5,0,4,1,2,0.6,0.5455,0.88,0.1642,1,29,30
12121,2012-05-25,2,1,5,5,0,5,1,2,0.62,0.5606,0.88,0.0896,2,28,30
12145,2012-05-26,2,1,5,5,0,6,0,1,0.62,0.5758,0.83,0.2537,0,10,10
12169,2012-05-27,2,1,5,5,0,0,0,1,0.62,0.5758,0.83,0.194,2,5,7
12193,2012-05-28,2,1,5,5,1,1,0,1,0.6,0.5758,0.78,0.1343,4,5,9
12217,2012-05-29,2,1,5,5,0,2,1,1,0.66,0.6061,0.78,0.2239,1,32,33
12241,2012-05-30,2,1,5,5,0,3,1,2,0.62,0.5909,0.78,0.1343,1,40,41
12265,2012-05-31,2,1,5,5,0,4,1,1,0.62,0.6061,0.69,0.2537,1,32,33
12289,2012-06-01,2,1,6,5,0,5,1,2,0.62,0.5909,0.78,0.0896,4,41,45
12313,2012-06-02,2,1,6,5,0,6,0,1,0.5,0.4848,0.72,0.194,1,11,12
12337,2012-06-03,2,1,6,5,0,0,0,1,0.5,0.4848,0.68,0,1,11,12
12361,2012-06-04,2,1,6,5,0,1,1,1,0.52,0.5,0.68,0,2,33,35
12385,2012-06-05,2,1,6,5,0,2,1,3,0.48,0.4697,0.82,0.1642,1,35,36
12409,2012-06-06,2,1,6,5,0,3,1,1,0.48,0.4697,0.77,0,1,37,38
12433,2012-06-07,2,1,6,5,0,4,1,1,0.48,0.4697,0.82,0.0896,0,34,34
12457,2012-06-08,2,1,6,5,0,5,1,1,0.5,0.4848,0.72,0.1045,1,28,29
12481,2012-06-09,2,1,6,5,0,6,0,1,0.6,0.6212,0.56,0.1045,4,15,19
12505,2012-06-10,2,1,6,5,0,0,0,1,0.62,0.6061,0.69,0.0896,3,10,13
12529,2012-06-11,2,1,6,5,0,1,1,1,0.64,0.5909,0.78,0.1343,1,36,37
12553,2012-06-12,2,1,6,5,0,2,1,3,0.6,0.5455,0.88,0.1343,1,28,29
12577,2012-06-13,2,1,6,5,0,3,1,1,0.6,0.5606,0.83,0.194,2,38,40
12601,2012-06-14,2,1,6,5,0,4,1,2,0.6,0.6212,0.56,0.2537,0,40,40
12625,2012-06-15,2,1,6,5,0,5,1,1,0.54,0.5152,0.88,0.1045,2,31,33
12649,2012-06-16,2,1,6,5,0,6,0,1,0.54,0.5152,0.68,0.1045,2,21,23
12673,2012-06-17,2,1,6,5,0,0,0,1,0.54,0.5152,0.68,0.1343,4,13,17
12697,2012-06-18,2,1,6,5,0,1,1,3,0.52,0.5,0.83,0.1343,1,22,23
12721,2012-06-19,2,1,6,5,0,2,1,2,0.6,0.5758,0.78,0.194,3,34,37
12745,2012-06-20,2,1,6,5,0,3,1,1,0.66,0.6061,0.83,0.0896,2,37,39
12769,2012-06-21,3,1,6,5,0,4,1,1,0.7,0.6667,0.84,0.1045,3,37,40
12793,2012-06-22,3,1,6,5,0,5,1,2,0.74,0.697,0.66,0.0896,3,35,38
12817,2012-06-23,3,1,6,5,0,6,0,2,0.64,0.5758,0.83,0.194,1,11,12
12841,2012-06-24,3,1,6,5,0,0,0,1,0.62,0.6061,0.69,0.1343,1,7,8
12865,2012-06-25,3,1,6,5,0,1,1,1,0.66,0.6212,0.74,0.1642,1,42,43
12889,2012-06-26,3,1,6,5,0,2,1,1,0.52,0.5,0.48,0.3881,3,36,39
12913,2012-06-27,3,1,6,5,0,3,1,1,0.6,0.6212,0.43,0.2836,2,34,36
12937,2012-06-28,3,1,6,5,0,4,1,1,0.62,0.6212,0.57,0.0896,8,39,47
12961,2012-06-29,3,1,6,5,0,5,1,1,0.7,0.6515,0.61,0.1045,6,39,45
12985,2012-06-30,3,1,6,5,0,6,0,1,0.64,0.5758,0.89,0.1642,3,7,10
13009,2012-07-01,3,1,7,5,0,0,0,1,0.68,0.6364,0.79,0.1045,3,7,10
13033,2012-07-02,3,1,7,5,0,1,1,2,0.72,0.6667,0.51,0,3,37,40
13057,2012-07-03,3,1,7,5,0,2,1,1,0.7,0.6515,0.61,0,2,33,35
13081,2012-07-04,3,1,7,5,1,3,0,1,0.66,0.6212,0.69,0,5,14,19
13105,2012-07-05,3,1,7,5,0,4,1,1,0.72,0.6818,0.62,0,1,28,29
13129,2012-07-06,3,1,7,5,0,5,1,1,0.74,0.697,0.66,0.194,4,31,35
13153,2012-07-07,3,1,7,5,0,6,0,1,0.74,0.7121,0.74,0.194,2,12,14
13177,2012-07-08,3,1,7,5,0,0,0,1,0.78,0.7424,0.62,0,1,5,6
13201,2012-07-09,3,1,7,5,0,1,1,2,0.66,0.6061,0.83,0.2239,1,27,28
13225,2012-07-10,3,1,7,5,0,2,1,1,0.66,0.6061,0.83,0.1343,3,39,42
13249,2012-07-11,3,1,7,5,0,3,1,1,0.64,0.5758,0.89,0,5,36,41
13273,2012-07-12,3,1,7,5,0,4,1,1,0.62,0.5909,0.73,0.1045,4,40,44
13297,2012-07-13,3,1,7,5,0,5,1,2,0.66,0.6364,0.56,0.0896,4,30,34
13321,2012-07-14,3,1,7,5,0,6,0,2,0.64,0.6061,0.73,0.1045,0,5,5
13345,2012-07-15,3,1,7,5,0,0,0,1,0.68,0.6364,0.89,0.1343,2,7,9
13369,2012-07-16,3,1,7,5,0,1,1,1,0.66,0.6061,0.78,0.1045,10,40,50
13393,2012-07-17,3,1,7,5,0,2,1,1,0.68,0.6364,0.74,0.0896,7,31,38
13417,2012-07-18,3,1,7,5,0,3,1,1,0.72,0.6818,0.7,0.1642,5,41,46
13441,2012-07-19,3,1,7,5,0,4,1,2,0.72,0.6818,0.7,0.1045,5,35,40
13465,2012-07-20,3,1,7,5,0,5,1,2,0.66,0.5909,0.89,0.1343,2,40,42
13489,2012-07-21,3,1,7,5,0,6,0,3,0.58,0.5455,0.88,0.2537,7,10,17
13513,2012-07-22,3,1,7,5,0,0,0,1,0.6,0.5455,0.88,0,0,6,6
13537,2012-07-23,3,1,7,5,0,1,1,2,0.66,0.5909,0.94,0.1343,3,48,51
13561,2012-07-24,3,1,7,5,0,2,1,1,0.66,0.6061,0.83,0.1045,5,45,50
13585,2012-07-25,3,1,7,5,0,3,1,1,0.64,0.6061,0.65,0.1642,5,54,59
13609,2012-07-26,3,1,7,5,0,4,1,1,0.66,0.6212,0.74,0.194,2,40,42
13633,2012-07-27,3,1,7,5,0,5,1,1,0.7,0.6667,0.84,0,3,34,37
13657,2012-07-28,3,1,7,5,0,6,0,1,0.68,0.6364,0.79,0.1642,4,10,14
13681,2012-07-29,3,1,7,5,0,0,0,1,0.62,0.5909,0.78,0.194,3,14,17
13705,2012-07-30,3,1,7,5,0,1,1,1,0.66,0.6061,0.83,0.1045,4,43,47
13729,2012-07-31,3,1,7,5,0,2,1,1,0.66,0.6061,0.83,0.1642,5,40,45
13753,2012-08-01,3,1,8,5,0,3,1,2,0.64,0.5909,0.78,0.1343,3,46,49
13777,2012-08-02,3,1,8,5,0,4,1,1,0.66,0.5909,0.89,0.1343,4,37,41
13801,2012-08-03,3,1,8,5,0,5,1,1,0.66,0.6061,0.83,0.1642,2,35,37
13825,2012-08-04,3,1,8,5,0,6,0,1,0.7,0.6667,0.84,0.2239,1,16,17
13849,2012-08-05,3,1,8,5,0,0,0,1,0.72,0.697,0.74,0.2537,1,18,19
13873,2012-08-06,3,1,8,5,0,1,1,1,0.7,0.6667,0.79,0.194,2,23,25
13897,2012-08-07,3,1,8,5,0,2,1,1,0.7,0.6667,0.79,0.1045,3,33,36
13921,2012-08-08,3,1,8,5,0,3,1,2,0.68,0.6364,0.89,0.1642,3,40,43
13945,2012-08-09,3,1,8,5,0,4,1,2,0.66,0.5909,0.94,0,4,37,41
13969,2012-08-10,3,1,8,5,0,5,1,3,0.7,0.6667,0.84,0.2836,4,29,33
13993,2012-08-11,3,1,8,5,0,6,0,1,0.62,0.5606,0.88,0.1045,2,9,11
14017,2012-08-12,3,1,8,5,0,0,0,1,0.64,0.6212,0.61,0.194,1,9,10
14041,2012-08-13,3,1,8,5,0,1,1,1,0.64,0.6061,0.69,0.1045,3,33,36
14065,2012-08-14,3,1,8,5,0,2,1,2,0.68,0.6364,0.89,0.194,1,35,36
14089,2012-08-15,3,1,8,5,0,3,1,1,0.64,0.5909,0.78,0.1045,4,35,39
14113,2012-08-16,3,1,8,5,0,4,1,1,0.6,0.5758,0.78,0.1642,7,30,37
14137,2012-08-17,3,1,8,5,0,5,1,1,0.64,0.2424,0.73,0.1045,2,34,36
14161,2012-08-18,3,1,8,5,0,6,0,1,0.6,0.5758,0.78,0.2537,2,7,9
14185,2012-08-19,3,1,8,5,0,0,0,2,0.6,0.5909,0.73,0.1343,3,8,11
14209,2012-08-20,3,1,8,5,0,1,1,2,0.6,0.5606,0.83,0,2,35,37
14233,2012-08-21,3,1,8,5,0,2,1,1,0.56,0.5303,0.83,0.0896,4,30,34
14257,2012-08-22,3,1,8,5,0,3,1,1,0.6,0.5758,0.78,0,2,38,40
14281,2012-08-23,3,1,8,5,0,4,1,1,0.62,0.5758,0.83,0,1,36,37
14305,2012-08-24,3,1,8,5,0,5,1,1,0.64,0.5909,0.78,0,1,37,38
14329,2012-08-25,3,1,8,5,0,6,0,2,0.64,0.6061,0.73,0.1642,4,10,14
14353,2012-08-26,3,1,8,5,0,0,0,1,0.64,0.5758,0.89,0.194,3,13,16
14377,2012-08-27,3,1,8,5,0,1,1,1,0.62,0.5606,0.88,0,4,32,36
14401,2012-08-28,3,1,8,5,0,2,1,2,0.66,0.6061,0.83,0.0896,3,39,42
14425,2012-08-29,3,1,8,5,0,3,1,1,0.6,0.5909,0.73,0.194,3,37,40
14449,2012-08-30,3,1,8,5,0,4,1,1,0.62,0.5909,0.73,0,2,33,35
14473,2012-08-31,3,1,8,5,0,5,1,1,0.64,0.5758,0.89,0.1642,2,27,29
14497,2012-09-01,3,1,9,5,0,6,0,1,0.68,0.6364,0.79,0,2,20,22
14521,2012-09-02,3,1,9,5,0,0,0,1,0.66,0.5909,0.89,0,2,10,12
14545,2012-09-03,3,1,9,5,1,1,0,1,0.66,0.5909,0.89,0,1,3,4
14569,2012-09-04,3,1,9,5,0,2,1,2,0.66,0.5909,0.89,0,1,37,38
14593,2012-09-05,3,1,9,5,0,3,1,2,0.7,0.6667,0.79,0.2985,1,39,40
14617,2012-09-06,3,1,9,5,0,4,1,2,0.7,0.6667,0.84,0.194,3,35,38
14641,2012-09-07,3,1,9,5,0,5,1,1,0.62,0.5606,0.88,0,1,39,40
14665,2012-09-08,3,1,9,5,0,6,0,2,0.66,0.5909,0.94,0.2537,2,13,15
14689,2012-09-09,3,1,9,5,0,0,0,1,0.52,0.5,0.77,0.194,16,39,55
14713,2012-09-10,3,1,9,5,0,1,1,1,0.5,0.4848,0.72,0.2537,4,36,40
14737,2012-09-11,3,1,9,5,0,2,1,1,0.46,0.4545,0.72,0.0896,3,41,44
14761,2012-09-12,3,1,9,5,0,3,1,1,0.5,0.4848,0.72,0.0896,4,44,48
14785,2012-09-13,3,1,9,5,0,4,1,1,0.52,0.5,0.83,0,3,54,57
14809,2012-09-14,3,1,9,5,0,5,1,1,0.54,0.5152,0.83,0,1,40,41
14833,2012-09-15,3,1,9,5,0,6,0,1,0.58,0.5455,0.6,0.5224,1,15,16
14857,2012-09-16,3,1,9,5,0,0,0,1,0.5,0.4848,0.72,0,3,10,13
14881,2012-09-17,3,1,9,5,0,1,1,1,0.48,0.4697,0.82,0.0896,1,44,45
14905,2012-09-18,3,1,9,5,0,2,1,2,0.64,0.5758,0.89,0.3284,3,45,48
14929,2012-09-19,3,1,9,5,0,3,1,2,0.52,0.5,0.68,0.2836,2,54,56
14953,2012-09-20,3,1,9,5,0,4,1,1,0.44,0.4394,0.77,0.1045,4,52,56
14977,2012-09-21,3,1,9,5,0,5,1,1,0.5,0.4848,0.82,0,2,47,49
15001,2012-09-22,3,1,9,5,0,6,0,1,0.56,0.5303,0.83,0.3284,2,15,17
15025,2012-09-23,4,1,9,5,0,0,0,1,0.46,0.4545,0.59,0.2537,1,5,6
15049,2012-09-24,4,1,9,5,0,1,1,1,0.46,0.4545,0.63,0,2,35,37
15073,2012-09-25,4,1,9,5,0,2,1,1,0.42,0.4242,0.77,0.0896,1,46,47
15097,2012-09-26,4,1,9,5,0,3,1,1,0.56,0.5303,0.73,0.2239,1,35,36
15121,2012-09-27,4,1,9,5,0,4,1,1,0.58,0.5455,0.83,0,2,64,66
15145,2012-09-28,4,1,9,5,0,5,1,1,0.56,0.5303,0.88,0,1,37,38
15169,2012-09-29,4,1,9,5,0,6,0,1,0.5,0.4848,0.63,0.194,2,13,15
15193,2012-09-30,4,1,9,5,0,0,0,1,0.44,0.4394,0.72,0,1,9,10
15217,2012-10-01,4,1,10,5,0,1,1,1,0.44,0.4394,0.77,0,2,34,36
15241,2012-10-02,4,1,10,5,0,2,1,2,0.56,0.5303,0.83,0.1343,1,42,43
15265,2012-10-03,4,1,10,5,0,3,1,2,0.62,0.5455,0.94,0.1045,2,32,34
15289,2012-10-04,4,1,10,5,0,4,1,3,0.64,0.5758,0.89,0.1045,2,37,39
15313,2012-10-05,4,1,10,5,0,5,1,1,0.52,0.5,0.77,0,0,41,41
15337,2012-10-06,4,1,10,5,0,6,0,1,0.54,0.5152,0.83,0.194,2,8,10
15361,2012-10-07,4,1,10,5,0,0,0,2,0.44,0.4394,0.54,0.1343,2,8,10
15385,2012-10-08,4,1,10,5,1,1,0,1,0.34,0.3182,0.76,0.2239,2,17,19
15409,2012-10-09,4,1,10,5,0,2,1,2,0.38,0.3939,0.82,0.194,0,19,19
15433,2012-10-10,4,1,10,5,0,3,1,2,0.46,0.4545,0.88,0.0896,2,38,40
15457,2012-10-11,4,1,10,5,0,4,1,1,0.36,0.3485,0.5,0.1642,0,42,42
15481,2012-10-12,4,1,10,5,0,5,1,1,0.36,0.3636,0.81,0.0896,2,33,35
15505,2012-10-13,4,1,10,5,0,6,0,1,0.3,0.2879,0.61,0.194,0,11,11
15529,2012-10-14,4,1,10,5,0,0,0,1,0.4,0.4091,0.82,0.194,5,6,11
15553,2012-10-15,4,1,10,5,0,1,1,2,0.56,0.5303,0.73,0.2836,2,38,40
15577,2012-10-16,4,1,10,5,0,2,1,1,0.42,0.4242,0.67,0.2537,5,47,52
15601,2012-10-17,4,1,10,5,0,3,1,2,0.36,0.3788,0.81,0,2,39,41
15625,2012-10-18,4,1,10,5,0,4,1,1,0.44,0.4394,0.82,0.2239,1,41,42
15649,2012-10-19,4,1,10,5,0,5,1,2,0.54,0.5152,0.88,0,1,35,36
15673,2012-10-20,4,1,10,5,0,6,0,1,0.4,0.4091,0.82,0,6,7,13
15697,2012-10-21,4,1,10,5,0,0,0,1,0.38,0.3939,0.66,0.0896,6,4,10
15721,2012-10-22,4,1,10,5,0,1,1,1,0.38,0.3939,0.76,0.0896,2,44,46
15745,2012-10-23,4,1,10,5,0,2,1,1,0.44,0.4394,0.77,0.0896,1,49,50
15769,2012-10-24,4,1,10,5,0,3,1,1,0.5,0.4848,0.82,0,1,52,53
15793,2012-10-25,4,1,10,5,0,4,1,2,0.52,0.5,0.88,0.1642,2,53,55
15817,2012-10-26,4,1,10,5,0,5,1,2,0.52,0.5,0.88,0.1045,3,47,50
15841,2012-10-27,4,1,10,5,0,6,0,2,0.5,0.4848,0.82,0.194,2,7,9
15865,2012-10-28,4,1,10,5,0,0,0,2,0.5,0.4848,0.63,0.2985,6,22,28
15901,2012-10-31,4,1,10,5,0,3,1,2,0.3,0.303,0.81,0.1343,0,24,24
15925,2012-11-01,4,1,11,5,0,4,1,1,0.34,0.3333,0.66,0.1343,1,39,40
15949,2012-11-02,4,1,11,5,0,5,1,2,0.32,0.3182,0.66,0.1642,1,25,26
15973,2012-11-03,4,1,11,5,0,6,0,2,0.32,0.303,0.49,0.2537,1,8,9
15997,2012-11-04,4,1,11,5,0,0,0,1,0.26,0.2727,0.65,0.1045,0,5,5
16021,2012-11-05,4,1,11,5,0,1,1,2,0.3,0.2727,0.52,0.3284,1,38,39
16045,2012-11-06,4,1,11,5,0,2,1,2,0.22,0.2273,0.64,0.194,1,40,41
16069,2012-11-07,4,1,11,5,0,3,1,2,0.28,0.2576,0.52,0.3284,0,27,27
16092,2012-11-08,4,1,11,5,0,4,1,2,0.3,0.2879,0.42,0.2239,0,35,35
16116,2012-11-09,4,1,11,5,0,5,1,1,0.3,0.2879,0.56,0.194,2,25,27
16140,2012-11-10,4,1,11,5,0,6,0,1,0.28,0.3182,0.87,0,1,9,10
16164,2012-11-11,4,1,11,5,0,0,0,1,0.3,0.303,0.87,0.1343,0,12,12
16188,2012-11-12,4,1,11,5,1,1,0,1,0.38,0.3939,0.87,0,1,23,24
16212,2012-11-13,4,1,11,5,0,2,1,2,0.34,0.3182,0.87,0.2836,0,18,18
16236,2012-11-14,4,1,11,5,0,3,1,1,0.22,0.2273,0.69,0.194,0,39,39
16260,2012-11-15,4,1,11,5,0,4,1,2,0.3,0.2879,0.61,0.2239,3,34,37
16284,2012-11-16,4,1,11,5,0,5,1,2,0.3,0.3182,0.65,0.0896,2,34,36
16308,2012-11-17,4,1,11,5,0,6,0,1,0.24,0.2424,0.7,0.1642,1,10,11
16332,2012-11-18,4,1,11,5,0,0,0,1,0.28,0.2879,0.81,0.1343,5,7,12
16356,2012-11-19,4,1,11,5,0,1,1,2,0.36,0.3485,0.66,0.2239,1,38,39
16380,2012-11-20,4,1,11,5,0,2,1,2,0.34,0.3333,0.66,0.1343,2,32,34
16404,2012-11-21,4,1,11,5,0,3,1,1,0.28,0.2879,0.87,0.1045,1,28,29
16428,2012-11-22,4,1,11,5,1,4,0,1,0.24,0.2576,0.75,0.1045,2,6,8
16452,2012-11-23,4,1,11,5,0,5,1,1,0.24,0.2879,0.81,0,0,10,10
16476,2012-11-24,4,1,11,5,0,6,0,1,0.26,0.2273,0.41,0.3284,1,2,3
16500,2012-11-25,4,1,11,5,0,0,0,2,0.22,0.2273,0.47,0.1642,0,3,3
16524,2012-11-26,4,1,11,5,0,1,1,1,0.22,0.2273,0.69,0.1642,0,41,41
16548,2012-11-27,4,1,11,5,0,2,1,2,0.3,0.2879,0.81,0.2239,0,31,31
16572,2012-11-28,4,1,11,5,0,3,1,2,0.26,0.2727,0.7,0.1343,0,39,39
16595,2012-11-29,4,1,11,5,0,4,1,1,0.2,0.2576,0.69,0,0,42,42
16619,2012-11-30,4,1,11,5,0,5,1,1,0.2,0.2576,0.8,0,1,39,40
16643,2012-12-01,4,1,12,5,0,6,0,1,0.24,0.2576,0.87,0.0896,1,12,13
16667,2012-12-02,4,1,12,5,0,0,0,2,0.26,0.303,0.93,0,1,7,8
16691,2012-12-03,4,1,12,5,0,1,1,1,0.34,0.3485,0.93,0.0896,0,38,38
16715,2012-12-04,4,1,12,5,0,2,1,2,0.44,0.4394,0.88,0,1,45,46
16739,2012-12-05,4,1,12,5,0,3,1,1,0.5,0.4848,0.59,0.2836,1,48,49
16763,2012-12-06,4,1,12,5,0,4,1,1,0.22,0.2121,0.55,0.2836,0,32,32
16787,2012-12-07,4,1,12,5,0,5,1,2,0.26,0.2727,0.81,0.1045,1,25,26
16811,2012-12-08,4,1,12,5,0,6,0,2,0.36,0.3636,0.93,0.1045,2,4,6
16835,2012-12-09,4,1,12,5,0,0,0,2,0.4,0.4091,0.87,0.1045,0,8,8
16859,2012-12-10,4,1,12,5,0,1,1,2,0.38,0.3939,0.94,0.1045,0,27,27
16883,2012-12-11,4,1,12,5,0,2,1,3,0.34,0.303,0.71,0.3284,1,40,41
16907,2012-12-12,4,1,12,5,0,3,1,1,0.26,0.2576,0.6,0.194,0,37,37
16931,2012-12-13,4,1,12,5,0,4,1,2,0.26,0.2576,0.56,0.1642,2,31,33
16955,2012-12-14,4,1,12,5,0,5,1,1,0.2,0.2273,0.69,0.1045,0,34,34
16979,2012-12-15,4,1,12,5,0,6,0,2,0.26,0.303,0.75,0,0,3,3
17003,2012-12-16,4,1,12,5,0,0,0,2,0.34,0.3636,0.87,0,0,9,9
17027,2012-12-17,4,1,12,5,0,1,1,2,0.38,0.3939,0.87,0,0,24,24
17051,2012-12-18,4,1,12,5,0,2,1,1,0.38,0.3939,0.87,0.0896,0,36,36
17075,2012-12-19,4,1,12,5,0,3,1,1,0.26,0.2879,0.75,0.0896,2,29,31
17099,2012-12-20,4,1,12,5,0,4,1,2,0.3,0.3182,0.7,0.1045,0,35,35
17123,2012-12-21,1,1,12,5,0,5,1,2,0.34,0.303,0.76,0.4179,0,13,13
17147,2012-12-22,1,1,12,5,0,6,0,1,0.26,0.2273,0.48,0.4179,0,5,5
17171,2012-12-23,1,1,12,5,0,0,0,1,0.2,0.2576,0.51,0,0,6,6
17194,2012-12-24,1,1,12,5,0,1,1,1,0.18,0.197,0.8,0.1343,0,9,9
17217,2012-12-25,1,1,12,5,1,2,0,2,0.22,0.2273,0.93,0.1343,2,1,3
17241,2012-12-26,1,1,12,5,0,3,1,2,0.22,0.2121,0.69,0.2836,0,11,11
17265,2012-12-27,1,1,12,5,0,4,1,1,0.24,0.2424,0.75,0.1642,1,10,11
17289,2012-12-28,1,1,12,5,0,5,1,2,0.24,0.2576,0.6,0.0896,0,15,15
17313,2012-12-29,1,1,12,5,0,6,0,2,0.24,0.2424,0.75,0.0896,0,3,3
17337,2012-12-30,1,1,12,5,0,0,0,2,0.26,0.2273,0.48,0.2985,0,2,2
17361,2012-12-31,1,1,12,5,0,1,1,1,0.16,0.1515,0.64,0.194,0,9,9
