7,2011-01-01,1,0,1,6,0,6,0,1,0.22,0.2727,0.8,0,2,0,2
30,2011-01-02,1,0,1,6,0,0,0,3,0.42,0.4242,0.77,0.2985,0,2,2
52,2011-01-03,1,0,1,6,0,1,1,1,0.14,0.1061,0.5,0.3881,0,30,30
75,2011-01-04,1,0,1,6,0,2,1,1,0.12,0.1515,0.74,0.1045,0,36,36
98,2011-01-05,1,0,1,6,0,3,1,1,0.2,0.197,0.47,0.2239,0,33,33
121,2011-01-06,1,0,1,6,0,4,1,2,0.14,0.1667,0.63,0.1045,0,36,36
144,2011-01-07,1,0,1,6,0,5,1,2,0.2,0.2576,0.69,0,8,26,34
168,2011-01-08,1,0,1,6,0,6,0,2,0.16,0.1667,0.74,0.1642,0,2,2
192,2011-01-09,1,0,1,6,0,0,0,1,0.1,0.0909,0.49,0.2836,0,1,1
216,2011-01-10,1,0,1,6,0,1,1,1,0.12,0.1212,0.5,0.2836,0,31,31
238,2011-01-11,1,0,1,6,0,2,1,2,0.16,0.1818,0.55,0.1343,0,27,27
260,2011-01-12,1,0,1,6,0,3,1,1,0.12,0.1515,0.93,0.1343,0,16,16
284,2011-01-13,1,0,1,6,0,4,1,1,0.12,0.1515,0.54,0.1343,0,28,28
307,2011-01-14,1,0,1,6,0,5,1,1,0.1,0.1818,0.54,0,0,17,17
331,2011-01-15,1,0,1,6,0,6,0,1,0.14,0.1667,0.63,0.1045,1,2,3
355,2011-01-16,1,0,1,6,0,0,0,2,0.26,0.2576,0.56,0.1642,0,1,1
379,2011-01-17,1,0,1,6,1,1,0,2,0.18,0.1818,0.43,0.194,0,5,5
414,2011-01-19,1,0,1,6,0,3,1,2,0.22,0.2576,0.93,0.0896,0,32,32
438,2011-01-20,1,0,1,6,0,4,1,1,0.22,0.2121,0.6,0.2239,0,35,35
462,2011-01-21,1,0,1,6,0,5,1,1,0.22,0.2121,0.55,0.2537,0,27,27
485,2011-01-22,1,0,1,6,0,6,0,2,0.02,0.0303,0.44,0.2239,0,2,2
508,2011-01-23,1,0,1,6,0,0,0,2,0.04,0.0758,0.57,0.1045,0,1,1
531,2011-01-24,1,0,1,6,0,1,1,1,0.02,0.0758,0.48,0.0896,0,15,15
554,2011-01-25,1,0,1,6,0,2,1,1,0.16,0.1818,0.74,0.1045,1,35,36
576,2011-01-26,1,0,1,6,0,3,1,3,0.2,0.1818,0.86,0.2836,0,8,8
601,2011-01-28,1,0,1,6,0,5,1,2,0.18,0.197,0.8,0.1343,0,16,16
624,2011-01-29,1,0,1,6,0,6,0,1,0.16,0.1818,0.64,0.1343,0,2,2
671,2011-01-31,1,0,1,6,0,1,1,1,0.16,0.1364,0.69,0.3284,0,37,37
694,2011-02-01,1,0,2,6,0,2,1,3,0.14,0.2121,0.93,0,0,22,22
718,2011-02-02,1,0,2,6,0,3,1,3,0.22,0.2424,0.93,0.1045,1,17,18
741,2011-02-03,1,0,2,6,0,4,1,1,0.16,0.1364,0.43,0.3582,0,39,39
764,2011-02-04,1,0,2,6,0,5,1,2,0.16,0.2273,0.55,0,2,26,28
788,2011-02-05,1,0,2,6,0,6,0,3,0.2,0.2576,1,0,0,4,4
812,2011-02-06,1,0,2,6,0,0,0,1,0.26,0.2576,0.6,0.2239,0,1,1
836,2011-02-07,1,0,2,6,0,1,1,1,0.18,0.2424,0.93,0,1,29,30
860,2011-02-08,1,0,2,6,0,2,1,1,0.26,0.2273,0.7,0.3284,0,39,39
883,2011-02-09,1,0,2,6,0,3,1,1,0.06,0.1515,0.45,0,0,43,43
906,2011-02-10,1,0,2,6,0,4,1,2,0.12,0.1212,0.54,0.2836,0,26,26
928,2011-02-11,1,0,2,6,0,5,1,1,0.1,0.1818,0.68,0,1,23,24
952,2011-02-12,1,0,2,6,0,6,0,1,0.12,0.1364,0.93,0.194,1,1,2
975,2011-02-13,1,0,2,6,0,0,0,2,0.2,0.2121,0.69,0.1343,2,3,5
999,2011-02-14,1,0,2,6,0,1,1,1,0.34,0.303,0.46,0.2985,1,25,26
1022,2011-02-15,1,0,2,6,0,2,1,1,0.2,0.1818,0.32,0.3284,0,30,30
1045,2011-02-16,1,0,2,6,0,3,1,1,0.2,0.197,0.55,0.2239,1,32,33
1069,2011-02-17,1,0,2,6,0,4,1,1,0.3,0.303,0.7,0.1343,3,44,47
1093,2011-02-18,1,0,2,6,0,5,1,2,0.44,0.4394,0.72,0.1642,2,48,50
1117,2011-02-19,1,0,2,6,0,6,0,1,0.4,0.4091,0.17,0.4179,3,3,6
1140,2011-02-20,1,0,2,6,0,0,0,1,0.2,0.1818,0.47,0.2985,1,1,2
1164,2011-02-21,1,0,2,6,1,1,0,2,0.42,0.4242,0.26,0.2985,2,6,8
1182,2011-02-22,1,0,2,6,0,2,1,2,0.12,0.1212,0.8,0.2836,0,7,7
1205,2011-02-23,1,0,2,6,0,3,1,1,0.12,0.1515,0.5,0.1045,0,36,36
1228,2011-02-24,1,0,2,6,0,4,1,1,0.2,0.197,0.69,0.194,0,58,58
1251,2011-02-25,1,0,2,6,0,5,1,3,0.34,0.3485,0.93,0.0896,0,11,11
1275,2011-02-26,1,0,2,6,0,6,0,1,0.22,0.2727,0.6,0,1,6,7
1298,2011-02-27,1,0,2,6,0,0,0,1,0.24,0.2879,0.87,0,2,1,3
1320,2011-02-28,1,0,2,6,0,1,1,2,0.34,0.3485,0.96,0.1045,1,27,28
1344,2011-03-01,1,0,3,6,0,2,1,1,0.2,0.1818,0.59,0.2985,0,46,46
1368,2011-03-02,1,0,3,6,0,3,1,1,0.22,0.2121,0.55,0.2537,1,39,40
1392,2011-03-03,1,0,3,6,0,4,1,1,0.14,0.1212,0.33,0.2985,1,34,35
1416,2011-03-04,1,0,3,6,0,5,1,2,0.16,0.197,0.74,0.0896,1,28,29
1440,2011-03-05,1,0,3,6,0,6,0,2,0.3,0.2879,1,0.2239,1,3,4
1463,2011-03-06,1,0,3,6,0,0,0,2,0.42,0.4242,0.94,0.3582,1,1,2
1486,2011-03-07,1,0,3,6,0,1,1,1,0.2,0.1818,0.75,0.3881,3,31,34
1510,2011-03-08,1,0,3,6,0,2,1,1,0.2,0.2576,0.59,0,3,42,45
1534,2011-03-09,1,0,3,6,0,3,1,2,0.24,0.2576,0.85,0.1045,5,44,49
1556,2011-03-10,1,0,3,6,0,4,1,3,0.36,0.3333,0,0.3284,0,12,12
1579,2011-03-11,1,0,3,6,0,5,1,1,0.26,0.2424,0.81,0.2836,1,31,32
1603,2011-03-12,1,0,3,6,0,6,0,1,0.22,0.2121,0.75,0.2537,2,2,4
1626,2011-03-13,1,0,3,6,0,0,0,1,0.34,0.3636,0.66,0,0,2,2
1649,2011-03-14,1,0,3,6,0,1,1,1,0.26,0.2727,0.65,0.1343,1,27,28
1672,2011-03-15,1,0,3,6,0,2,1,1,0.22,0.2273,0.8,0.194,3,32,35
1695,2011-03-16,1,0,3,6,0,3,1,2,0.3,0.3182,0.93,0.1045,1,30,31
1719,2011-03-17,1,0,3,6,0,4,1,1,0.32,0.3182,0.76,0.194,4,47,51
1742,2011-03-18,1,0,3,6,0,5,1,1,0.4,0.4091,0.66,0.194,1,35,36
1766,2011-03-19,1,0,3,6,0,6,0,1,0.44,0.4394,0.44,0.4179,0,10,10
1790,2011-03-20,1,0,3,6,0,0,0,1,0.26,0.2576,0.6,0.2239,1,3,4
1813,2011-03-21,2,0,3,6,0,1,1,3,0.32,0.303,0.76,0.2537,2,30,32
1837,2011-03-22,2,0,3,6,0,2,1,1,0.4,0.4091,0.87,0.2537,2,58,60
1860,2011-03-23,2,0,3,6,0,3,1,2,0.34,0.3182,0.87,0.2537,1,43,44
1884,2011-03-24,2,0,3,6,0,4,1,2,0.28,0.2727,0.93,0.2239,0,41,41
1908,2011-03-25,2,0,3,6,0,5,1,1,0.18,0.1818,0.74,0.2239,0,32,32
1932,2011-03-26,2,0,3,6,0,6,0,1,0.18,0.1818,0.55,0.194,2,8,10
1955,2011-03-27,2,0,3,6,0,0,0,3,0.16,0.1818,0.86,0.1343,0,2,2
1978,2011-03-28,2,0,3,6,0,1,1,1,0.18,0.1667,0.34,0.2836,0,40,40
2002,2011-03-29,2,0,3,6,0,2,1,1,0.22,0.2121,0.41,0.2985,4,46,50
2026,2011-03-30,2,0,3,6,0,3,1,2,0.3,0.303,0.49,0.1343,4,44,48
2050,2011-03-31,2,0,3,6,0,4,1,3,0.24,0.2121,0.93,0.2985,2,34,36
2074,2011-04-01,2,0,4,6,0,5,1,3,0.24,0.2273,0.93,0.2239,2,26,28
2098,2011-04-02,2,0,4,6,0,6,0,1,0.26,0.2727,0.7,0.1045,5,7,12
2122,2011-04-03,2,0,4,6,0,0,0,1,0.28,0.2727,0.65,0.194,10,23,33
2146,2011-04-04,2,0,4,6,0,1,1,1,0.42,0.4242,0.58,0.2836,3,43,46
2170,2011-04-05,2,0,4,6,0,2,1,2,0.48,0.4697,0.88,0.3284,2,36,38
2194,2011-04-06,2,0,4,6,0,3,1,1,0.24,0.2576,0.7,0.1045,4,52,56
2218,2011-04-07,2,0,4,6,0,4,1,1,0.32,0.303,0.81,0.2537,5,59,64
2242,2011-04-08,2,0,4,6,0,5,1,2,0.34,0.3636,0.87,0,2,33,35
2266,2011-04-09,2,0,4,6,0,6,0,2,0.3,0.2879,0.93,0.194,0,13,13
2290,2011-04-10,2,0,4,6,0,0,0,2,0.36,0.3636,0.93,0.0896,0,4,4
2313,2011-04-11,2,0,4,6,0,1,1,2,0.46,0.4545,1,0.2239,2,59,61
2337,2011-04-12,2,0,4,6,0,2,1,2,0.54,0.5152,0.68,0.2836,3,55,58
2361,2011-04-13,2,0,4,6,0,3,1,3,0.38,0.3939,0.94,0.2239,1,33,34
2385,2011-04-14,2,0,4,6,0,4,1,1,0.34,0.3485,0.76,0.1045,4,66,70
2409,2011-04-15,2,0,4,6,1,5,0,1,0.36,0.3636,0.81,0.0896,5,42,47
2433,2011-04-16,2,0,4,6,0,6,0,3,0.4,0.4091,0.82,0.3284,1,9,10
2457,2011-04-17,2,0,4,6,0,0,0,1,0.36,0.3182,0.66,0.4478,3,5,8
2481,2011-04-18,2,0,4,6,0,1,1,1,0.4,0.4091,0.82,0,3,51,54
2505,2011-04-19,2,0,4,6,0,2,1,2,0.48,0.4697,0.67,0,2,63,65
2529,2011-04-20,2,0,4,6,0,3,1,1,0.42,0.4242,0.94,0.1642,2,62,64
2553,2011-04-21,2,0,4,6,0,4,1,2,0.4,0.4091,0.58,0.5821,2,73,75
2577,2011-04-22,2,0,4,6,0,5,1,1,0.34,0.3182,0.53,0.2836,2,47,49
2601,2011-04-23,2,0,4,6,0,6,0,2,0.34,0.3333,1,0.1642,0,11,11
2625,2011-04-24,2,0,4,6,0,0,0,2,0.5,0.4848,1,0,10,3,13
2649,2011-04-25,2,0,4,6,0,1,1,2,0.5,0.4848,1,0,7,59,66
2673,2011-04-26,2,0,4,6,0,2,1,1,0.56,0.5303,0.88,0.2239,0,80,80
2697,2011-04-27,2,0,4,6,0,3,1,1,0.56,0.5303,0.94,0.2537,5,79,84
2721,2011-04-28,2,0,4,6,0,4,1,2,0.64,0.5909,0.78,0.4627,7,79,86
2745,2011-04-29,2,0,4,6,0,5,1,1,0.5,0.4848,0.45,0.2836,4,67,71
2769,2011-04-30,2,0,4,6,0,6,0,1,0.4,0.4091,0.58,0.2836,10,11,21
2793,2011-05-01,2,0,5,6,0,0,0,2,0.4,0.4091,0.82,0.0896,4,9,13
2817,2011-05-02,2,0,5,6,0,1,1,1,0.44,0.4394,0.88,0.1045,3,59,62
2841,2011-05-03,2,0,5,6,0,2,1,2,0.52,0.5,0.94,0.1642,7,102,109
2865,2011-05-04,2,0,5,6,0,3,1,3,0.34,0.303,0.93,0.3881,0,21,21
2889,2011-05-05,2,0,5,6,0,4,1,1,0.34,0.3182,0.66,0.2537,3,86,89
2913,2011-05-06,2,0,5,6,0,5,1,1,0.36,0.3636,0.81,0.0896,8,74,82
2937,2011-05-07,2,0,5,6,0,6,0,1,0.42,0.4242,0.77,0.0896,1,12,13
2961,2011-05-08,2,0,5,6,0,0,0,2,0.44,0.4394,0.82,0,2,4,6
2985,2011-05-09,2,0,5,6,0,1,1,1,0.44,0.4394,0.72,0.2537,2,87,89
3009,2011-05-10,2,0,5,6,0,2,1,1,0.42,0.4242,0.67,0.1343,9,103,112
3033,2011-05-11,2,0,5,6,0,3,1,1,0.46,0.4545,0.82,0.1343,6,93,99
3057,2011-05-12,2,0,5,6,0,4,1,1,0.44,0.4394,0.88,0,9,103,112
3081,2011-05-13,2,0,5,6,0,5,1,3,0.5,0.4848,0.88,0.1343,6,76,82
3105,2011-05-14,2,0,5,6,0,6,0,2,0.5,0.4848,0.88,0.1045,2,9,11
3129,2011-05-15,2,0,5,6,0,0,0,2,0.52,0.5,1,0.1343,3,14,17
3153,2011-05-16,2,0,5,6,0,1,1,1,0.52,0.5,0.88,0.1642,11,93,104
3177,2011-05-17,2,0,5,6,0,2,1,3,0.52,0.5,0.94,0.2537,0,49,49
3201,2011-05-18,2,0,5,6,0,3,1,1,0.52,0.5,1,0.1343,2,99,101
3225,2011-05-19,2,0,5,6,0,4,1,2,0.5,0.4848,0.94,0,17,86,103
3249,2011-05-20,2,0,5,6,0,5,1,1,0.46,0.4545,0.88,0.1045,15,102,117
3273,2011-05-21,2,0,5,6,0,6,0,1,0.5,0.4848,0.82,0.1343,6,22,28
3297,2011-05-22,2,0,5,6,0,0,0,1,0.52,0.5,0.94,0.1045,5,13,18
3321,2011-05-23,2,0,5,6,0,1,1,2,0.54,0.5152,1,0,4,92,96
3345,2011-05-24,2,0,5,6,0,2,1,2,0.58,0.5455,0.94,0.194,10,102,112
3369,2011-05-25,2,0,5,6,0,3,1,1,0.56,0.5303,0.94,0.0896,4,113,117
3393,2011-05-26,2,0,5,6,0,4,1,2,0.6,0.5,1,0.0896,4,94,98
3417,2011-05-27,2,0,5,6,0,5,1,1,0.64,0.6061,0.69,0.0896,8,73,81
3441,2011-05-28,2,0,5,6,0,6,0,1,0.58,0.5455,0.83,0.2537,3,16,19
3465,2011-05-29,2,0,5,6,0,0,0,2,0.62,0.5606,0.88,0.194,5,10,15
3489,2011-05-30,2,0,5,6,1,1,0,2,0.64,0.5606,0.94,0.0896,6,10,16
3513,2011-05-31,2,0,5,6,0,2,1,1,0.68,0.6364,0.79,0.0896,11,98,109
3537,2011-06-01,2,0,6,6,0,3,1,2,0.68,0.6364,0.89,0.0896,7,121,128
3561,2011-06-02,2,0,6,6,0,4,1,1,0.66,0.6212,0.39,0.1343,7,106,113
3585,2011-06-03,2,0,6,6,0,5,1,1,0.54,0.5152,0.45,0.2985,8,98,106
3609,2011-06-04,2,0,6,6,0,6,0,1,0.54,0.5152,0.6,0,11,17,28
3633,2011-06-05,2,0,6,6,0,0,0,2,0.62,0.6061,0.61,0.1045,10,11,21
3657,2011-06-06,2,0,6,6,0,1,1,1,0.58,0.5455,0.88,0,11,101,112
3681,2011-06-07,2,0,6,6,0,2,1,1,0.6,0.5758,0.78,0.1343,10,116,126
3705,2011-06-08,2,0,6,6,0,3,1,1,0.64,0.5758,0.89,0.1343,13,103,116
3729,2011-06-09,2,0,6,6,0,4,1,2,0.72,0.7121,0.84,0.0896,13,105,118
3753,2011-06-10,2,0,6,6,0,5,1,1,0.66,0.6061,0.78,0.0896,10,94,104
3777,2011-06-11,2,0,6,6,0,6,0,1,0.7,0.6515,0.61,0.1343,9,31,40
3801,2011-06-12,2,0,6,6,0,0,0,1,0.62,0.5606,0.88,0.1045,5,9,14
3825,2011-06-13,2,0,6,6,0,1,1,1,0.54,0.5152,0.64,0.4179,7,98,105
3849,2011-06-14,2,0,6,6,0,2,1,1,0.54,0.5152,0.56,0.2985,6,107,113
3873,2011-06-15,2,0,6,6,0,3,1,1,0.5,0.4848,0.63,0.2537,11,110,121
3897,2011-06-16,2,0,6,6,0,4,1,3,0.58,0.5455,0.73,0.1642,8,104,112
3921,2011-06-17,2,0,6,6,0,5,1,1,0.56,0.5303,0.94,0,8,89,97
3945,2011-06-18,2,0,6,6,0,6,0,1,0.62,0.5758,0.83,0.1045,9,18,27
3969,2011-06-19,2,0,6,6,0,0,0,2,0.66,0.6061,0.78,0.1642,11,22,33
3993,2011-06-20,2,0,6,6,0,1,1,3,0.6,0.5758,0.78,0.1343,1,25,26
4017,2011-06-21,3,0,6,6,0,2,1,2,0.6,0.5455,0.88,0.1343,8,107,115
4041,2011-06-22,3,0,6,6,0,3,1,1,0.66,0.6061,0.83,0,12,110,122
4065,2011-06-23,3,0,6,6,0,4,1,1,0.72,0.697,0.74,0.1642,8,92,100
4089,2011-06-24,3,0,6,6,0,5,1,1,0.66,0.6061,0.83,0.1343,4,87,91
4113,2011-06-25,3,0,6,6,0,6,0,1,0.64,0.6212,0.57,0.2239,12,17,29
4137,2011-06-26,3,0,6,6,0,0,0,1,0.6,0.6061,0.64,0,7,13,20
4161,2011-06-27,3,0,6,6,0,1,1,2,0.62,0.5909,0.78,0.1642,4,90,94
4185,2011-06-28,3,0,6,6,0,2,1,1,0.66,0.6061,0.83,0.1642,7,117,124
4209,2011-06-29,3,0,6,6,0,3,1,1,0.66,0.6212,0.69,0.2985,12,104,116
4233,2011-06-30,3,0,6,6,0,4,1,1,0.6,0.6061,0.64,0.2537,4,119,123
4257,2011-07-01,3,0,7,6,0,5,1,1,0.62,0.6061,0.61,0.1343,11,97,108
4281,2011-07-02,3,0,7,6,0,6,0,1,0.62,0.6061,0.69,0.1045,11,21,32
4305,2011-07-03,3,0,7,6,0,0,0,2,0.62,0.5455,0.94,0.0896,0,3,3
4329,2011-07-04,3,0,7,6,1,1,0,1,0.64,0.5758,0.89,0.1642,5,11,16
4353,2011-07-05,3,0,7,6,0,2,1,1,0.66,0.6212,0.74,0.0896,3,91,94
4377,2011-07-06,3,0,7,6,0,3,1,1,0.7,0.6667,0.79,0.0896,9,112,121
4401,2011-07-07,3,0,7,6,0,4,1,2,0.64,0.5758,0.89,0.1343,11,107,118
4425,2011-07-08,3,0,7,6,0,5,1,1,0.7,0.6667,0.74,0.1045,11,91,102
4449,2011-07-09,3,0,7,6,0,6,0,2,0.64,0.5758,0.83,0.194,11,27,38
4473,2011-07-10,3,0,7,6,0,0,0,1,0.64,0.5909,0.78,0.0896,8,17,25
4497,2011-07-11,3,0,7,6,0,1,1,1,0.68,0.6364,0.74,0.194,19,102,121
4521,2011-07-12,3,0,7,6,0,2,1,1,0.74,0.6818,0.58,0.2239,13,102,115
4545,2011-07-13,3,0,7,6,0,3,1,1,0.74,0.6818,0.58,0.1642,18,103,121
4569,2011-07-14,3,0,7,6,0,4,1,1,0.6,0.6061,0.6,0.2239,14,116,130
4593,2011-07-15,3,0,7,6,0,5,1,2,0.6,0.5909,0.73,0.1045,12,108,120
4617,2011-07-16,3,0,7,6,0,6,0,1,0.6,0.5758,0.78,0.1642,16,21,37
4641,2011-07-17,3,0,7,6,0,0,0,1,0.62,0.5909,0.73,0.1642,10,11,21
4665,2011-07-18,3,0,7,6,0,1,1,1,0.64,0.5758,0.83,0.1045,10,95,105
4689,2011-07-19,3,0,7,6,0,2,1,2,0.72,0.697,0.74,0.1045,8,126,134
4713,2011-07-20,3,0,7,6,0,3,1,2,0.68,0.6364,0.89,0.1045,5,111,116
4737,2011-07-21,3,0,7,6,0,4,1,2,0.72,0.7121,0.84,0.1045,6,111,117
4761,2011-07-22,3,0,7,6,0,5,1,1,0.76,0.7424,0.75,0.0896,13,83,96
4785,2011-07-23,3,0,7,6,0,6,0,1,0.8,0.7424,0.52,0.1343,6,19,25
4809,2011-07-24,3,0,7,6,0,0,0,2,0.8,0.7879,0.63,0.0896,9,13,22
4833,2011-07-25,3,0,7,6,0,1,1,2,0.72,0.7121,0.84,0.0896,7,100,107
4857,2011-07-26,3,0,7,6,0,2,1,1,0.68,0.6364,0.83,0.2239,2,108,110
4881,2011-07-27,3,0,7,6,0,3,1,1,0.7,0.6515,0.54,0.2239,4,119,123
4905,2011-07-28,3,0,7,6,0,4,1,1,0.7,0.6515,0.7,0.0896,6,110,116
4929,2011-07-29,3,0,7,6,0,5,1,2,0.72,0.7121,0.84,0,7,83,90
4953,2011-07-30,3,0,7,6,0,6,0,1,0.72,0.6818,0.7,0.2985,6,18,24
4977,2011-07-31,3,0,7,6,0,0,0,1,0.74,0.697,0.7,0,5,8,13
5001,2011-08-01,3,0,8,6,0,1,1,1,0.66,0.6061,0.83,0.0896,3,97,100
5025,2011-08-02,3,0,8,6,0,2,1,1,0.68,0.6364,0.69,0.1045,12,105,117
5049,2011-08-03,3,0,8,6,0,3,1,3,0.72,0.6818,0.66,0.4925,9,101,110
5073,2011-08-04,3,0,8,6,0,4,1,2,0.68,0.6364,0.89,0.2985,7,90,97
5097,2011-08-05,3,0,8,6,0,5,1,1,0.64,0.5909,0.78,0.1343,7,94,101
5121,2011-08-06,3,0,8,6,0,6,0,1,0.64,0.5758,0.89,0.1045,5,22,27
5145,2011-08-07,3,0,8,6,0,0,0,1,0.7,0.6667,0.89,0.1642,3,10,13
5169,2011-08-08,3,0,8,6,0,1,1,1,0.7,0.6515,0.65,0.2836,8,87,95
5193,2011-08-09,3,0,8,6,0,2,1,1,0.72,0.6667,0.64,0,6,95,101
5217,2011-08-10,3,0,8,6,0,3,1,1,0.68,0.6364,0.61,0,9,110,119
5241,2011-08-11,3,0,8,6,0,4,1,1,0.62,0.6061,0.65,0.1642,5,101,106
5265,2011-08-12,3,0,8,6,0,5,1,1,0.62,0.6212,0.5,0.1343,3,73,76
5289,2011-08-13,3,0,8,6,0,6,0,1,0.64,0.6061,0.73,0.0896,3,19,22
5313,2011-08-14,3,0,8,6,0,0,0,2,0.64,0.5606,0.94,0.1045,2,4,6
5337,2011-08-15,3,0,8,6,0,1,1,1,0.6,0.5455,0.88,0.2537,3,87,90
5361,2011-08-16,3,0,8,6,0,2,1,1,0.62,0.5909,0.73,0.3284,4,115,119
5385,2011-08-17,3,0,8,6,0,3,1,1,0.62,0.5909,0.78,0,4,101,105
5409,2011-08-18,3,0,8,6,0,4,1,2,0.64,0.5909,0.78,0.2537,6,97,103
5433,2011-08-19,3,0,8,6,0,5,1,1,0.64,0.5758,0.83,0,2,91,93
5457,2011-08-20,3,0,8,6,0,6,0,2,0.6,0.5606,0.83,0.1343,6,18,24
5481,2011-08-21,3,0,8,6,0,0,0,1,0.66,0.5909,0.89,0.2836,4,10,14
5505,2011-08-22,3,0,8,6,0,1,1,1,0.66,0.6212,0.61,0.2985,6,106,112
5529,2011-08-23,3,0,8,6,0,2,1,1,0.54,0.5152,0.6,0.194,3,111,114
5553,2011-08-24,3,0,8,6,0,3,1,1,0.56,0.5303,0.73,0,3,105,108
5577,2011-08-25,3,0,8,6,0,4,1,1,0.66,0.6061,0.83,0.3284,1,101,102
5601,2011-08-26,3,0,8,6,0,5,1,1,0.62,0.5606,0.88,0,5,100,105
5625,2011-08-27,3,0,8,6,0,6,0,2,0.7,0.6667,0.84,0.2985,3,15,18
5660,2011-08-29,3,0,8,6,0,1,1,1,0.56,0.5303,0.73,0.1343,3,99,102
5684,2011-08-30,3,0,8,6,0,2,1,1,0.54,0.5152,0.73,0.1045,4,115,119
5708,2011-08-31,3,0,8,6,0,3,1,1,0.54,0.5152,0.77,0,4,107,111
5732,2011-09-01,3,0,9,6,0,4,1,1,0.6,0.5758,0.78,0,2,103,105
5756,2011-09-02,3,0,9,6,0,5,1,1,0.6,0.5606,0.83,0.1343,3,73,76
5780,2011-09-03,3,0,9,6,0,6,0,1,0.62,0.5909,0.73,0.1642,4,19,23
5804,2011-09-04,3,0,9,6,0,0,0,1,0.64,0.5758,0.84,0.2239,0,3,3
5828,2011-09-05,3,0,9,6,1,1,0,2,0.66,0.6212,0.74,0.1343,6,5,11
5851,2011-09-06,3,0,9,6,0,2,1,2,0.54,0.5152,0.88,0.3284,0,72,72
5875,2011-09-07,3,0,9,6,0,3,1,3,0.6,0.5455,0.88,0.1045,1,74,75
5898,2011-09-08,3,0,9,6,0,4,1,3,0.62,0.5455,0.94,0.1642,1,55,56
5922,2011-09-09,3,0,9,6,0,5,1,2,0.62,0.5152,1,0.1343,3,54,57
5946,2011-09-10,3,0,9,6,0,6,0,1,0.58,0.5455,0.94,0.1642,0,6,6
5970,2011-09-11,3,0,9,6,0,0,0,1,0.58,0.5455,0.88,0.1045,4,16,20
5993,2011-09-12,3,0,9,6,0,1,1,1,0.56,0.5303,0.83,0,1,108,109
6017,2011-09-13,3,0,9,6,0,2,1,1,0.56,0.5303,0.88,0.1045,6,116,122
6041,2011-09-14,3,0,9,6,0,3,1,1,0.58,0.5455,0.88,0.1045,7,138,145
6065,2011-09-15,3,0,9,6,0,4,1,2,0.6,0.5606,0.83,0.2537,5,119,124
6089,2011-09-16,3,0,9,6,0,5,1,1,0.38,0.3939,0.71,0.2239,6,87,93
6113,2011-09-17,3,0,9,6,0,6,0,2,0.46,0.4545,0.72,0.2239,5,17,22
6137,2011-09-18,3,0,9,6,0,0,0,1,0.44,0.4394,0.77,0.2537,2,10,12
6161,2011-09-19,3,0,9,6,0,1,1,1,0.5,0.4848,0.77,0.2239,6,107,113
6185,2011-09-20,3,0,9,6,0,2,1,2,0.54,0.5152,0.88,0.194,3,111,114
6209,2011-09-21,3,0,9,6,0,3,1,2,0.54,0.5152,1,0.194,5,112,117
6233,2011-09-22,3,0,9,6,0,4,1,2,0.6,0.5,1,0.1343,7,94,101
6257,2011-09-23,4,0,9,6,0,5,1,2,0.62,0.5455,0.94,0.0896,5,99,104
6281,2011-09-24,4,0,9,6,0,6,0,2,0.56,0.5303,0.94,0.1045,6,12,18
6305,2011-09-25,4,0,9,6,0,0,0,2,0.6,0.5455,0.88,0.1045,4,13,17
6329,2011-09-26,4,0,9,6,0,1,1,2,0.62,0.5455,0.94,0.0896,6,107,113
6353,2011-09-27,4,0,9,6,0,2,1,2,0.62,0.5455,0.94,0.1045,8,116,124
6377,2011-09-28,4,0,9,6,0,3,1,3,0.6,0.5152,0.94,0.1642,3,111,114
6401,2011-09-29,4,0,9,6,0,4,1,2,0.6,0.5455,0.88,0.0896,5,106,111
6425,2011-09-30,4,0,9,6,0,5,1,1,0.52,0.5,0.83,0.2239,0,98,98
6449,2011-10-01,4,0,10,6,0,6,0,1,0.42,0.4242,0.67,0.3284,4,15,19
6473,2011-10-02,4,0,10,6,0,0,0,1,0.32,0.3182,0.81,0.1642,2,13,15
6497,2011-10-03,4,0,10,6,0,1,1,2,0.36,0.3788,0.71,0,3,91,94
6521,2011-10-04,4,0,10,6,0,2,1,1,0.4,0.4091,0.82,0.1045,3,109,112
6545,2011-10-05,4,0,10,6,0,3,1,1,0.44,0.4394,0.82,0.1045,5,112,117
6569,2011-10-06,4,0,10,6,0,4,1,1,0.4,0.4091,0.66,0.194,4,110,114
6593,2011-10-07,4,0,10,6,0,5,1,1,0.42,0.4242,0.88,0,3,84,87
6617,2011-10-08,4,0,10,6,0,6,0,1,0.42,0.4242,0.94,0,6,16,22
6641,2011-10-09,4,0,10,6,0,0,0,1,0.44,0.4394,0.88,0,7,14,21
6665,2011-10-10,4,0,10,6,1,1,0,1,0.44,0.4394,0.94,0,5,39,44
6689,2011-10-11,4,0,10,6,0,2,1,1,0.52,0.5,0.83,0.0896,9,114,123
6713,2011-10-12,4,0,10,6,0,3,1,2,0.54,0.5152,0.88,0.2537,5,107,112
6737,2011-10-13,4,0,10,6,0,4,1,3,0.54,0.5152,1,0.0896,1,51,52
6761,2011-10-14,4,0,10,6,0,5,1,3,0.56,0.5303,0.88,0.194,4,90,94
6785,2011-10-15,4,0,10,6,0,6,0,1,0.4,0.4091,0.71,0,5,15,20
6809,2011-10-16,4,0,10,6,0,0,0,1,0.38,0.3939,0.66,0.1642,3,7,10
6833,2011-10-17,4,0,10,6,0,1,1,1,0.5,0.4848,0.55,0.2537,7,107,114
6857,2011-10-18,4,0,10,6,0,2,1,1,0.46,0.4545,0.82,0.0896,4,105,109
6880,2011-10-19,4,0,10,6,0,3,1,3,0.52,0.5,0.83,0.2537,3,28,31
6904,2011-10-20,4,0,10,6,0,4,1,1,0.44,0.4394,0.82,0.4179,5,87,92
6928,2011-10-21,4,0,10,6,0,5,1,1,0.36,0.3485,0.71,0.1642,7,78,85
6952,2011-10-22,4,0,10,6,0,6,0,1,0.36,0.3788,0.71,0,1,17,18
6976,2011-10-23,4,0,10,6,0,0,0,1,0.32,0.3333,0.87,0.1045,0,12,12
7000,2011-10-24,4,0,10,6,0,1,1,1,0.4,0.4091,0.87,0.1045,3,83,86
7024,2011-10-25,4,0,10,6,0,2,1,1,0.38,0.3939,0.82,0.1045,3,95,98
7048,2011-10-26,4,0,10,6,0,3,1,1,0.42,0.4242,0.71,0.2239,0,92,92
7072,2011-10-27,4,0,10,6,0,4,1,3,0.5,0.4848,0.82,0,4,42,46
7096,2011-10-28,4,0,10,6,0,5,1,1,0.28,0.2727,0.65,0.2537,1,74,75
7120,2011-10-29,4,0,10,6,0,6,0,3,0.26,0.2273,0.87,0.3582,4,1,5
7144,2011-10-30,4,0,10,6,0,0,0,1,0.24,0.2273,0.75,0.2537,2,8,10
7168,2011-10-31,4,0,10,6,0,1,1,1,0.24,0.2879,0.87,0,4,82,86
7192,2011-11-01,4,0,11,6,0,2,1,1,0.32,0.3182,0.81,0.194,3,90,93
7216,2011-11-02,4,0,11,6,0,3,1,1,0.3,0.3333,0.81,0,1,91,92
7240,2011-11-03,4,0,11,6,0,4,1,1,0.34,0.3333,0.76,0.194,3,96,99
7264,2011-11-04,4,0,11,6,0,5,1,2,0.38,0.3939,0.87,0.0896,2,64,66
7288,2011-11-05,4,0,11,6,0,6,0,1,0.26,0.2424,0.6,0.2537,3,20,23
7312,2011-11-06,4,0,11,6,0,0,0,1,0.26,0.2879,0.81,0.0896,5,11,16
7336,2011-11-07,4,0,11,6,0,1,1,2,0.28,0.3182,0.93,0,2,97,99
7360,2011-11-08,4,0,11,6,0,2,1,1,0.3,0.3333,0.87,0,3,96,99
7384,2011-11-09,4,0,11,6,0,3,1,1,0.3,0.3333,0.87,0,0,98,98
7408,2011-11-10,4,0,11,6,0,4,1,2,0.36,0.3485,1,0.1343,4,110,114
7432,2011-11-11,4,0,11,6,1,5,0,1,0.28,0.2576,0.45,0.3284,0,46,46
7456,2011-11-12,4,0,11,6,0,6,0,1,0.22,0.2273,0.75,0.1642,0,7,7
7480,2011-11-13,4,0,11,6,0,0,0,1,0.34,0.3333,0.66,0.1343,5,18,23
7504,2011-11-14,4,0,11,6,0,1,1,2,0.44,0.4394,0.72,0.2239,10,104,114
7528,2011-11-15,4,0,11,6,0,2,1,2,0.56,0.5303,0.64,0.0896,4,104,108
7552,2011-11-16,4,0,11,6,0,3,1,2,0.46,0.4545,0.94,0.0896,4,52,56
7576,2011-11-17,4,0,11,6,0,4,1,3,0.36,0.3485,0.57,0.2239,3,72,75
7600,2011-11-18,4,0,11,6,0,5,1,1,0.22,0.2576,0.44,0.0896,1,70,71
7624,2011-11-19,4,0,11,6,0,6,0,1,0.24,0.2121,0.6,0.3284,2,10,12
7648,2011-11-20,4,0,11,6,0,0,0,2,0.42,0.4242,0.67,0.2537,3,6,9
7672,2011-11-21,4,0,11,6,0,1,1,2,0.42,0.4242,1,0,0,76,76
7696,2011-11-22,4,0,11,6,0,2,1,2,0.38,0.3939,0.94,0.1045,1,63,64
7720,2011-11-23,4,0,11,6,0,3,1,2,0.44,0.4394,1,0,1,68,69
7744,2011-11-24,4,0,11,6,1,4,0,1,0.3,0.3182,0.61,0.0896,1,5,6
7768,2011-11-25,4,0,11,6,0,5,1,1,0.26,0.2727,0.81,0.1045,4,9,13
7792,2011-11-26,4,0,11,6,0,6,0,2,0.3,0.3182,0.75,0.0896,2,8,10
7816,2011-11-27,4,0,11,6,0,0,0,1,0.38,0.3939,0.82,0.1642,0,9,9
7839,2011-11-28,4,0,11,6,0,1,1,1,0.42,0.4242,0.82,0.0896,6,98,104
7863,2011-11-29,4,0,11,6,0,2,1,1,0.52,0.5,0.83,0.2836,1,88,89
7887,2011-11-30,4,0,11,6,0,3,1,1,0.26,0.2727,0.87,0.1045,3,100,103
7911,2011-12-01,4,0,12,6,0,4,1,1,0.24,0.2121,0.65,0.2836,5,92,97
7935,2011-12-02,4,0,12,6,0,5,1,1,0.22,0.2727,0.8,0,3,84,87
7959,2011-12-03,4,0,12,6,0,6,0,1,0.24,0.2576,0.65,0.1045,1,10,11
7983,2011-12-04,4,0,12,6,0,0,0,1,0.24,0.2879,0.93,0,1,3,4
8007,2011-12-05,4,0,12,6,0,1,1,1,0.3,0.3182,0.93,0.0896,1,89,90
8031,2011-12-06,4,0,12,6,0,2,1,2,0.44,0.4394,0.94,0.2836,5,81,86
8055,2011-12-07,4,0,12,6,0,3,1,3,0.48,0.4697,1,0.4179,0,18,18
8079,2011-12-08,4,0,12,6,0,4,1,1,0.22,0.2121,0.55,0.2836,0,71,71
8103,2011-12-09,4,0,12,6,0,5,1,1,0.22,0.2576,0.8,0.0896,1,62,63
8127,2011-12-10,4,0,12,6,0,6,0,1,0.24,0.2576,0.65,0.1045,1,10,11
8151,2011-12-11,4,0,12,6,0,0,0,1,0.16,0.2273,0.59,0,0,10,10
8175,2011-12-12,4,0,12,6,0,1,1,1,0.16,0.1818,0.8,0.1045,1,63,64
8199,2011-12-13,4,0,12,6,0,2,1,1,0.2,0.2576,0.8,0,0,92,92
8223,2011-12-14,4,0,12,6,0,3,1,2,0.26,0.303,0.87,0,0,87,87
8247,2011-12-15,4,0,12,6,0,4,1,1,0.32,0.3182,0.66,0.194,2,90,92
8271,2011-12-16,4,0,12,6,0,5,1,2,0.44,0.4394,0.33,0.2985,2,80,82
8295,2011-12-17,4,0,12,6,0,6,0,2,0.26,0.2424,0.56,0.2836,0,17,17
8319,2011-12-18,4,0,12,6,0,0,0,1,0.2,0.2121,0.59,0.1343,0,3,3
8343,2011-12-19,4,0,12,6,0,1,1,1,0.16,0.1818,0.86,0.1045,0,68,68
8367,2011-12-20,4,0,12,6,0,2,1,2,0.36,0.3788,0.57,0,1,71,72
8391,2011-12-21,1,0,12,6,0,3,1,2,0.36,0.3788,0.87,0,1,75,76
8415,2011-12-22,1,0,12,6,0,4,1,1,0.36,0.3788,0.87,0,1,63,64
8439,2011-12-23,1,0,12,6,0,5,1,1,0.38,0.3939,0.82,0.2537,0,40,40
8463,2011-12-24,1,0,12,6,0,6,0,2,0.3,0.303,0.75,0.1642,0,10,10
8486,2011-12-25,1,0,12,6,0,0,0,1,0.2,0.2273,0.75,0.1045,0,1,1
8509,2011-12-26,1,0,12,6,1,1,0,1,0.32,0.303,0.45,0.2836,0,4,4
8533,2011-12-27,1,0,12,6,0,2,1,2,0.3,0.2727,0.61,0.2985,0,35,35
8556,2011-12-28,1,0,12,6,0,3,1,1,0.32,0.303,0.57,0.2537,1,42,43
8580,2011-12-29,1,0,12,6,0,4,1,1,0.2,0.2576,0.59,0,2,39,41
8604,2011-12-30,1,0,12,6,0,5,1,1,0.24,0.2576,0.7,0.0896,1,31,32
8628,2011-12-31,1,0,12,6,0,6,0,2,0.4,0.4091,0.71,0.0896,1,5,6
8652,2012-01-01,1,1,1,6,0,0,0,1,0.26,0.2727,0.93,0.1343,1,1,2
8675,2012-01-02,1,1,1,6,1,1,0,1,0.26,0.2273,0.41,0.3881,0,14,14
8699,2012-01-03,1,1,1,6,0,2,1,1,0.14,0.1212,0.59,0.2836,4,81,85
8723,2012-01-04,1,1,1,6,0,3,1,1,0.02,0.0455,0.41,0.1642,0,59,59
8747,2012-01-05,1,1,1,6,0,4,1,2,0.2,0.2121,0.75,0.1343,0,78,78
8771,2012-01-06,1,1,1,6,0,5,1,2,0.22,0.2424,0.73,0.1045,1,69,70
8795,2012-01-07,1,1,1,6,0,6,0,1,0.26,0.2727,0.75,0.1045,0,7,7
8819,2012-01-08,1,1,1,6,0,0,0,2,0.3,0.3333,0.52,0,0,2,2
8843,2012-01-09,1,1,1,6,0,1,1,2,0.22,0.2273,0.6,0.1343,3,85,88
8866,2012-01-10,1,1,1,6,0,2,1,2,0.18,0.1818,0.93,0.194,0,79,79
8890,2012-01-11,1,1,1,6,0,3,1,1,0.2,0.2121,0.86,0.1343,2,72,74
8914,2012-01-12,1,1,1,6,0,4,1,3,0.36,0.3485,0.93,0.1343,1,88,89
8938,2012-01-13,1,1,1,6,0,5,1,2,0.26,0.2576,0.75,0.2239,2,71,73
8962,2012-01-14,1,1,1,6,0,6,0,1,0.14,0.1515,0.5,0,0,5,5
8986,2012-01-15,1,1,1,6,0,0,0,2,0.14,0.1212,0.5,0.2836,1,7,8
9010,2012-01-16,1,1,1,6,1,1,0,1,0.1,0.1364,0.54,0.0896,0,13,13
9033,2012-01-17,1,1,1,6,0,2,1,3,0.3,0.2879,0.75,0.2537,0,57,57
9057,2012-01-18,1,1,1,6,0,3,1,1,0.34,0.2879,0.36,0.5224,0,88,88
9081,2012-01-19,1,1,1,6,0,4,1,1,0.12,0.1364,0.54,0.1642,0,86,86
9105,2012-01-20,1,1,1,6,0,5,1,1,0.24,0.2121,0.6,0.2836,0,68,68
9129,2012-01-21,1,1,1,6,0,6,0,3,0.16,0.1667,0.93,0.1642,0,1,1
9153,2012-01-22,1,1,1,6,0,0,0,2,0.16,0.1515,0.74,0.2239,0,4,4
9177,2012-01-23,1,1,1,6,0,1,1,2,0.2,0.2576,0.86,0,6,36,42
9201,2012-01-24,1,1,1,6,0,2,1,2,0.32,0.3182,0.93,0.194,1,88,89
9225,2012-01-25,1,1,1,6,0,3,1,1,0.24,0.2273,0.73,0.2239,1,87,88
9249,2012-01-26,1,1,1,6,0,4,1,2,0.28,0.3182,0.81,0,0,88,88
9273,2012-01-27,1,1,1,6,0,5,1,2,0.42,0.4242,1,0.3284,0,72,72
9297,2012-01-28,1,1,1,6,0,6,0,1,0.24,0.2879,0.7,0,3,12,15
9321,2012-01-29,1,1,1,6,0,0,0,1,0.2,0.2273,0.4,0.1045,1,4,5
9345,2012-01-30,1,1,1,6,0,1,1,1,0.22,0.2121,0.44,0.2537,0,80,80
9369,2012-01-31,1,1,1,6,0,2,1,1,0.28,0.2727,0.52,0.1642,0,104,104
9393,2012-02-01,1,1,2,6,0,3,1,3,0.4,0.4091,0.54,0.1642,0,67,67
9417,2012-02-02,1,1,2,6,0,4,1,3,0.36,0.3788,0.9,0,1,73,74
9441,2012-02-03,1,1,2,6,0,5,1,1,0.24,0.2424,0.65,0.1642,0,88,88
9465,2012-02-04,1,1,2,6,0,6,0,1,0.22,0.2273,0.87,0.1343,1,4,5
9489,2012-02-05,1,1,2,6,0,0,0,2,0.26,0.2424,0.7,0.2537,0,4,4
9512,2012-02-06,1,1,2,6,0,1,1,1,0.16,0.1818,0.86,0.1045,0,72,72
9536,2012-02-07,1,1,2,6,0,2,1,1,0.32,0.303,0.45,0.2985,2,98,100
9560,2012-02-08,1,1,2,6,0,3,1,2,0.24,0.2879,0.7,0,3,95,98
9584,2012-02-09,1,1,2,6,0,4,1,1,0.2,0.1818,0.75,0.2836,1,75,76
9608,2012-02-10,1,1,2,6,0,5,1,1,0.2,0.197,0.59,0.194,3,61,64
9632,2012-02-11,1,1,2,6,0,6,0,3,0.22,0.2273,0.93,0.1343,1,8,9
9656,2012-02-12,1,1,2,6,0,0,0,1,0.1,0.0758,0.49,0.3881,0,2,2
9680,2012-02-13,1,1,2,6,0,1,1,1,0.1,0.1061,0.54,0.2239,1,71,72
9704,2012-02-14,1,1,2,6,0,2,1,2,0.26,0.303,0.56,0,1,89,90
9728,2012-02-15,1,1,2,6,0,3,1,1,0.3,0.303,0.61,0.1343,3,92,95
9752,2012-02-16,1,1,2,6,0,4,1,2,0.3,0.3182,0.7,0.0896,4,83,87
9776,2012-02-17,1,1,2,6,0,5,1,2,0.28,0.2879,0.96,0.1343,1,70,71
9800,2012-02-18,1,1,2,6,0,6,0,1,0.24,0.2879,0.7,0,1,8,9
9824,2012-02-19,1,1,2,6,0,0,0,1,0.24,0.2121,0.52,0.3284,0,5,5
9847,2012-02-20,1,1,2,6,1,1,0,1,0.24,0.197,0.52,0.4179,1,9,10
9870,2012-02-21,1,1,2,6,0,2,1,1,0.2,0.2576,0.75,0,3,83,86
9894,2012-02-22,1,1,2,6,0,3,1,1,0.32,0.3182,0.76,0.1642,5,85,90
9918,2012-02-23,1,1,2,6,0,4,1,1,0.36,0.3485,0.87,0.194,3,88,91
9942,2012-02-24,1,1,2,6,0,5,1,2,0.4,0.4091,0.87,0.1642,2,80,82
9966,2012-02-25,1,1,2,6,0,6,0,2,0.3,0.2727,0.42,0.2985,1,12,13
9990,2012-02-26,1,1,2,6,0,0,0,1,0.22,0.197,0.44,0.3284,0,2,2
10014,2012-02-27,1,1,2,6,0,1,1,1,0.24,0.2273,0.7,0.2537,1,89,90
10038,2012-02-28,1,1,2,6,0,2,1,1,0.3,0.2727,0.45,0.3284,1,100,101
10061,2012-02-29,1,1,2,6,0,3,1,2,0.28,0.303,0.75,0.0896,4,100,104
10085,2012-03-01,1,1,3,6,0,4,1,2,0.42,0.4242,0.94,0,2,107,109
10109,2012-03-02,1,1,3,6,0,5,1,1,0.3,0.3333,0.7,0,4,88,92
10133,2012-03-03,1,1,3,6,0,6,0,2,0.36,0.3636,0.93,0.0896,1,6,7
10157,2012-03-04,1,1,3,6,0,0,0,2,0.3,0.2727,0.52,0.2985,0,5,5
10181,2012-03-05,1,1,3,6,0,1,1,1,0.18,0.197,0.59,0.1343,2,89,91
10205,2012-03-06,1,1,3,6,0,2,1,1,0.18,0.2121,0.51,0.1045,3,99,102
10229,2012-03-07,1,1,3,6,0,3,1,1,0.28,0.2576,0.61,0.3881,4,104,108
10253,2012-03-08,1,1,3,6,0,4,1,1,0.42,0.4242,0.77,0.2537,4,105,109
10277,2012-03-09,1,1,3,6,0,5,1,2,0.4,0.4091,0.5,0.3582,2,83,85
10301,2012-03-10,1,1,3,6,0,6,0,1,0.22,0.2121,0.44,0.2836,1,11,12
10324,2012-03-11,1,1,3,6,0,0,0,1,0.24,0.2424,0.7,0.1642,2,8,10
10348,2012-03-12,1,1,3,6,0,1,1,1,0.34,0.3485,0.57,0.1045,2,86,88
10372,2012-03-13,1,1,3,6,0,2,1,3,0.46,0.4545,0.82,0.194,5,108,113
10396,2012-03-14,1,1,3,6,0,3,1,1,0.44,0.4394,0.82,0.0896,1,120,121
10420,2012-03-15,1,1,3,6,0,4,1,1,0.44,0.4394,0.72,0.0896,4,113,117
10444,2012-03-16,1,1,3,6,0,5,1,2,0.4,0.4091,0.87,0.1642,3,96,99
10468,2012-03-17,1,1,3,6,0,6,0,2,0.42,0.4242,0.94,0.194,1,29,30
10492,2012-03-18,1,1,3,6,0,0,0,2,0.4,0.4091,0.94,0.1045,2,9,11
10516,2012-03-19,1,1,3,6,0,1,1,1,0.46,0.4545,0.88,0.1343,2,118,120
10540,2012-03-20,1,1,3,6,0,2,1,2,0.52,0.5,0.94,0.1642,6,94,100
10564,2012-03-21,2,1,3,6,0,3,1,2,0.48,0.4697,0.94,0.2239,10,139,149
10588,2012-03-22,2,1,3,6,0,4,1,2,0.48,0.4697,1,0.0896,10,126,136
10612,2012-03-23,2,1,3,6,0,5,1,2,0.5,0.4848,0.88,0,6,110,116
10636,2012-03-24,2,1,3,6,0,6,0,2,0.52,0.5,0.83,0.1642,4,24,28
10660,2012-03-25,2,1,3,6,0,0,0,2,0.4,0.4091,1,0.2537,5,13,18
10684,2012-03-26,2,1,3,6,0,1,1,1,0.42,0.4242,0.82,0.194,7,110,117
10708,2012-03-27,2,1,3,6,0,2,1,1,0.22,0.2273,0.37,0.194,5,96,101
10732,2012-03-28,2,1,3,6,0,3,1,1,0.36,0.3333,0.46,0.3582,4,111,115
10756,2012-03-29,2,1,3,6,0,4,1,1,0.46,0.4545,0.59,0.2537,3,114,117
10780,2012-03-30,2,1,3,6,0,5,1,1,0.32,0.3333,0.57,0.1343,5,81,86
10804,2012-03-31,2,1,3,6,0,6,0,2,0.36,0.3485,0.87,0.1642,7,16,23
10828,2012-04-01,2,1,4,6,0,0,0,2,0.36,0.3485,0.76,0.1343,9,88,97
10851,2012-04-02,2,1,4,6,0,1,1,1,0.36,0.3182,0.71,0.4627,6,104,110
10875,2012-04-03,2,1,4,6,0,2,1,1,0.3,0.3182,0.61,0.0896,2,98,100
10899,2012-04-04,2,1,4,6,0,3,1,2,0.42,0.4242,0.58,0,6,120,126
10923,2012-04-05,2,1,4,6,0,4,1,1,0.36,0.3333,0.46,0.3284,8,118,126
10947,2012-04-06,2,1,4,6,0,5,1,1,0.3,0.2727,0.49,0.3881,0,80,80
10971,2012-04-07,2,1,4,6,0,6,0,1,0.32,0.3182,0.36,0.194,1,18,19
10995,2012-04-08,2,1,4,6,0,0,0,1,0.36,0.3788,0.37,0,7,21,28
11019,2012-04-09,2,1,4,6,0,1,1,1,0.42,0.4242,0.26,0.2239,3,108,111
11043,2012-04-10,2,1,4,6,0,2,1,1,0.34,0.3485,0.71,0.1045,3,100,103
11066,2012-04-11,2,1,4,6,0,3,1,1,0.28,0.2879,0.56,0.1045,3,103,106
11090,2012-04-12,2,1,4,6,0,4,1,1,0.3,0.2879,0.65,0.2537,2,94,96
11114,2012-04-13,2,1,4,6,0,5,1,1,0.32,0.3182,0.57,0.1642,0,84,84
11138,2012-04-14,2,1,4,6,0,6,0,1,0.34,0.3333,0.76,0.1642,2,19,21
11162,2012-04-15,2,1,4,6,0,0,0,1,0.5,0.4848,0.63,0.1343,5,11,16
11186,2012-04-16,2,1,4,6,1,1,0,1,0.52,0.5,0.83,0.1642,10,123,133
11210,2012-04-17,2,1,4,6,0,2,1,1,0.6,0.6212,0.46,0.2537,8,136,144
11234,2012-04-18,2,1,4,6,0,3,1,2,0.5,0.4848,0.39,0.2836,6,128,134
11258,2012-04-19,2,1,4,6,0,4,1,2,0.4,0.4091,0.82,0.1045,4,116,120
11282,2012-04-20,2,1,4,6,0,5,1,1,0.42,0.4242,0.88,0,8,105,113
11306,2012-04-21,2,1,4,6,0,6,0,1,0.5,0.4848,0.82,0.2239,10,21,31
11330,2012-04-22,2,1,4,6,0,0,0,2,0.44,0.4394,0.72,0.3284,6,6,12
11354,2012-04-23,2,1,4,6,0,1,1,2,0.3,0.2727,0.81,0.2985,2,43,45
11378,2012-04-24,2,1,4,6,0,2,1,1,0.3,0.2879,0.7,0.2239,3,117,120
11402,2012-04-25,2,1,4,6,0,3,1,1,0.34,0.3636,0.66,0,3,103,106
11426,2012-04-26,2,1,4,6,0,4,1,2,0.48,0.4697,0.63,0.2537,5,122,127
11450,2012-04-27,2,1,4,6,0,5,1,1,0.4,0.4091,0.43,0.2537,5,115,120
11474,2012-04-28,2,1,4,6,0,6,0,1,0.34,0.3333,0.49,0.194,10,18,28
11498,2012-04-29,2,1,4,6,0,0,0,1,0.34,0.3333,0.87,0.1343,1,6,7
11522,2012-04-30,2,1,4,6,0,1,1,1,0.4,0.4091,0.47,0.194,2,121,123
11546,2012-05-01,2,1,5,6,0,2,1,3,0.52,0.5,0.77,0.1045,2,24,26
11570,2012-05-02,2,1,5,6,0,3,1,3,0.56,0.5303,0.84,0,3,117,120
11594,2012-05-03,2,1,5,6,0,4,1,2,0.46,0.4545,0.88,0.1642,8,128,136
11618,2012-05-04,2,1,5,6,0,5,1,1,0.54,0.5152,0.94,0.1045,8,127,135
11642,2012-05-05,2,1,5,6,0,6,0,2,0.54,0.5152,0.94,0,9,33,42
11666,2012-05-06,2,1,5,6,0,0,0,3,0.52,0.5,0.83,0.2239,3,14,17
11690,2012-05-07,2,1,5,6,0,1,1,1,0.46,0.4545,0.88,0.1045,8,134,142
11714,2012-05-08,2,1,5,6,0,2,1,1,0.5,0.4848,0.77,0.2985,7,158,165
11738,2012-05-09,2,1,5,6,0,3,1,2,0.56,0.5303,0.88,0.1045,5,121,126
11762,2012-05-10,2,1,5,6,0,4,1,1,0.44,0.4394,0.72,0.2239,9,130,139
11786,2012-05-11,2,1,5,6,0,5,1,1,0.42,0.4242,0.5,0.2537,7,128,135
11810,2012-05-12,2,1,5,6,0,6,0,1,0.42,0.4242,0.67,0.0896,10,23,33
11834,2012-05-13,2,1,5,6,0,0,0,1,0.52,0.5,0.68,0.1642,6,15,21
11858,2012-05-14,2,1,5,6,0,1,1,3,0.52,0.5,0.94,0.2985,3,62,65
11882,2012-05-15,2,1,5,6,0,2,1,3,0.56,0.5303,0.94,0.2239,2,22,24
11906,2012-05-16,2,1,5,6,0,3,1,1,0.54,0.5152,0.94,0.0896,8,150,158
11930,2012-05-17,2,1,5,6,0,4,1,1,0.54,0.5152,0.73,0.3582,10,149,159
11954,2012-05-18,2,1,5,6,0,5,1,1,0.44,0.4394,0.77,0.1343,14,168,182
11978,2012-05-19,2,1,5,6,0,6,0,1,0.44,0.4394,0.72,0.0896,12,38,50
12002,2012-05-20,2,1,5,6,0,0,0,1,0.5,0.4848,0.63,0.1343,4,21,25
12026,2012-05-21,2,1,5,6,0,1,1,3,0.56,0.5303,0.88,0.2985,3,76,79
12050,2012-05-22,2,1,5,6,0,2,1,3,0.56,0.5303,0.88,0.1045,8,129,137
12074,2012-05-23,2,1,5,6,0,3,1,1,0.56,0.5303,0.88,0.1045,6,154,160
12098,2012-05-24,2,1,5,6,0,4,1,2,0.6,0.5455,0.88,0.1642,10,146,156
12122,2012-05-25,2,1,5,6,0,5,1,2,0.62,0.5606,0.88,0.1045,5,108,113
12146,2012-05-26,2,1,5,6,0,6,0,1,0.62,0.5606,0.88,0.194,6,25,31
12170,2012-05-27,2,1,5,6,0,0,0,1,0.62,0.5758,0.83,0.1642,8,14,22
12194,2012-05-28,2,1,5,6,1,1,0,1,0.62,0.5909,0.73,0.1642,6,14,20
12218,2012-05-29,2,1,5,6,0,2,1,1,0.66,0.6061,0.78,0.2239,9,145,154
12242,2012-05-30,2,1,5,6,0,3,1,2,0.6,0.5758,0.78,0.1045,5,139,144
12266,2012-05-31,2,1,5,6,0,4,1,1,0.6,0.5909,0.73,0.2239,7,171,178
12290,2012-06-01,2,1,6,6,0,5,1,3,0.62,0.5606,0.88,0.1343,5,136,141
12314,2012-06-02,2,1,6,6,0,6,0,2,0.5,0.4848,0.77,0.194,5,31,36
12338,2012-06-03,2,1,6,6,0,0,0,1,0.46,0.4545,0.82,0.1045,6,16,22
12362,2012-06-04,2,1,6,6,0,1,1,1,0.52,0.5,0.68,0,4,135,139
12386,2012-06-05,2,1,6,6,0,2,1,1,0.48,0.4697,0.82,0.2537,7,177,184
12410,2012-06-06,2,1,6,6,0,3,1,1,0.48,0.4697,0.77,0,7,165,172
12434,2012-06-07,2,1,6,6,0,4,1,1,0.46,0.4545,0.88,0.1045,5,165,170
12458,2012-06-08,2,1,6,6,0,5,1,1,0.52,0.5,0.68,0.0896,8,131,139
12482,2012-06-09,2,1,6,6,0,6,0,1,0.56,0.5303,0.64,0.1045,17,63,80
12506,2012-06-10,2,1,6,6,0,0,0,1,0.62,0.5909,0.73,0,3,27,30
12530,2012-06-11,2,1,6,6,0,1,1,1,0.62,0.5758,0.83,0.1045,8,136,144
12554,2012-06-12,2,1,6,6,0,2,1,2,0.6,0.5455,0.88,0.1343,6,130,136
12578,2012-06-13,2,1,6,6,0,3,1,1,0.6,0.5606,0.83,0.2239,6,188,194
12602,2012-06-14,2,1,6,6,0,4,1,1,0.58,0.5455,0.6,0.2836,12,169,181
12626,2012-06-15,2,1,6,6,0,5,1,1,0.54,0.5152,0.83,0.1343,9,142,151
12650,2012-06-16,2,1,6,6,0,6,0,1,0.54,0.5152,0.68,0.194,11,36,47
12674,2012-06-17,2,1,6,6,0,0,0,1,0.52,0.5,0.72,0.1045,7,16,23
12698,2012-06-18,2,1,6,6,0,1,1,3,0.52,0.5,0.88,0.1343,0,37,37
12722,2012-06-19,2,1,6,6,0,2,1,2,0.6,0.5758,0.78,0.1045,9,152,161
12746,2012-06-20,2,1,6,6,0,3,1,2,0.64,0.5758,0.89,0.0896,9,156,165
12770,2012-06-21,3,1,6,6,0,4,1,2,0.7,0.6667,0.84,0.0896,3,147,150
12794,2012-06-22,3,1,6,6,0,5,1,2,0.74,0.697,0.66,0,4,118,122
12818,2012-06-23,3,1,6,6,0,6,0,1,0.64,0.5758,0.83,0.0896,10,37,47
12842,2012-06-24,3,1,6,6,0,0,0,1,0.64,0.6061,0.65,0.1642,6,19,25
12866,2012-06-25,3,1,6,6,0,1,1,1,0.64,0.5909,0.78,0.1642,11,147,158
12890,2012-06-26,3,1,6,6,0,2,1,1,0.52,0.5,0.52,0.2985,12,176,188
12914,2012-06-27,3,1,6,6,0,3,1,1,0.58,0.5455,0.46,0.2836,7,193,200
12938,2012-06-28,3,1,6,6,0,4,1,1,0.62,0.6212,0.57,0.0896,8,185,193
12962,2012-06-29,3,1,6,6,0,5,1,2,0.7,0.6515,0.61,0.1642,15,148,163
12986,2012-06-30,3,1,6,6,0,6,0,1,0.64,0.5758,0.89,0.1642,6,36,42
13010,2012-07-01,3,1,7,6,0,0,0,1,0.7,0.6667,0.79,0.0896,8,19,27
13034,2012-07-02,3,1,7,6,0,1,1,1,0.7,0.6515,0.58,0.1045,4,132,136
13058,2012-07-03,3,1,7,6,0,2,1,1,0.7,0.6515,0.65,0.1343,5,149,154
13082,2012-07-04,3,1,7,6,1,3,0,1,0.66,0.6212,0.69,0,9,23,32
13106,2012-07-05,3,1,7,6,0,4,1,1,0.72,0.6667,0.58,0,3,130,133
13130,2012-07-06,3,1,7,6,0,5,1,1,0.74,0.697,0.66,0.194,4,127,131
13154,2012-07-07,3,1,7,6,0,6,0,1,0.74,0.7121,0.74,0.1045,4,27,31
13178,2012-07-08,3,1,7,6,0,0,0,1,0.78,0.7727,0.7,0.1343,5,16,21
13202,2012-07-09,3,1,7,6,0,1,1,3,0.64,0.5758,0.89,0.2537,6,86,92
13226,2012-07-10,3,1,7,6,0,2,1,2,0.68,0.6364,0.79,0.1045,4,183,187
13250,2012-07-11,3,1,7,6,0,3,1,1,0.64,0.5758,0.89,0.1343,17,168,185
13274,2012-07-12,3,1,7,6,0,4,1,1,0.64,0.6061,0.73,0.0896,7,171,178
13298,2012-07-13,3,1,7,6,0,5,1,2,0.7,0.6515,0.54,0,7,120,127
13322,2012-07-14,3,1,7,6,0,6,0,2,0.64,0.5909,0.78,0.0896,6,29,35
13346,2012-07-15,3,1,7,6,0,0,0,1,0.68,0.6364,0.83,0.1343,6,9,15
13370,2012-07-16,3,1,7,6,0,1,1,1,0.68,0.6364,0.79,0.1343,8,132,140
13394,2012-07-17,3,1,7,6,0,2,1,1,0.72,0.6818,0.66,0.1045,16,197,213
13418,2012-07-18,3,1,7,6,0,3,1,1,0.72,0.6818,0.7,0.1642,10,152,162
13442,2012-07-19,3,1,7,6,0,4,1,1,0.72,0.6818,0.66,0.1343,8,144,152
13466,2012-07-20,3,1,7,6,0,5,1,2,0.66,0.5909,0.89,0.1642,3,123,126
13490,2012-07-21,3,1,7,6,0,6,0,3,0.58,0.5455,0.88,0.2537,3,12,15
13514,2012-07-22,3,1,7,6,0,0,0,2,0.62,0.5758,0.83,0.0896,5,14,19
13538,2012-07-23,3,1,7,6,0,1,1,2,0.68,0.6364,0.89,0.0896,9,148,157
13562,2012-07-24,3,1,7,6,0,2,1,1,0.66,0.6061,0.83,0.1343,17,173,190
13586,2012-07-25,3,1,7,6,0,3,1,1,0.64,0.6061,0.65,0.194,11,179,190
13610,2012-07-26,3,1,7,6,0,4,1,1,0.66,0.6061,0.78,0.2537,16,165,181
13634,2012-07-27,3,1,7,6,0,5,1,1,0.7,0.6667,0.79,0,10,129,139
13658,2012-07-28,3,1,7,6,0,6,0,1,0.7,0.6515,0.7,0.1045,10,40,50
13682,2012-07-29,3,1,7,6,0,0,0,1,0.64,0.6061,0.73,0.1642,6,12,18
13706,2012-07-30,3,1,7,6,0,1,1,1,0.66,0.6061,0.83,0.1642,6,155,161
13730,2012-07-31,3,1,7,6,0,2,1,1,0.64,0.5758,0.89,0.1642,2,192,194
13754,2012-08-01,3,1,8,6,0,3,1,1,0.64,0.5909,0.78,0.1343,6,179,185
13778,2012-08-02,3,1,8,6,0,4,1,1,0.66,0.6061,0.83,0,6,177,183
13802,2012-08-03,3,1,8,6,0,5,1,1,0.66,0.6061,0.83,0.2239,5,158,163
13826,2012-08-04,3,1,8,6,0,6,0,1,0.7,0.6667,0.84,0.2239,12,37,49
13850,2012-08-05,3,1,8,6,0,0,0,1,0.72,0.697,0.79,0.2537,7,12,19
13874,2012-08-06,3,1,8,6,0,1,1,2,0.7,0.6667,0.79,0.2239,4,137,141
13898,2012-08-07,3,1,8,6,0,2,1,2,0.7,0.6667,0.79,0.194,3,176,179
13922,2012-08-08,3,1,8,6,0,3,1,2,0.7,0.6667,0.84,0.1642,4,169,173
13946,2012-08-09,3,1,8,6,0,4,1,1,0.66,0.6061,0.83,0.1642,5,162,167
13970,2012-08-10,3,1,8,6,0,5,1,3,0.64,0.5758,0.89,0.2985,3,41,44
13994,2012-08-11,3,1,8,6,0,6,0,2,0.62,0.5606,0.88,0.1045,5,18,23
14018,2012-08-12,3,1,8,6,0,0,0,1,0.64,0.6061,0.65,0.1642,2,14,16
14042,2012-08-13,3,1,8,6,0,1,1,1,0.62,0.5909,0.73,0.0896,4,155,159
14066,2012-08-14,3,1,8,6,0,2,1,3,0.64,0.5758,0.83,0.194,1,63,64
14090,2012-08-15,3,1,8,6,0,3,1,1,0.64,0.5909,0.78,0.1045,12,160,172
14114,2012-08-16,3,1,8,6,0,4,1,1,0.6,0.5758,0.78,0.1642,3,162,165
14138,2012-08-17,3,1,8,6,0,5,1,1,0.62,0.2424,0.78,0.1343,6,151,157
14162,2012-08-18,3,1,8,6,0,6,0,1,0.6,0.5606,0.83,0.2239,4,23,27
14186,2012-08-19,3,1,8,6,0,0,0,2,0.62,0.6061,0.69,0.1045,5,15,20
14210,2012-08-20,3,1,8,6,0,1,1,2,0.6,0.5758,0.78,0.1343,6,155,161
14234,2012-08-21,3,1,8,6,0,2,1,1,0.56,0.5303,0.83,0.1045,5,164,169
14258,2012-08-22,3,1,8,6,0,3,1,1,0.62,0.5909,0.73,0,12,175,187
14282,2012-08-23,3,1,8,6,0,4,1,2,0.6,0.5455,0.88,0.0896,14,178,192
14306,2012-08-24,3,1,8,6,0,5,1,2,0.62,0.5758,0.83,0,9,142,151
14330,2012-08-25,3,1,8,6,0,6,0,2,0.64,0.5909,0.78,0.1642,5,25,30
14354,2012-08-26,3,1,8,6,0,0,0,1,0.62,0.5606,0.88,0.2985,5,16,21
14378,2012-08-27,3,1,8,6,0,1,1,1,0.62,0.5606,0.88,0,4,141,145
14402,2012-08-28,3,1,8,6,0,2,1,2,0.66,0.5909,0.89,0.1045,3,144,147
14426,2012-08-29,3,1,8,6,0,3,1,1,0.6,0.5909,0.73,0.194,6,175,181
14450,2012-08-30,3,1,8,6,0,4,1,1,0.6,0.5606,0.83,0.1642,8,155,163
14474,2012-08-31,3,1,8,6,0,5,1,2,0.64,0.5758,0.89,0.1642,7,101,108
14498,2012-09-01,3,1,9,6,0,6,0,1,0.68,0.6364,0.79,0,13,23,36
14522,2012-09-02,3,1,9,6,0,0,0,2,0.66,0.5909,0.89,0,2,13,15
14546,2012-09-03,3,1,9,6,1,1,0,1,0.66,0.5909,0.94,0,3,12,15
14570,2012-09-04,3,1,9,6,0,2,1,2,0.68,0.6364,0.89,0.1045,7,165,172
14594,2012-09-05,3,1,9,6,0,3,1,1,0.7,0.6667,0.79,0.2836,7,203,210
14618,2012-09-06,3,1,9,6,0,4,1,2,0.7,0.6667,0.84,0.0896,11,189,200
14642,2012-09-07,3,1,9,6,0,5,1,1,0.62,0.5606,0.88,0.1045,5,135,140
14666,2012-09-08,3,1,9,6,0,6,0,2,0.66,0.5909,0.89,0.2836,8,26,34
14690,2012-09-09,3,1,9,6,0,0,0,1,0.52,0.5,0.77,0.194,11,24,35
14714,2012-09-10,3,1,9,6,0,1,1,1,0.5,0.4848,0.72,0.1343,8,172,180
14738,2012-09-11,3,1,9,6,0,2,1,1,0.46,0.4545,0.77,0.1045,11,200,211
14762,2012-09-12,3,1,9,6,0,3,1,1,0.5,0.4848,0.72,0.0896,6,199,205
14786,2012-09-13,3,1,9,6,0,4,1,1,0.5,0.4848,0.82,0,9,186,195
14810,2012-09-14,3,1,9,6,0,5,1,1,0.54,0.5152,0.88,0,8,144,152
14834,2012-09-15,3,1,9,6,0,6,0,1,0.54,0.5152,0.49,0.4179,6,27,33
14858,2012-09-16,3,1,9,6,0,0,0,1,0.5,0.4848,0.72,0,9,26,35
14882,2012-09-17,3,1,9,6,0,1,1,1,0.48,0.4697,0.82,0,7,157,164
14906,2012-09-18,3,1,9,6,0,2,1,2,0.64,0.5758,0.89,0.3284,4,163,167
14930,2012-09-19,3,1,9,6,0,3,1,1,0.52,0.5,0.63,0.2537,6,166,172
14954,2012-09-20,3,1,9,6,0,4,1,1,0.44,0.4394,0.77,0,9,161,170
14978,2012-09-21,3,1,9,6,0,5,1,1,0.5,0.4848,0.77,0.0896,19,146,165
15002,2012-09-22,3,1,9,6,0,6,0,1,0.56,0.5303,0.83,0.2985,6,35,41
15026,2012-09-23,4,1,9,6,0,0,0,1,0.44,0.4394,0.62,0.2537,5,11,16
15050,2012-09-24,4,1,9,6,0,1,1,1,0.46,0.4545,0.59,0,6,162,168
15074,2012-09-25,4,1,9,6,0,2,1,1,0.44,0.4394,0.77,0.2239,5,189,194
15098,2012-09-26,4,1,9,6,0,3,1,1,0.54,0.5152,0.73,0.194,3,179,182
15122,2012-09-27,4,1,9,6,0,4,1,1,0.56,0.5303,0.88,0.0896,5,164,169
15146,2012-09-28,4,1,9,6,0,5,1,2,0.56,0.5303,0.94,0.0896,2,136,138
15170,2012-09-29,4,1,9,6,0,6,0,1,0.5,0.4848,0.63,0.2537,4,33,37
15194,2012-09-30,4,1,9,6,0,0,0,1,0.44,0.4394,0.72,0.0896,2,20,22
15218,2012-10-01,4,1,10,6,0,1,1,1,0.44,0.4394,0.77,0.1045,8,147,155
15242,2012-10-02,4,1,10,6,0,2,1,3,0.58,0.5455,0.83,0.1045,3,176,179
15266,2012-10-03,4,1,10,6,0,3,1,2,0.6,0.5152,0.94,0.1343,4,173,177
15290,2012-10-04,4,1,10,6,0,4,1,3,0.62,0.5455,0.94,0.0896,1,132,133
15314,2012-10-05,4,1,10,6,0,5,1,1,0.52,0.5,0.83,0,4,133,137
15338,2012-10-06,4,1,10,6,0,6,0,1,0.54,0.5152,0.88,0.2537,2,28,30
15362,2012-10-07,4,1,10,6,0,0,0,2,0.44,0.4394,0.54,0.194,4,19,23
15386,2012-10-08,4,1,10,6,1,1,0,1,0.34,0.3485,0.76,0.1045,5,54,59
15410,2012-10-09,4,1,10,6,0,2,1,2,0.38,0.3939,0.82,0.2537,2,141,143
15434,2012-10-10,4,1,10,6,0,3,1,2,0.46,0.4545,0.88,0.0896,3,172,175
15458,2012-10-11,4,1,10,6,0,4,1,1,0.36,0.3485,0.5,0.1642,1,158,159
15482,2012-10-12,4,1,10,6,0,5,1,1,0.34,0.3485,0.81,0.0896,3,140,143
15506,2012-10-13,4,1,10,6,0,6,0,1,0.3,0.2879,0.61,0.194,5,23,28
15530,2012-10-14,4,1,10,6,0,0,0,1,0.4,0.4091,0.82,0.1642,4,20,24
15554,2012-10-15,4,1,10,6,0,1,1,2,0.56,0.5303,0.73,0.2985,6,141,147
15578,2012-10-16,4,1,10,6,0,2,1,1,0.42,0.4242,0.67,0.1642,4,168,172
15602,2012-10-17,4,1,10,6,0,3,1,1,0.38,0.3939,0.82,0,7,171,178
15626,2012-10-18,4,1,10,6,0,4,1,1,0.44,0.4394,0.88,0.2985,3,150,153
15650,2012-10-19,4,1,10,6,0,5,1,3,0.54,0.5152,0.94,0.1642,5,126,131
15674,2012-10-20,4,1,10,6,0,6,0,1,0.42,0.4242,0.71,0,5,26,31
15698,2012-10-21,4,1,10,6,0,0,0,1,0.4,0.4091,0.62,0,8,18,26
15722,2012-10-22,4,1,10,6,0,1,1,1,0.36,0.3636,0.76,0.0896,4,140,144
15746,2012-10-23,4,1,10,6,0,2,1,1,0.4,0.4091,0.82,0.0896,6,152,158
15770,2012-10-24,4,1,10,6,0,3,1,1,0.48,0.4697,0.82,0.1045,11,162,173
15794,2012-10-25,4,1,10,6,0,4,1,2,0.52,0.5,0.88,0.194,3,168,171
15818,2012-10-26,4,1,10,6,0,5,1,2,0.52,0.5,0.88,0.0896,2,142,144
15842,2012-10-27,4,1,10,6,0,6,0,2,0.5,0.4848,0.82,0.194,2,29,31
15866,2012-10-28,4,1,10,6,0,0,0,2,0.5,0.4848,0.59,0.3284,7,32,39
15902,2012-10-31,4,1,10,6,0,3,1,1,0.3,0.303,0.81,0.1642,0,116,116
15926,2012-11-01,4,1,11,6,0,4,1,1,0.34,0.3333,0.61,0.1642,2,146,148
15950,2012-11-02,4,1,11,6,0,5,1,1,0.3,0.303,0.7,0.1642,2,120,122
15974,2012-11-03,4,1,11,6,0,6,0,2,0.32,0.3182,0.49,0.194,4,17,21
15998,2012-11-04,4,1,11,6,0,0,0,1,0.28,0.2879,0.61,0.1343,2,14,16
16022,2012-11-05,4,1,11,6,0,1,1,2,0.3,0.2879,0.49,0.2836,4,135,139
16046,2012-11-06,4,1,11,6,0,2,1,1,0.22,0.2273,0.69,0.1343,6,143,149
16070,2012-11-07,4,1,11,6,0,3,1,2,0.26,0.2424,0.56,0.2836,3,115,118
16093,2012-11-08,4,1,11,6,0,4,1,1,0.3,0.2879,0.39,0.2239,2,122,124
16117,2012-11-09,4,1,11,6,0,5,1,1,0.26,0.2727,0.65,0.1045,5,126,131
16141,2012-11-10,4,1,11,6,0,6,0,1,0.24,0.2576,0.93,0.0896,5,11,16
16165,2012-11-11,4,1,11,6,0,0,0,1,0.3,0.3182,0.87,0.0896,3,16,19
16189,2012-11-12,4,1,11,6,1,1,0,1,0.38,0.3939,0.87,0.1045,7,64,71
16213,2012-11-13,4,1,11,6,0,2,1,3,0.32,0.2879,0.81,0.4627,2,48,50
16237,2012-11-14,4,1,11,6,0,3,1,1,0.24,0.2273,0.65,0.194,4,142,146
16261,2012-11-15,4,1,11,6,0,4,1,2,0.3,0.2879,0.65,0.2537,1,146,147
16285,2012-11-16,4,1,11,6,0,5,1,2,0.3,0.3182,0.61,0.0896,4,126,130
16309,2012-11-17,4,1,11,6,0,6,0,1,0.24,0.2273,0.7,0.2239,0,21,21
16333,2012-11-18,4,1,11,6,0,0,0,1,0.28,0.2727,0.81,0.1642,2,13,15
16357,2012-11-19,4,1,11,6,0,1,1,2,0.36,0.3333,0.66,0.2537,3,128,131
16381,2012-11-20,4,1,11,6,0,2,1,2,0.34,0.3333,0.71,0.1642,2,146,148
16405,2012-11-21,4,1,11,6,0,3,1,1,0.28,0.303,0.87,0.0896,2,99,101
16429,2012-11-22,4,1,11,6,1,4,0,1,0.26,0.2727,0.7,0.1045,2,15,17
16453,2012-11-23,4,1,11,6,0,5,1,1,0.24,0.2879,0.81,0,0,20,20
16477,2012-11-24,4,1,11,6,0,6,0,1,0.24,0.2121,0.44,0.2836,1,9,10
16501,2012-11-25,4,1,11,6,0,0,0,2,0.22,0.2424,0.47,0.1045,1,10,11
16525,2012-11-26,4,1,11,6,0,1,1,1,0.22,0.2727,0.69,0,1,123,124
16549,2012-11-27,4,1,11,6,0,2,1,2,0.3,0.303,0.81,0.1642,3,97,100
16573,2012-11-28,4,1,11,6,0,3,1,2,0.26,0.2576,0.65,0.2239,4,132,136
16596,2012-11-29,4,1,11,6,0,4,1,1,0.22,0.2727,0.69,0,1,120,121
16620,2012-11-30,4,1,11,6,0,5,1,1,0.2,0.2576,0.86,0,2,104,106
16644,2012-12-01,4,1,12,6,0,6,0,1,0.24,0.2424,0.87,0.1343,7,20,27
16668,2012-12-02,4,1,12,6,0,0,0,2,0.24,0.2424,0.93,0.1343,1,15,16
16692,2012-12-03,4,1,12,6,0,1,1,1,0.36,0.3788,0.93,0,2,136,138
16716,2012-12-04,4,1,12,6,0,2,1,2,0.36,0.3788,0.93,0,3,150,153
16740,2012-12-05,4,1,12,6,0,3,1,3,0.48,0.4697,0.55,0.3881,5,119,124
16764,2012-12-06,4,1,12,6,0,4,1,1,0.22,0.2121,0.55,0.2985,2,122,124
16788,2012-12-07,4,1,12,6,0,5,1,2,0.28,0.2727,0.75,0.1642,0,84,84
16812,2012-12-08,4,1,12,6,0,6,0,2,0.36,0.3636,0.93,0.1045,1,19,20
16836,2012-12-09,4,1,12,6,0,0,0,3,0.4,0.4091,0.94,0.1045,0,6,6
16860,2012-12-10,4,1,12,6,0,1,1,2,0.38,0.3939,0.94,0.1642,2,121,123
16884,2012-12-11,4,1,12,6,0,2,1,2,0.34,0.303,0.71,0.2985,0,118,118
16908,2012-12-12,4,1,12,6,0,3,1,2,0.26,0.2424,0.6,0.2537,2,126,128
16932,2012-12-13,4,1,12,6,0,4,1,1,0.26,0.2424,0.56,0.2537,2,112,114
16956,2012-12-14,4,1,12,6,0,5,1,1,0.16,0.1818,0.8,0.1045,1,112,113
16980,2012-12-15,4,1,12,6,0,6,0,2,0.24,0.2879,0.75,0,0,11,11
17004,2012-12-16,4,1,12,6,0,0,0,2,0.34,0.3636,0.87,0,0,6,6
17028,2012-12-17,4,1,12,6,0,1,1,2,0.36,0.3485,0.93,0.1343,1,107,108
17052,2012-12-18,4,1,12,6,0,2,1,1,0.36,0.3485,0.93,0.1642,1,117,118
17076,2012-12-19,4,1,12,6,0,3,1,1,0.24,0.2576,0.75,0.0896,3,109,112
17100,2012-12-20,4,1,12,6,0,4,1,2,0.3,0.3333,0.65,0,4,114,118
17124,2012-12-21,1,1,12,6,0,5,1,2,0.34,0.2879,0.57,0.5821,4,76,80
17148,2012-12-22,1,1,12,6,0,6,0,1,0.26,0.2273,0.44,0.4179,0,13,13
17172,2012-12-23,1,1,12,6,0,0,0,1,0.16,0.197,0.64,0.0896,4,5,9
17195,2012-12-24,1,1,12,6,0,1,1,1,0.2,0.2576,0.75,0,1,16,17
17218,2012-12-25,1,1,12,6,1,2,0,2,0.22,0.2273,0.93,0.1343,1,6,7
17242,2012-12-26,1,1,12,6,0,3,1,2,0.22,0.2121,0.69,0.2239,0,36,36
17266,2012-12-27,1,1,12,6,0,4,1,1,0.24,0.197,0.7,0.4925,0,45,45
17290,2012-12-28,1,1,12,6,0,5,1,1,0.22,0.2121,0.64,0.2836,2,49,51
17314,2012-12-29,1,1,12,6,0,6,0,2,0.26,0.2424,0.7,0.1045,0,7,7
17338,2012-12-30,1,1,12,6,0,0,0,2,0.24,0.197,0.52,0.4179,1,7,8
17362,2012-12-31,1,1,12,6,0,1,1,1,0.16,0.1667,0.64,0.1642,0,40,40
