8,2011-01-01,1,0,1,7,0,6,0,1,0.2,0.2576,0.86,0,1,2,3
31,2011-01-02,1,0,1,7,0,0,0,2,0.4,0.4091,0.76,0.194,0,1,1
53,2011-01-03,1,0,1,7,0,1,1,1,0.14,0.1364,0.5,0.194,1,63,64
76,2011-01-04,1,0,1,7,0,2,1,1,0.12,0.1515,0.74,0.1343,2,92,94
99,2011-01-05,1,0,1,7,0,3,1,1,0.18,0.1818,0.43,0.194,1,87,88
122,2011-01-06,1,0,1,7,0,4,1,2,0.16,0.2273,0.59,0,0,95,95
145,2011-01-07,1,0,1,7,0,5,1,1,0.2,0.2121,0.69,0.1343,8,76,84
169,2011-01-08,1,0,1,7,0,6,0,2,0.16,0.1818,0.74,0.1045,1,8,9
193,2011-01-09,1,0,1,7,0,0,0,1,0.08,0.0909,0.53,0.194,1,5,6
217,2011-01-10,1,0,1,7,0,1,1,1,0.12,0.1212,0.5,0.2239,2,75,77
239,2011-01-11,1,0,1,7,0,2,1,2,0.16,0.2273,0.55,0,2,97,99
261,2011-01-12,1,0,1,7,0,3,1,1,0.14,0.1515,0.69,0.1343,0,54,54
285,2011-01-13,1,0,1,7,0,4,1,1,0.12,0.1515,0.54,0.1343,0,72,72
308,2011-01-14,1,0,1,7,0,5,1,1,0.1,0.1212,0.74,0.1642,0,70,70
332,2011-01-15,1,0,1,7,0,6,0,1,0.14,0.2121,0.63,0,1,9,10
356,2011-01-16,1,0,1,7,0,0,0,2,0.24,0.2121,0.56,0.2985,0,3,3
380,2011-01-17,1,0,1,7,1,1,0,2,0.16,0.1818,0.5,0.1343,4,9,13
415,2011-01-19,1,0,1,7,0,3,1,2,0.24,0.2576,0.92,0.1045,1,89,90
439,2011-01-20,1,0,1,7,0,4,1,1,0.22,0.2121,0.55,0.2239,1,100,101
463,2011-01-21,1,0,1,7,0,5,1,1,0.2,0.1818,0.51,0.2836,2,66,68
486,2011-01-22,1,0,1,7,0,6,0,1,0.02,0.0152,0.44,0.2836,0,8,8
509,2011-01-23,1,0,1,7,0,0,0,1,0.08,0.1061,0.58,0.1642,1,1,2
532,2011-01-24,1,0,1,7,0,1,1,1,0.02,0.1212,0.48,0,5,79,84
555,2011-01-25,1,0,1,7,0,2,1,1,0.16,0.1515,0.74,0.2239,5,103,108
577,2011-01-26,1,0,1,7,0,3,1,3,0.22,0.2121,0.87,0.2985,1,29,30
602,2011-01-28,1,0,1,7,0,5,1,2,0.16,0.197,0.86,0.0896,2,58,60
625,2011-01-29,1,0,1,7,0,6,0,1,0.16,0.1818,0.59,0.1045,1,4,5
648,2011-01-30,1,0,1,7,0,0,0,1,0.14,0.2121,0.86,0,0,3,3
672,2011-01-31,1,0,1,7,0,1,1,2,0.16,0.1364,0.64,0.2836,1,71,72
695,2011-02-01,1,0,2,7,0,2,1,3,0.16,0.2273,0.93,0,0,52,52
719,2011-02-02,1,0,2,7,0,3,1,3,0.22,0.2121,0.93,0.2239,1,48,49
742,2011-02-03,1,0,2,7,0,4,1,1,0.14,0.1212,0.5,0.3284,1,86,87
765,2011-02-04,1,0,2,7,0,5,1,1,0.14,0.2121,0.59,0,0,87,87
789,2011-02-05,1,0,2,7,0,6,0,3,0.22,0.2576,0.93,0.0896,0,4,4
813,2011-02-06,1,0,2,7,0,0,0,1,0.24,0.2424,0.65,0.1642,0,8,8
837,2011-02-07,1,0,2,7,0,1,1,1,0.18,0.2424,0.86,0,6,89,95
861,2011-02-08,1,0,2,7,0,2,1,1,0.24,0.197,0.65,0.4179,3,97,100
884,2011-02-09,1,0,2,7,0,3,1,1,0.06,0.1061,0.49,0.1045,4,95,99
907,2011-02-10,1,0,2,7,0,4,1,1,0.1,0.0758,0.5,0.4179,0,99,99
929,2011-02-11,1,0,2,7,0,5,1,1,0.08,0.1667,0.73,0,1,73,74
953,2011-02-12,1,0,2,7,0,6,0,1,0.12,0.1515,0.8,0.1045,2,9,11
976,2011-02-13,1,0,2,7,0,0,0,2,0.22,0.2727,0.55,0,0,3,3
1000,2011-02-14,1,0,2,7,0,1,1,1,0.34,0.303,0.46,0.2985,2,96,98
1023,2011-02-15,1,0,2,7,0,2,1,1,0.2,0.1818,0.32,0.3582,2,103,105
1046,2011-02-16,1,0,2,7,0,3,1,2,0.2,0.197,0.55,0.2239,5,103,108
1070,2011-02-17,1,0,2,7,0,4,1,1,0.32,0.3333,0.57,0.1045,7,119,126
1094,2011-02-18,1,0,2,7,0,5,1,2,0.42,0.4242,0.77,0.2239,8,108,116
1118,2011-02-19,1,0,2,7,0,6,0,1,0.38,0.3939,0.17,0.5224,6,16,22
1141,2011-02-20,1,0,2,7,0,0,0,1,0.18,0.1667,0.51,0.2537,0,2,2
1165,2011-02-21,1,0,2,7,1,1,0,2,0.42,0.4242,0.26,0.2836,3,16,19
1183,2011-02-22,1,0,2,7,0,2,1,2,0.12,0.1212,0.8,0.2836,0,40,40
1206,2011-02-23,1,0,2,7,0,3,1,1,0.12,0.1515,0.54,0.1343,2,94,96
1229,2011-02-24,1,0,2,7,0,4,1,1,0.2,0.197,0.72,0.194,0,104,104
1252,2011-02-25,1,0,2,7,0,5,1,3,0.34,0.3333,1,0.1343,1,34,35
1276,2011-02-26,1,0,2,7,0,6,0,1,0.22,0.2576,0.6,0.0896,1,21,22
1299,2011-02-27,1,0,2,7,0,0,0,1,0.24,0.2424,0.87,0.1343,6,8,14
1321,2011-02-28,1,0,2,7,0,1,1,2,0.36,0.3636,0.93,0.1045,2,90,92
1345,2011-03-01,1,0,3,7,0,2,1,1,0.2,0.1818,0.59,0.3284,2,105,107
1369,2011-03-02,1,0,3,7,0,3,1,1,0.22,0.2121,0.64,0.2537,2,108,110
1393,2011-03-03,1,0,3,7,0,4,1,1,0.12,0.0909,0.42,0.4179,1,110,111
1417,2011-03-04,1,0,3,7,0,5,1,1,0.16,0.1818,0.8,0.1343,0,83,83
1441,2011-03-05,1,0,3,7,0,6,0,2,0.3,0.2727,1,0.2985,5,10,15
1464,2011-03-06,1,0,3,7,0,0,0,3,0.42,0.4242,1,0.4478,0,5,5
1487,2011-03-07,1,0,3,7,0,1,1,1,0.2,0.1667,0.75,0.4179,3,88,91
1511,2011-03-08,1,0,3,7,0,2,1,1,0.18,0.197,0.64,0.1343,9,119,128
1535,2011-03-09,1,0,3,7,0,3,1,2,0.24,0.2424,0.87,0.1642,18,123,141
1557,2011-03-10,1,0,3,7,0,4,1,3,0.38,0.3939,0,0.2239,1,36,37
1580,2011-03-11,1,0,3,7,0,5,1,1,0.26,0.2576,0.7,0.194,10,104,114
1604,2011-03-12,1,0,3,7,0,6,0,1,0.24,0.2273,0.7,0.194,4,19,23
1627,2011-03-13,1,0,3,7,0,0,0,1,0.36,0.3485,0.62,0.194,2,8,10
1650,2011-03-14,1,0,3,7,0,1,1,2,0.28,0.3182,0.61,0,4,84,88
1673,2011-03-15,1,0,3,7,0,2,1,1,0.24,0.2424,0.75,0.1642,10,109,119
1696,2011-03-16,1,0,3,7,0,3,1,2,0.3,0.2879,0.93,0.194,10,101,111
1720,2011-03-17,1,0,3,7,0,4,1,1,0.32,0.3333,0.76,0.1343,12,128,140
1743,2011-03-18,1,0,3,7,0,5,1,1,0.4,0.4091,0.66,0.194,11,112,123
1767,2011-03-19,1,0,3,7,0,6,0,1,0.4,0.4091,0.5,0.3284,4,9,13
1791,2011-03-20,1,0,3,7,0,0,0,1,0.24,0.2273,0.6,0.2239,5,9,14
1814,2011-03-21,2,0,3,7,0,1,1,3,0.3,0.2727,0.87,0.4179,3,15,18
1838,2011-03-22,2,0,3,7,0,2,1,2,0.4,0.4091,0.76,0.1045,4,132,136
1861,2011-03-23,2,0,3,7,0,3,1,2,0.32,0.303,0.93,0.2239,7,111,118
1885,2011-03-24,2,0,3,7,0,4,1,3,0.26,0.2576,1,0.2239,2,106,108
1909,2011-03-25,2,0,3,7,0,5,1,1,0.2,0.1818,0.59,0.3582,4,100,104
1933,2011-03-26,2,0,3,7,0,6,0,1,0.2,0.197,0.51,0.194,18,23,41
1956,2011-03-27,2,0,3,7,0,0,0,3,0.16,0.1667,0.86,0.1642,0,7,7
1979,2011-03-28,2,0,3,7,0,1,1,1,0.2,0.1818,0.32,0.3284,6,104,110
2003,2011-03-29,2,0,3,7,0,2,1,1,0.22,0.197,0.41,0.3582,5,128,133
2027,2011-03-30,2,0,3,7,0,3,1,2,0.32,0.3333,0.45,0.1045,8,128,136
2051,2011-03-31,2,0,3,7,0,4,1,3,0.24,0.2273,0.93,0.2537,5,87,92
2075,2011-04-01,2,0,4,7,0,5,1,3,0.24,0.2424,0.93,0,4,91,95
2099,2011-04-02,2,0,4,7,0,6,0,2,0.26,0.2727,0.7,0.1045,2,16,18
2123,2011-04-03,2,0,4,7,0,0,0,1,0.32,0.303,0.57,0.2239,13,20,33
2147,2011-04-04,2,0,4,7,0,1,1,2,0.44,0.4394,0.54,0.2537,7,150,157
2171,2011-04-05,2,0,4,7,0,2,1,2,0.48,0.4697,0.88,0.3284,10,124,134
2195,2011-04-06,2,0,4,7,0,3,1,1,0.26,0.2727,0.65,0.1045,3,130,133
2219,2011-04-07,2,0,4,7,0,4,1,2,0.34,0.3333,0.76,0.1642,8,152,160
2243,2011-04-08,2,0,4,7,0,5,1,3,0.34,0.3333,0.87,0.1642,4,109,113
2267,2011-04-09,2,0,4,7,0,6,0,2,0.3,0.303,0.93,0.1642,8,13,21
2291,2011-04-10,2,0,4,7,0,0,0,2,0.36,0.3636,1,0.0896,3,7,10
2314,2011-04-11,2,0,4,7,0,1,1,2,0.5,0.4848,0.88,0.2239,12,164,176
2338,2011-04-12,2,0,4,7,0,2,1,2,0.54,0.5152,0.68,0.2239,12,177,189
2362,2011-04-13,2,0,4,7,0,3,1,3,0.36,0.3485,1,0.2239,3,67,70
2386,2011-04-14,2,0,4,7,0,4,1,1,0.38,0.3939,0.66,0,11,182,193
2410,2011-04-15,2,0,4,7,1,5,0,1,0.4,0.4091,0.71,0.1642,10,139,149
2434,2011-04-16,2,0,4,7,0,6,0,2,0.4,0.4091,0.82,0.4179,3,18,21
2458,2011-04-17,2,0,4,7,0,0,0,1,0.36,0.3333,0.5,0.3582,2,14,16
2482,2011-04-18,2,0,4,7,0,1,1,1,0.46,0.4545,0.63,0,12,156,168
2506,2011-04-19,2,0,4,7,0,2,1,2,0.52,0.5,0.55,0,22,166,188
2530,2011-04-20,2,0,4,7,0,3,1,1,0.44,0.4394,0.94,0,26,211,237
2554,2011-04-21,2,0,4,7,0,4,1,2,0.42,0.4242,0.47,0.4627,15,183,198
2578,2011-04-22,2,0,4,7,0,5,1,2,0.34,0.3182,0.53,0.2836,5,175,180
2602,2011-04-23,2,0,4,7,0,6,0,3,0.34,0.3333,1,0.1642,2,17,19
2626,2011-04-24,2,0,4,7,0,0,0,2,0.5,0.4848,1,0,16,11,27
2650,2011-04-25,2,0,4,7,0,1,1,2,0.52,0.5,1,0.0896,13,183,196
2674,2011-04-26,2,0,4,7,0,2,1,1,0.58,0.5455,0.83,0.2985,16,254,270
2698,2011-04-27,2,0,4,7,0,3,1,2,0.58,0.5455,0.88,0.2836,17,229,246
2722,2011-04-28,2,0,4,7,0,4,1,2,0.64,0.5909,0.78,0.4478,14,201,215
2746,2011-04-29,2,0,4,7,0,5,1,1,0.52,0.5,0.42,0.194,18,222,240
2770,2011-04-30,2,0,4,7,0,6,0,1,0.4,0.4091,0.54,0.3881,21,27,48
2794,2011-05-01,2,0,5,7,0,0,0,2,0.42,0.4242,0.77,0.0896,7,26,33
2818,2011-05-02,2,0,5,7,0,1,1,2,0.46,0.4545,0.82,0.3284,16,193,209
2842,2011-05-03,2,0,5,7,0,2,1,2,0.54,0.5152,0.88,0.2239,17,248,265
2866,2011-05-04,2,0,5,7,0,3,1,3,0.34,0.303,0.93,0.3582,6,46,52
2890,2011-05-05,2,0,5,7,0,4,1,1,0.38,0.3939,0.58,0.2537,16,255,271
2914,2011-05-06,2,0,5,7,0,5,1,1,0.4,0.4091,0.82,0,20,202,222
2938,2011-05-07,2,0,5,7,0,6,0,1,0.48,0.4697,0.59,0,8,32,40
2962,2011-05-08,2,0,5,7,0,0,0,2,0.46,0.4545,0.82,0,8,15,23
2986,2011-05-09,2,0,5,7,0,1,1,1,0.48,0.4697,0.63,0.2537,16,221,237
3010,2011-05-10,2,0,5,7,0,2,1,2,0.44,0.4394,0.62,0.1343,13,301,314
3034,2011-05-11,2,0,5,7,0,3,1,1,0.48,0.4697,0.72,0.194,25,293,318
3058,2011-05-12,2,0,5,7,0,4,1,1,0.46,0.4545,0.88,0.1343,14,283,297
3082,2011-05-13,2,0,5,7,0,5,1,3,0.5,0.4848,0.88,0.1642,16,141,157
3106,2011-05-14,2,0,5,7,0,6,0,3,0.48,0.4697,1,0,4,28,32
3130,2011-05-15,2,0,5,7,0,0,0,2,0.52,0.5,1,0.1343,4,38,42
3154,2011-05-16,2,0,5,7,0,1,1,1,0.52,0.5,0.83,0.2836,27,245,272
3178,2011-05-17,2,0,5,7,0,2,1,2,0.52,0.5,0.94,0.2537,13,138,151
3202,2011-05-18,2,0,5,7,0,3,1,1,0.54,0.5152,0.88,0.194,14,260,274
3226,2011-05-19,2,0,5,7,0,4,1,2,0.5,0.4848,1,0,18,239,257
3250,2011-05-20,2,0,5,7,0,5,1,1,0.5,0.4848,0.77,0.1642,30,289,319
3274,2011-05-21,2,0,5,7,0,6,0,1,0.54,0.5152,0.73,0.1343,10,33,43
3298,2011-05-22,2,0,5,7,0,0,0,1,0.54,0.5152,0.88,0.1045,13,27,40
3322,2011-05-23,2,0,5,7,0,1,1,2,0.56,0.5303,0.94,0.1045,13,223,236
3346,2011-05-24,2,0,5,7,0,2,1,3,0.64,0.5909,0.78,0.194,26,288,314
3370,2011-05-25,2,0,5,7,0,3,1,1,0.62,0.5909,0.73,0.1343,29,284,313
3394,2011-05-26,2,0,5,7,0,4,1,2,0.62,0.5455,0.94,0.2537,16,270,286
3418,2011-05-27,2,0,5,7,0,5,1,1,0.64,0.6061,0.73,0.1642,20,229,249
3442,2011-05-28,2,0,5,7,0,6,0,1,0.6,0.5606,0.83,0.2537,17,33,50
3466,2011-05-29,2,0,5,7,0,0,0,2,0.62,0.5606,0.88,0.2537,13,17,30
3490,2011-05-30,2,0,5,7,1,1,0,2,0.64,0.5606,0.94,0,12,19,31
3514,2011-05-31,2,0,5,7,0,2,1,1,0.74,0.697,0.66,0.1045,16,219,235
3538,2011-06-01,2,0,6,7,0,3,1,2,0.7,0.6667,0.79,0.1642,19,265,284
3562,2011-06-02,2,0,6,7,0,4,1,1,0.7,0.6364,0.34,0.2537,19,285,304
3586,2011-06-03,2,0,6,7,0,5,1,1,0.54,0.5152,0.45,0.2537,25,252,277
3610,2011-06-04,2,0,6,7,0,6,0,1,0.56,0.5303,0.56,0,27,60,87
3634,2011-06-05,2,0,6,7,0,0,0,2,0.6,0.5909,0.73,0.2537,8,19,27
3658,2011-06-06,2,0,6,7,0,1,1,1,0.62,0.5909,0.78,0.1045,18,281,299
3682,2011-06-07,2,0,6,7,0,2,1,2,0.64,0.6061,0.69,0.194,23,311,334
3706,2011-06-08,2,0,6,7,0,3,1,1,0.66,0.6212,0.74,0.1045,24,329,353
3730,2011-06-09,2,0,6,7,0,4,1,2,0.72,0.697,0.79,0.1343,31,283,314
3754,2011-06-10,2,0,6,7,0,5,1,1,0.72,0.6818,0.66,0.1045,25,242,267
3778,2011-06-11,2,0,6,7,0,6,0,1,0.72,0.6667,0.58,0.194,18,50,68
3802,2011-06-12,2,0,6,7,0,0,0,1,0.64,0.5909,0.78,0.1045,7,27,34
3826,2011-06-13,2,0,6,7,0,1,1,1,0.56,0.5303,0.56,0.3582,26,302,328
3850,2011-06-14,2,0,6,7,0,2,1,1,0.56,0.5303,0.52,0.4179,19,346,365
3874,2011-06-15,2,0,6,7,0,3,1,1,0.54,0.5152,0.6,0.1343,22,348,370
3898,2011-06-16,2,0,6,7,0,4,1,3,0.56,0.5303,0.78,0.1642,16,172,188
3922,2011-06-17,2,0,6,7,0,5,1,1,0.6,0.5606,0.83,0,25,225,250
3946,2011-06-18,2,0,6,7,0,6,0,1,0.64,0.5909,0.78,0.1343,12,45,57
3970,2011-06-19,2,0,6,7,0,0,0,2,0.66,0.6061,0.78,0.1642,35,36,71
3994,2011-06-20,2,0,6,7,0,1,1,3,0.56,0.5303,0.88,0.194,0,46,46
4018,2011-06-21,3,0,6,7,0,2,1,2,0.6,0.5152,0.94,0,21,288,309
4042,2011-06-22,3,0,6,7,0,3,1,1,0.7,0.6667,0.79,0,23,288,311
4066,2011-06-23,3,0,6,7,0,4,1,2,0.72,0.697,0.74,0.1343,26,301,327
4090,2011-06-24,3,0,6,7,0,5,1,2,0.66,0.6061,0.83,0.2239,21,247,268
4114,2011-06-25,3,0,6,7,0,6,0,1,0.64,0.6212,0.57,0.2836,7,35,42
4138,2011-06-26,3,0,6,7,0,0,0,1,0.62,0.6061,0.61,0,24,27,51
4162,2011-06-27,3,0,6,7,0,1,1,2,0.64,0.6061,0.73,0.2239,14,247,261
4186,2011-06-28,3,0,6,7,0,2,1,1,0.68,0.6364,0.83,0.194,27,320,347
4210,2011-06-29,3,0,6,7,0,3,1,1,0.7,0.6515,0.54,0.2239,18,318,336
4234,2011-06-30,3,0,6,7,0,4,1,1,0.62,0.6061,0.61,0.2239,29,291,320
4258,2011-07-01,3,0,7,7,0,5,1,1,0.66,0.6212,0.54,0.1045,25,218,243
4282,2011-07-02,3,0,7,7,0,6,0,1,0.64,0.6061,0.65,0,10,35,45
4306,2011-07-03,3,0,7,7,0,0,0,2,0.64,0.5758,0.89,0.194,3,22,25
4330,2011-07-04,3,0,7,7,1,1,0,1,0.66,0.6061,0.83,0.1343,17,19,36
4354,2011-07-05,3,0,7,7,0,2,1,1,0.7,0.6515,0.65,0.0896,22,248,270
4378,2011-07-06,3,0,7,7,0,3,1,2,0.72,0.697,0.79,0,24,288,312
4402,2011-07-07,3,0,7,7,0,4,1,2,0.66,0.5909,0.89,0.1045,13,279,292
4426,2011-07-08,3,0,7,7,0,5,1,2,0.7,0.6667,0.79,0.194,30,302,332
4450,2011-07-09,3,0,7,7,0,6,0,1,0.66,0.6061,0.78,0.194,21,50,71
4474,2011-07-10,3,0,7,7,0,0,0,1,0.7,0.6515,0.7,0.0896,27,38,65
4498,2011-07-11,3,0,7,7,0,1,1,1,0.7,0.6667,0.74,0.2537,28,289,317
4522,2011-07-12,3,0,7,7,0,2,1,1,0.76,0.697,0.55,0.194,29,301,330
4546,2011-07-13,3,0,7,7,0,3,1,1,0.76,0.697,0.55,0.2537,32,281,313
4570,2011-07-14,3,0,7,7,0,4,1,1,0.62,0.6212,0.53,0.2537,23,311,334
4594,2011-07-15,3,0,7,7,0,5,1,1,0.64,0.6061,0.65,0.1045,17,257,274
4618,2011-07-16,3,0,7,7,0,6,0,1,0.62,0.5909,0.73,0.1343,14,38,52
4642,2011-07-17,3,0,7,7,0,0,0,1,0.64,0.6061,0.73,0.1642,20,30,50
4666,2011-07-18,3,0,7,7,0,1,1,1,0.68,0.6364,0.74,0.2239,22,255,277
4690,2011-07-19,3,0,7,7,0,2,1,2,0.74,0.697,0.7,0.1642,28,287,315
4714,2011-07-20,3,0,7,7,0,3,1,2,0.7,0.6667,0.84,0.1045,27,276,303
4738,2011-07-21,3,0,7,7,0,4,1,2,0.74,0.7273,0.84,0.1343,23,251,274
4762,2011-07-22,3,0,7,7,0,5,1,2,0.8,0.803,0.66,0.1045,20,232,252
4786,2011-07-23,3,0,7,7,0,6,0,1,0.8,0.7424,0.52,0.1045,7,38,45
4810,2011-07-24,3,0,7,7,0,0,0,1,0.8,0.7727,0.59,0.1343,6,29,35
4834,2011-07-25,3,0,7,7,0,1,1,2,0.74,0.7121,0.79,0,20,257,277
4858,2011-07-26,3,0,7,7,0,2,1,1,0.72,0.6818,0.66,0.2836,30,288,318
4882,2011-07-27,3,0,7,7,0,3,1,1,0.72,0.6667,0.48,0.2537,34,313,347
4906,2011-07-28,3,0,7,7,0,4,1,1,0.72,0.6818,0.7,0.1642,27,278,305
4930,2011-07-29,3,0,7,7,0,5,1,2,0.74,0.7121,0.79,0.0896,26,228,254
4954,2011-07-30,3,0,7,7,0,6,0,1,0.76,0.7273,0.66,0.194,3,39,42
4978,2011-07-31,3,0,7,7,0,0,0,1,0.74,0.6818,0.58,0.1343,19,26,45
5002,2011-08-01,3,0,8,7,0,1,1,1,0.74,0.6818,0.62,0,24,258,282
5026,2011-08-02,3,0,8,7,0,2,1,1,0.72,0.6667,0.61,0.2836,15,320,335
5050,2011-08-03,3,0,8,7,0,3,1,2,0.74,0.6667,0.51,0.2239,19,252,271
5074,2011-08-04,3,0,8,7,0,4,1,2,0.68,0.6364,0.89,0.2985,11,271,282
5098,2011-08-05,3,0,8,7,0,5,1,1,0.66,0.6061,0.78,0.1343,23,247,270
5122,2011-08-06,3,0,8,7,0,6,0,1,0.68,0.6364,0.83,0.1642,14,49,63
5146,2011-08-07,3,0,8,7,0,0,0,1,0.7,0.6667,0.84,0.194,11,28,39
5170,2011-08-08,3,0,8,7,0,1,1,1,0.72,0.6818,0.62,0.2985,18,249,267
5194,2011-08-09,3,0,8,7,0,2,1,1,0.72,0.697,0.74,0.1045,30,313,343
5218,2011-08-10,3,0,8,7,0,3,1,1,0.7,0.6515,0.58,0.0896,16,289,305
5242,2011-08-11,3,0,8,7,0,4,1,1,0.66,0.6212,0.54,0.1343,15,292,307
5266,2011-08-12,3,0,8,7,0,5,1,1,0.64,0.6212,0.44,0.1642,17,247,264
5290,2011-08-13,3,0,8,7,0,6,0,2,0.66,0.6212,0.74,0.194,10,34,44
5314,2011-08-14,3,0,8,7,0,0,0,2,0.66,0.5909,0.89,0.194,4,20,24
5338,2011-08-15,3,0,8,7,0,1,1,1,0.6,0.5455,0.88,0.2537,10,248,258
5362,2011-08-16,3,0,8,7,0,2,1,1,0.64,0.6061,0.69,0.2537,18,328,346
5386,2011-08-17,3,0,8,7,0,3,1,1,0.66,0.6212,0.65,0.0896,12,296,308
5410,2011-08-18,3,0,8,7,0,4,1,1,0.64,0.5909,0.78,0.2985,19,289,308
5434,2011-08-19,3,0,8,7,0,5,1,2,0.66,0.6061,0.83,0.0896,12,251,263
5458,2011-08-20,3,0,8,7,0,6,0,1,0.62,0.5758,0.83,0,8,36,44
5482,2011-08-21,3,0,8,7,0,0,0,1,0.68,0.6364,0.83,0.2985,12,19,31
5506,2011-08-22,3,0,8,7,0,1,1,1,0.66,0.6212,0.61,0.3284,11,270,281
5530,2011-08-23,3,0,8,7,0,2,1,1,0.6,0.6212,0.49,0.194,11,333,344
5554,2011-08-24,3,0,8,7,0,3,1,1,0.6,0.6061,0.64,0.0896,11,297,308
5578,2011-08-25,3,0,8,7,0,4,1,2,0.68,0.6364,0.79,0.3284,17,296,313
5602,2011-08-26,3,0,8,7,0,5,1,1,0.64,0.5758,0.83,0,3,263,266
5626,2011-08-27,3,0,8,7,0,6,0,2,0.7,0.6667,0.84,0.3582,2,26,28
5637,2011-08-28,3,0,8,7,0,0,0,3,0.62,0.5758,0.83,0.3582,0,1,1
5661,2011-08-29,3,0,8,7,0,1,1,1,0.6,0.6061,0.6,0.2239,11,273,284
5685,2011-08-30,3,0,8,7,0,2,1,1,0.56,0.5303,0.68,0.1343,19,338,357
5709,2011-08-31,3,0,8,7,0,3,1,1,0.6,0.5758,0.78,0,12,316,328
5733,2011-09-01,3,0,9,7,0,4,1,1,0.6,0.5758,0.78,0,7,335,342
5757,2011-09-02,3,0,9,7,0,5,1,1,0.6,0.5606,0.83,0.1045,6,253,259
5781,2011-09-03,3,0,9,7,0,6,0,1,0.62,0.5909,0.73,0.194,5,33,38
5805,2011-09-04,3,0,9,7,0,0,0,1,0.66,0.6061,0.78,0.194,10,20,30
5829,2011-09-05,3,0,9,7,1,1,0,1,0.66,0.6212,0.74,0.1642,11,30,41
5852,2011-09-06,3,0,9,7,0,2,1,2,0.54,0.5152,0.83,0.3582,6,166,172
5876,2011-09-07,3,0,9,7,0,3,1,3,0.6,0.5455,0.88,0.0896,3,83,86
5899,2011-09-08,3,0,9,7,0,4,1,3,0.62,0.5455,0.94,0.1045,7,172,179
5923,2011-09-09,3,0,9,7,0,5,1,3,0.62,0.5152,1,0.2537,4,104,108
5947,2011-09-10,3,0,9,7,0,6,0,1,0.6,0.5455,0.88,0.1343,9,43,52
5971,2011-09-11,3,0,9,7,0,0,0,1,0.6,0.5455,0.88,0,9,28,37
5994,2011-09-12,3,0,9,7,0,1,1,1,0.58,0.5455,0.83,0,12,300,312
6018,2011-09-13,3,0,9,7,0,2,1,1,0.58,0.5455,0.83,0.0896,14,348,362
6042,2011-09-14,3,0,9,7,0,3,1,1,0.6,0.5606,0.83,0.1045,20,350,370
6066,2011-09-15,3,0,9,7,0,4,1,2,0.62,0.5909,0.78,0.194,17,321,338
6090,2011-09-16,3,0,9,7,0,5,1,1,0.4,0.4091,0.71,0.2836,16,283,299
6114,2011-09-17,3,0,9,7,0,6,0,2,0.46,0.4545,0.77,0.194,4,33,37
6138,2011-09-18,3,0,9,7,0,0,0,1,0.46,0.4545,0.72,0.2239,15,29,44
6162,2011-09-19,3,0,9,7,0,1,1,2,0.5,0.4848,0.82,0.2239,20,312,332
6186,2011-09-20,3,0,9,7,0,2,1,2,0.54,0.5152,0.88,0.1642,23,306,329
6210,2011-09-21,3,0,9,7,0,3,1,2,0.54,0.5152,1,0.194,18,312,330
6234,2011-09-22,3,0,9,7,0,4,1,2,0.6,0.5,1,0.1045,16,295,311
6258,2011-09-23,4,0,9,7,0,5,1,3,0.62,0.5455,0.94,0.1343,14,240,254
6282,2011-09-24,4,0,9,7,0,6,0,2,0.56,0.5303,0.88,0.1045,12,34,46
6306,2011-09-25,4,0,9,7,0,0,0,2,0.6,0.5152,0.94,0.1343,15,23,38
6330,2011-09-26,4,0,9,7,0,1,1,2,0.62,0.5455,0.94,0,17,315,332
6354,2011-09-27,4,0,9,7,0,2,1,2,0.62,0.5455,0.94,0.1045,15,234,249
6378,2011-09-28,4,0,9,7,0,3,1,3,0.6,0.5152,0.94,0.1642,8,177,185
6402,2011-09-29,4,0,9,7,0,4,1,1,0.6,0.5455,0.88,0.1343,14,269,283
6426,2011-09-30,4,0,9,7,0,5,1,1,0.52,0.5,0.83,0.2239,14,283,297
6450,2011-10-01,4,0,10,7,0,6,0,3,0.42,0.4242,0.67,0.2537,6,30,36
6474,2011-10-02,4,0,10,7,0,0,0,1,0.34,0.3333,0.76,0.194,5,24,29
6498,2011-10-03,4,0,10,7,0,1,1,2,0.36,0.3485,0.71,0.1343,8,241,249
6522,2011-10-04,4,0,10,7,0,2,1,1,0.42,0.4242,0.82,0.2836,11,298,309
6546,2011-10-05,4,0,10,7,0,3,1,1,0.46,0.4545,0.77,0.1045,9,292,301
6570,2011-10-06,4,0,10,7,0,4,1,1,0.42,0.4242,0.62,0.194,15,287,302
6594,2011-10-07,4,0,10,7,0,5,1,1,0.42,0.4242,0.94,0,5,237,242
6618,2011-10-08,4,0,10,7,0,6,0,1,0.42,0.4242,0.94,0.0896,27,46,73
6642,2011-10-09,4,0,10,7,0,0,0,1,0.44,0.4394,0.86,0,18,26,44
6666,2011-10-10,4,0,10,7,1,1,0,1,0.46,0.4545,0.88,0,12,102,114
6690,2011-10-11,4,0,10,7,0,2,1,2,0.52,0.5,0.88,0.0896,19,333,352
6714,2011-10-12,4,0,10,7,0,3,1,2,0.54,0.5152,0.88,0.3881,15,244,259
6738,2011-10-13,4,0,10,7,0,4,1,3,0.54,0.5152,1,0.1343,5,76,81
6762,2011-10-14,4,0,10,7,0,5,1,3,0.56,0.5303,0.88,0.194,10,137,147
6786,2011-10-15,4,0,10,7,0,6,0,1,0.4,0.4091,0.76,0.1045,17,40,57
6810,2011-10-16,4,0,10,7,0,0,0,1,0.4,0.4091,0.62,0.1343,9,39,48
6834,2011-10-17,4,0,10,7,0,1,1,2,0.5,0.4848,0.55,0.1642,10,299,309
6858,2011-10-18,4,0,10,7,0,2,1,1,0.46,0.4545,0.88,0.0896,15,326,341
6881,2011-10-19,4,0,10,7,0,3,1,3,0.52,0.5,0.77,0.2537,1,67,68
6905,2011-10-20,4,0,10,7,0,4,1,1,0.42,0.4242,0.77,0.4478,15,303,318
6929,2011-10-21,4,0,10,7,0,5,1,1,0.36,0.3485,0.71,0.1642,5,228,233
6953,2011-10-22,4,0,10,7,0,6,0,1,0.36,0.3636,0.76,0.1045,8,49,57
6977,2011-10-23,4,0,10,7,0,0,0,1,0.34,0.3485,0.87,0.0896,3,18,21
7001,2011-10-24,4,0,10,7,0,1,1,2,0.38,0.3939,0.94,0.1045,11,274,285
7025,2011-10-25,4,0,10,7,0,2,1,1,0.4,0.4091,0.76,0.194,15,299,314
7049,2011-10-26,4,0,10,7,0,3,1,1,0.42,0.4242,0.71,0.1642,15,284,299
7073,2011-10-27,4,0,10,7,0,4,1,2,0.46,0.4545,0.94,0.0896,9,128,137
7097,2011-10-28,4,0,10,7,0,5,1,1,0.28,0.2727,0.65,0.2537,6,199,205
7121,2011-10-29,4,0,10,7,0,6,0,3,0.26,0.2273,0.87,0.3582,1,6,7
7145,2011-10-30,4,0,10,7,0,0,0,1,0.24,0.2879,0.75,0,7,15,22
7169,2011-10-31,4,0,10,7,0,1,1,1,0.24,0.2879,0.93,0,11,216,227
7193,2011-11-01,4,0,11,7,0,2,1,1,0.34,0.3333,0.76,0.194,8,246,254
7217,2011-11-02,4,0,11,7,0,3,1,1,0.3,0.3333,0.81,0,11,240,251
7241,2011-11-03,4,0,11,7,0,4,1,2,0.32,0.3333,0.81,0.0896,12,280,292
7265,2011-11-04,4,0,11,7,0,5,1,2,0.4,0.4091,0.86,0.2239,10,235,245
7289,2011-11-05,4,0,11,7,0,6,0,1,0.26,0.2424,0.6,0.2836,3,31,34
7313,2011-11-06,4,0,11,7,0,0,0,1,0.26,0.2727,0.87,0.1045,4,24,28
7337,2011-11-07,4,0,11,7,0,1,1,2,0.28,0.3182,0.93,0,6,305,311
7361,2011-11-08,4,0,11,7,0,2,1,1,0.3,0.3182,0.87,0.1045,7,316,323
7385,2011-11-09,4,0,11,7,0,3,1,1,0.3,0.3333,0.87,0,0,300,300
7409,2011-11-10,4,0,11,7,0,4,1,2,0.38,0.3939,0.94,0.1642,6,266,272
7433,2011-11-11,4,0,11,7,1,5,0,1,0.28,0.2727,0.45,0.2537,5,116,121
7457,2011-11-12,4,0,11,7,0,6,0,1,0.22,0.2273,0.75,0.194,3,24,27
7481,2011-11-13,4,0,11,7,0,0,0,1,0.34,0.3182,0.66,0.2239,13,30,43
7505,2011-11-14,4,0,11,7,0,1,1,1,0.44,0.4394,0.72,0.2537,11,311,322
7529,2011-11-15,4,0,11,7,0,2,1,2,0.54,0.5152,0.68,0.1642,21,298,319
7553,2011-11-16,4,0,11,7,0,3,1,3,0.46,0.4545,0.94,0,7,130,137
7577,2011-11-17,4,0,11,7,0,4,1,3,0.34,0.3182,0.61,0.2836,4,164,168
7601,2011-11-18,4,0,11,7,0,5,1,1,0.22,0.2273,0.44,0.1642,5,211,216
7625,2011-11-19,4,0,11,7,0,6,0,1,0.24,0.2273,0.6,0.2537,3,38,41
7649,2011-11-20,4,0,11,7,0,0,0,1,0.42,0.4242,0.67,0.2239,4,19,23
7673,2011-11-21,4,0,11,7,0,1,1,2,0.46,0.4545,0.94,0.1642,17,229,246
7697,2011-11-22,4,0,11,7,0,2,1,3,0.38,0.3939,0.94,0.2239,2,119,121
7721,2011-11-23,4,0,11,7,0,3,1,2,0.46,0.4545,1,0.0896,2,154,156
7745,2011-11-24,4,0,11,7,1,4,0,1,0.26,0.2727,0.75,0.1045,9,31,40
7769,2011-11-25,4,0,11,7,0,5,1,1,0.26,0.303,0.81,0,4,31,35
7793,2011-11-26,4,0,11,7,0,6,0,1,0.26,0.2727,0.87,0.1045,4,13,17
7817,2011-11-27,4,0,11,7,0,0,0,1,0.38,0.3939,0.87,0.2239,12,11,23
7840,2011-11-28,4,0,11,7,0,1,1,1,0.42,0.4242,0.88,0,7,270,277
7864,2011-11-29,4,0,11,7,0,2,1,1,0.52,0.5,0.77,0.2239,12,330,342
7888,2011-11-30,4,0,11,7,0,3,1,1,0.26,0.2727,0.81,0.1045,9,276,285
7912,2011-12-01,4,0,12,7,0,4,1,1,0.24,0.2121,0.65,0.3582,11,265,276
7936,2011-12-02,4,0,12,7,0,5,1,1,0.22,0.2576,0.87,0.0896,6,199,205
7960,2011-12-03,4,0,12,7,0,6,0,1,0.22,0.2576,0.75,0.0896,2,24,26
7984,2011-12-04,4,0,12,7,0,0,0,1,0.26,0.303,0.87,0,3,23,26
8008,2011-12-05,4,0,12,7,0,1,1,1,0.32,0.3485,0.9,0,9,274,283
8032,2011-12-06,4,0,12,7,0,2,1,2,0.46,0.4545,0.94,0.194,7,227,234
8056,2011-12-07,4,0,12,7,0,3,1,3,0.44,0.4394,1,0.1045,3,43,46
8080,2011-12-08,4,0,12,7,0,4,1,1,0.22,0.2121,0.6,0.2239,11,233,244
8104,2011-12-09,4,0,12,7,0,5,1,1,0.22,0.2576,0.75,0.0896,4,195,199
8128,2011-12-10,4,0,12,7,0,6,0,1,0.24,0.2273,0.65,0.194,0,11,11
8152,2011-12-11,4,0,12,7,0,0,0,1,0.18,0.2424,0.55,0,1,30,31
8176,2011-12-12,4,0,12,7,0,1,1,1,0.14,0.1515,0.86,0.1343,4,231,235
8200,2011-12-13,4,0,12,7,0,2,1,1,0.16,0.1667,0.8,0.1642,2,221,223
8224,2011-12-14,4,0,12,7,0,3,1,1,0.28,0.3182,0.75,0,4,243,247
8248,2011-12-15,4,0,12,7,0,4,1,1,0.32,0.3182,0.7,0.194,6,252,258
8272,2011-12-16,4,0,12,7,0,5,1,2,0.38,0.3939,0.46,0.2985,5,226,231
8296,2011-12-17,4,0,12,7,0,6,0,2,0.26,0.2576,0.56,0.2239,0,20,20
8320,2011-12-18,4,0,12,7,0,0,0,1,0.2,0.2121,0.59,0.1642,1,11,12
8344,2011-12-19,4,0,12,7,0,1,1,1,0.18,0.2121,0.74,0.1045,4,187,191
8368,2011-12-20,4,0,12,7,0,2,1,2,0.36,0.3788,0.62,0,7,261,268
8392,2011-12-21,1,0,12,7,0,3,1,2,0.36,0.3636,0.87,0.1045,5,224,229
8416,2011-12-22,1,0,12,7,0,4,1,1,0.34,0.3636,0.93,0,4,182,186
8440,2011-12-23,1,0,12,7,0,5,1,1,0.38,0.3939,0.82,0.2239,4,88,92
8464,2011-12-24,1,0,12,7,0,6,0,1,0.3,0.2727,0.7,0.3582,0,10,10
8487,2011-12-25,1,0,12,7,0,0,0,1,0.22,0.2424,0.8,0.1045,0,4,4
8510,2011-12-26,1,0,12,7,1,1,0,1,0.32,0.3182,0.45,0.194,2,17,19
8534,2011-12-27,1,0,12,7,0,2,1,2,0.3,0.2879,0.65,0.2836,1,79,80
8557,2011-12-28,1,0,12,7,0,3,1,1,0.32,0.303,0.57,0.2537,4,106,110
8581,2011-12-29,1,0,12,7,0,4,1,1,0.18,0.2121,0.64,0.0896,2,104,106
8605,2011-12-30,1,0,12,7,0,5,1,1,0.24,0.2576,0.75,0.0896,3,92,95
8629,2011-12-31,1,0,12,7,0,6,0,3,0.38,0.3939,0.76,0,6,13,19
8653,2012-01-01,1,1,1,7,0,0,0,1,0.26,0.2576,0.93,0.1642,1,6,7
8676,2012-01-02,1,1,1,7,1,1,0,1,0.24,0.2121,0.32,0.3881,0,16,16
8700,2012-01-03,1,1,1,7,0,2,1,1,0.14,0.1212,0.59,0.2537,2,168,170
8724,2012-01-04,1,1,1,7,0,3,1,1,0.02,0.0455,0.44,0.194,1,151,152
8748,2012-01-05,1,1,1,7,0,4,1,2,0.2,0.2273,0.69,0.0896,3,212,215
8772,2012-01-06,1,1,1,7,0,5,1,2,0.24,0.2879,0.65,0,4,201,205
8796,2012-01-07,1,1,1,7,0,6,0,1,0.22,0.2273,0.87,0.194,0,20,20
8820,2012-01-08,1,1,1,7,0,0,0,2,0.3,0.3333,0.52,0,1,23,24
8844,2012-01-09,1,1,1,7,0,1,1,2,0.22,0.2424,0.6,0.1045,1,239,240
8867,2012-01-10,1,1,1,7,0,2,1,2,0.18,0.197,0.93,0.1642,3,219,222
8891,2012-01-11,1,1,1,7,0,3,1,1,0.2,0.2121,0.8,0.1343,9,247,256
8915,2012-01-12,1,1,1,7,0,4,1,2,0.34,0.3182,0.87,0.2836,2,218,220
8939,2012-01-13,1,1,1,7,0,5,1,1,0.26,0.2576,0.6,0.2239,3,174,177
8963,2012-01-14,1,1,1,7,0,6,0,1,0.14,0.1515,0.5,0.1343,0,24,24
8987,2012-01-15,1,1,1,7,0,0,0,1,0.12,0.1212,0.54,0.2836,3,14,17
9011,2012-01-16,1,1,1,7,1,1,0,1,0.1,0.1364,0.54,0.1045,5,28,33
9034,2012-01-17,1,1,1,7,0,2,1,3,0.3,0.2879,0.81,0.2239,5,121,126
9058,2012-01-18,1,1,1,7,0,3,1,1,0.32,0.2879,0.42,0.3582,1,262,263
9082,2012-01-19,1,1,1,7,0,4,1,1,0.12,0.1667,0.54,0.0896,2,204,206
9106,2012-01-20,1,1,1,7,0,5,1,1,0.22,0.2121,0.69,0.2239,2,183,185
9130,2012-01-21,1,1,1,7,0,6,0,3,0.16,0.1667,0.93,0.1642,3,10,13
9154,2012-01-22,1,1,1,7,0,0,0,2,0.16,0.1515,0.74,0.2239,2,11,13
9178,2012-01-23,1,1,1,7,0,1,1,3,0.2,0.2576,0.86,0,8,114,122
9202,2012-01-24,1,1,1,7,0,2,1,2,0.32,0.3333,0.93,0.1343,11,221,232
9226,2012-01-25,1,1,1,7,0,3,1,1,0.24,0.2273,0.75,0.2239,14,243,257
9250,2012-01-26,1,1,1,7,0,4,1,2,0.28,0.303,0.81,0.0896,11,228,239
9274,2012-01-27,1,1,1,7,0,5,1,2,0.42,0.4242,1,0.2985,6,128,134
9298,2012-01-28,1,1,1,7,0,6,0,1,0.22,0.2727,0.75,0,3,28,31
9322,2012-01-29,1,1,1,7,0,0,0,1,0.2,0.2121,0.37,0.1343,0,12,12
9346,2012-01-30,1,1,1,7,0,1,1,1,0.22,0.2121,0.44,0.2836,4,221,225
9370,2012-01-31,1,1,1,7,0,2,1,1,0.26,0.2576,0.6,0.194,6,273,279
9394,2012-02-01,1,1,2,7,0,3,1,3,0.38,0.3939,0.62,0.0896,7,201,208
9418,2012-02-02,1,1,2,7,0,4,1,3,0.36,0.3788,0.93,0,4,201,205
9442,2012-02-03,1,1,2,7,0,5,1,1,0.24,0.2273,0.65,0.2239,10,216,226
9466,2012-02-04,1,1,2,7,0,6,0,2,0.24,0.2424,0.87,0.1343,1,27,28
9490,2012-02-05,1,1,2,7,0,0,0,2,0.24,0.2424,0.75,0.1642,0,16,16
9513,2012-02-06,1,1,2,7,0,1,1,1,0.16,0.1818,0.86,0.1045,5,229,234
9537,2012-02-07,1,1,2,7,0,2,1,1,0.32,0.3485,0.45,0,6,293,299
9561,2012-02-08,1,1,2,7,0,3,1,2,0.24,0.2576,0.7,0.1045,5,276,281
9585,2012-02-09,1,1,2,7,0,4,1,1,0.2,0.197,0.69,0.2537,4,263,267
9609,2012-02-10,1,1,2,7,0,5,1,1,0.2,0.2121,0.59,0.1642,5,225,230
9633,2012-02-11,1,1,2,7,0,6,0,3,0.22,0.2273,0.93,0.1343,0,19,19
9657,2012-02-12,1,1,2,7,0,0,0,1,0.08,0.0909,0.53,0.194,0,18,18
9681,2012-02-13,1,1,2,7,0,1,1,1,0.1,0.1061,0.54,0.194,1,194,195
9705,2012-02-14,1,1,2,7,0,2,1,2,0.24,0.2576,0.6,0.0896,4,276,280
9729,2012-02-15,1,1,2,7,0,3,1,2,0.3,0.2879,0.65,0.194,3,318,321
9753,2012-02-16,1,1,2,7,0,4,1,2,0.3,0.303,0.7,0.1343,3,285,288
9777,2012-02-17,1,1,2,7,0,5,1,2,0.28,0.2879,0.93,0.1045,4,222,226
9801,2012-02-18,1,1,2,7,0,6,0,1,0.24,0.2879,0.7,0,8,33,41
9825,2012-02-19,1,1,2,7,0,0,0,2,0.24,0.2121,0.52,0.2836,2,12,14
9848,2012-02-20,1,1,2,7,1,1,0,2,0.22,0.197,0.55,0.3284,2,42,44
9871,2012-02-21,1,1,2,7,0,2,1,1,0.22,0.2727,0.64,0,6,273,279
9895,2012-02-22,1,1,2,7,0,3,1,1,0.32,0.3333,0.76,0.0896,10,292,302
9919,2012-02-23,1,1,2,7,0,4,1,1,0.36,0.3485,0.81,0.2239,9,317,326
9943,2012-02-24,1,1,2,7,0,5,1,2,0.4,0.4091,0.76,0.2239,7,265,272
9967,2012-02-25,1,1,2,7,0,6,0,1,0.28,0.2424,0.45,0.4478,3,20,23
9991,2012-02-26,1,1,2,7,0,0,0,1,0.2,0.1818,0.51,0.2985,2,20,22
10015,2012-02-27,1,1,2,7,0,1,1,1,0.24,0.2273,0.6,0.2239,2,278,280
10039,2012-02-28,1,1,2,7,0,2,1,1,0.28,0.2576,0.45,0.2985,12,313,325
10062,2012-02-29,1,1,2,7,0,3,1,2,0.26,0.2727,0.81,0.1343,11,242,253
10086,2012-03-01,1,1,3,7,0,4,1,2,0.44,0.4394,0.94,0.1343,8,296,304
10110,2012-03-02,1,1,3,7,0,5,1,1,0.3,0.3333,0.7,0,4,258,262
10134,2012-03-03,1,1,3,7,0,6,0,2,0.36,0.3485,0.93,0.1343,2,14,16
10158,2012-03-04,1,1,3,7,0,0,0,2,0.3,0.2727,0.52,0.2985,2,21,23
10182,2012-03-05,1,1,3,7,0,1,1,1,0.18,0.197,0.59,0.1343,7,253,260
10206,2012-03-06,1,1,3,7,0,2,1,1,0.16,0.1818,0.55,0.1343,5,270,275
10230,2012-03-07,1,1,3,7,0,3,1,1,0.26,0.2273,0.65,0.3881,12,332,344
10254,2012-03-08,1,1,3,7,0,4,1,1,0.42,0.4242,0.77,0.3582,8,326,334
10278,2012-03-09,1,1,3,7,0,5,1,2,0.38,0.3939,0.4,0.2985,6,262,268
10302,2012-03-10,1,1,3,7,0,6,0,1,0.22,0.2121,0.44,0.2537,4,36,40
10325,2012-03-11,1,1,3,7,0,0,0,1,0.22,0.2273,0.69,0.1343,2,15,17
10349,2012-03-12,1,1,3,7,0,1,1,1,0.34,0.3485,0.53,0.1045,9,259,268
10373,2012-03-13,1,1,3,7,0,2,1,2,0.46,0.4545,0.82,0.2836,16,292,308
10397,2012-03-14,1,1,3,7,0,3,1,1,0.44,0.4394,0.82,0.1045,20,348,368
10421,2012-03-15,1,1,3,7,0,4,1,1,0.44,0.4394,0.72,0.0896,14,367,381
10445,2012-03-16,1,1,3,7,0,5,1,2,0.4,0.4091,0.87,0.194,13,265,278
10469,2012-03-17,1,1,3,7,0,6,0,2,0.4,0.4091,1,0.1343,29,57,86
10493,2012-03-18,1,1,3,7,0,0,0,3,0.42,0.4242,0.88,0.1642,17,25,42
10517,2012-03-19,1,1,3,7,0,1,1,1,0.46,0.4545,0.88,0.194,25,329,354
10541,2012-03-20,1,1,3,7,0,2,1,3,0.52,0.5,0.94,0.2239,3,167,170
10565,2012-03-21,2,1,3,7,0,3,1,3,0.48,0.4697,0.94,0.194,34,338,372
10589,2012-03-22,2,1,3,7,0,4,1,2,0.48,0.4697,1,0.0896,29,332,361
10613,2012-03-23,2,1,3,7,0,5,1,2,0.5,0.4848,0.93,0.1343,28,318,346
10637,2012-03-24,2,1,3,7,0,6,0,2,0.5,0.4848,0.88,0.1343,25,45,70
10661,2012-03-25,2,1,3,7,0,0,0,2,0.4,0.4091,0.94,0.3284,14,25,39
10685,2012-03-26,2,1,3,7,0,1,1,1,0.44,0.4394,0.72,0.194,15,355,370
10709,2012-03-27,2,1,3,7,0,2,1,1,0.22,0.2273,0.37,0.194,9,277,286
10733,2012-03-28,2,1,3,7,0,3,1,1,0.36,0.3333,0.46,0.3284,10,348,358
10757,2012-03-29,2,1,3,7,0,4,1,1,0.46,0.4545,0.51,0.3582,14,353,367
10781,2012-03-30,2,1,3,7,0,5,1,1,0.32,0.3182,0.57,0.1642,9,280,289
10805,2012-03-31,2,1,3,7,0,6,0,2,0.36,0.3485,0.87,0.1642,5,39,44
10829,2012-04-01,2,1,4,7,0,0,0,2,0.36,0.3485,0.71,0.1343,29,55,84
10852,2012-04-02,2,1,4,7,0,1,1,1,0.34,0.303,0.66,0.3881,12,294,306
10876,2012-04-03,2,1,4,7,0,2,1,1,0.32,0.3333,0.66,0.0896,14,327,341
10900,2012-04-04,2,1,4,7,0,3,1,2,0.44,0.4394,0.62,0,12,354,366
10924,2012-04-05,2,1,4,7,0,4,1,1,0.34,0.3333,0.49,0.194,15,339,354
10948,2012-04-06,2,1,4,7,0,5,1,1,0.3,0.2879,0.49,0.2836,15,231,246
10972,2012-04-07,2,1,4,7,0,6,0,1,0.32,0.303,0.33,0.2836,14,40,54
10996,2012-04-08,2,1,4,7,0,0,0,1,0.38,0.3939,0.27,0.1642,12,25,37
11020,2012-04-09,2,1,4,7,0,1,1,1,0.42,0.4242,0.28,0.194,11,320,331
11044,2012-04-10,2,1,4,7,0,2,1,1,0.34,0.3485,0.71,0.1045,16,368,384
11067,2012-04-11,2,1,4,7,0,3,1,1,0.28,0.2879,0.52,0.1343,18,303,321
11091,2012-04-12,2,1,4,7,0,4,1,1,0.3,0.2727,0.65,0.3284,12,294,306
11115,2012-04-13,2,1,4,7,0,5,1,1,0.34,0.3182,0.61,0.2239,13,283,296
11139,2012-04-14,2,1,4,7,0,6,0,1,0.36,0.3636,0.71,0.1045,8,56,64
11163,2012-04-15,2,1,4,7,0,0,0,1,0.5,0.4848,0.63,0.1045,16,30,46
11187,2012-04-16,2,1,4,7,1,1,0,1,0.52,0.5,0.83,0.1343,20,367,387
11211,2012-04-17,2,1,4,7,0,2,1,1,0.6,0.6212,0.43,0.2537,18,443,461
11235,2012-04-18,2,1,4,7,0,3,1,2,0.5,0.4848,0.39,0.194,10,408,418
11259,2012-04-19,2,1,4,7,0,4,1,2,0.4,0.4091,0.82,0.1343,15,391,406
11283,2012-04-20,2,1,4,7,0,5,1,1,0.42,0.4242,0.94,0,9,350,359
11307,2012-04-21,2,1,4,7,0,6,0,1,0.5,0.4848,0.82,0.2836,21,55,76
11331,2012-04-22,2,1,4,7,0,0,0,3,0.42,0.4242,0.77,0.3881,2,22,24
11355,2012-04-23,2,1,4,7,0,1,1,3,0.3,0.2879,0.81,0.2537,1,206,207
11379,2012-04-24,2,1,4,7,0,2,1,1,0.32,0.303,0.66,0.2836,3,387,390
11403,2012-04-25,2,1,4,7,0,3,1,1,0.34,0.3636,0.71,0,13,376,389
11427,2012-04-26,2,1,4,7,0,4,1,3,0.46,0.4545,0.82,0.3582,3,222,225
11451,2012-04-27,2,1,4,7,0,5,1,1,0.38,0.3939,0.5,0.2836,10,305,315
11475,2012-04-28,2,1,4,7,0,6,0,1,0.34,0.3333,0.49,0.1642,10,45,55
11499,2012-04-29,2,1,4,7,0,0,0,2,0.34,0.3333,0.87,0.1343,7,20,27
11523,2012-04-30,2,1,4,7,0,1,1,1,0.4,0.4091,0.5,0.194,6,343,349
11547,2012-05-01,2,1,5,7,0,2,1,2,0.5,0.4848,0.94,0.2537,8,161,169
11571,2012-05-02,2,1,5,7,0,3,1,2,0.54,0.5152,0.88,0.194,14,344,358
11595,2012-05-03,2,1,5,7,0,4,1,3,0.44,0.4394,0.94,0.1045,8,376,384
11619,2012-05-04,2,1,5,7,0,5,1,1,0.56,0.5303,0.88,0,9,347,356
11643,2012-05-05,2,1,5,7,0,6,0,1,0.56,0.5303,0.88,0,8,79,87
11667,2012-05-06,2,1,5,7,0,0,0,3,0.52,0.5,0.83,0.1642,5,31,36
11691,2012-05-07,2,1,5,7,0,1,1,2,0.48,0.4697,0.82,0.1045,18,367,385
11715,2012-05-08,2,1,5,7,0,2,1,1,0.52,0.5,0.72,0.2836,21,442,463
11739,2012-05-09,2,1,5,7,0,3,1,2,0.56,0.5303,0.94,0.194,17,401,418
11763,2012-05-10,2,1,5,7,0,4,1,1,0.44,0.4394,0.72,0.2985,8,393,401
11787,2012-05-11,2,1,5,7,0,5,1,1,0.42,0.4242,0.5,0.2537,6,345,351
11811,2012-05-12,2,1,5,7,0,6,0,1,0.42,0.4242,0.71,0.1343,10,57,67
11835,2012-05-13,2,1,5,7,0,0,0,1,0.52,0.5,0.68,0.1642,18,42,60
11859,2012-05-14,2,1,5,7,0,1,1,3,0.52,0.5,0.94,0.194,3,72,75
11883,2012-05-15,2,1,5,7,0,2,1,3,0.56,0.5303,0.94,0.1343,1,91,92
11907,2012-05-16,2,1,5,7,0,3,1,1,0.56,0.5303,0.83,0,14,426,440
11931,2012-05-17,2,1,5,7,0,4,1,1,0.54,0.5152,0.73,0.3881,25,449,474
11955,2012-05-18,2,1,5,7,0,5,1,1,0.46,0.4545,0.82,0.1045,40,475,515
11979,2012-05-19,2,1,5,7,0,6,0,1,0.46,0.4545,0.67,0.1045,28,67,95
12003,2012-05-20,2,1,5,7,0,0,0,1,0.52,0.5,0.68,0.194,35,55,90
12027,2012-05-21,2,1,5,7,0,1,1,3,0.56,0.5303,0.88,0.2985,7,146,153
12051,2012-05-22,2,1,5,7,0,2,1,3,0.56,0.5303,0.88,0.1045,9,315,324
12075,2012-05-23,2,1,5,7,0,3,1,1,0.58,0.5455,0.83,0,16,452,468
12099,2012-05-24,2,1,5,7,0,4,1,1,0.6,0.5606,0.83,0.1045,22,393,415
12123,2012-05-25,2,1,5,7,0,5,1,2,0.62,0.5606,0.88,0.1642,7,352,359
12147,2012-05-26,2,1,5,7,0,6,0,2,0.62,0.5606,0.88,0.1642,10,44,54
12171,2012-05-27,2,1,5,7,0,0,0,1,0.62,0.5606,0.88,0.1642,22,30,52
12195,2012-05-28,2,1,5,7,1,1,0,1,0.62,0.5909,0.78,0.1045,24,43,67
12219,2012-05-29,2,1,5,7,0,2,1,1,0.66,0.6061,0.78,0.2239,19,431,450
12243,2012-05-30,2,1,5,7,0,3,1,3,0.6,0.5758,0.78,0.194,14,469,483
12267,2012-05-31,2,1,5,7,0,4,1,1,0.6,0.6061,0.64,0.2836,18,489,507
12291,2012-06-01,2,1,6,7,0,5,1,2,0.64,0.5758,0.89,0.194,33,369,402
12315,2012-06-02,2,1,6,7,0,6,0,1,0.52,0.5,0.72,0.1045,9,77,86
12339,2012-06-03,2,1,6,7,0,0,0,1,0.5,0.4848,0.68,0.1045,6,29,35
12363,2012-06-04,2,1,6,7,0,1,1,1,0.56,0.5303,0.6,0.2239,13,504,517
12387,2012-06-05,2,1,6,7,0,2,1,1,0.48,0.4697,0.77,0.2985,29,540,569
12411,2012-06-06,2,1,6,7,0,3,1,1,0.5,0.4848,0.72,0,16,531,547
12435,2012-06-07,2,1,6,7,0,4,1,1,0.5,0.4848,0.82,0.1642,20,506,526
12459,2012-06-08,2,1,6,7,0,5,1,1,0.52,0.5,0.72,0.1045,19,409,428
12483,2012-06-09,2,1,6,7,0,6,0,1,0.58,0.5455,0.64,0.1045,26,61,87
12507,2012-06-10,2,1,6,7,0,0,0,1,0.6,0.5758,0.78,0.1045,21,41,62
12531,2012-06-11,2,1,6,7,0,1,1,1,0.64,0.5909,0.78,0.1045,25,478,503
12555,2012-06-12,2,1,6,7,0,2,1,3,0.62,0.5606,0.88,0.2537,16,287,303
12579,2012-06-13,2,1,6,7,0,3,1,1,0.6,0.5606,0.83,0.2985,25,480,505
12603,2012-06-14,2,1,6,7,0,4,1,1,0.6,0.6061,0.6,0.2836,26,480,506
12627,2012-06-15,2,1,6,7,0,5,1,1,0.56,0.5303,0.83,0.1642,17,413,430
12651,2012-06-16,2,1,6,7,0,6,0,1,0.54,0.5152,0.68,0.194,10,68,78
12675,2012-06-17,2,1,6,7,0,0,0,1,0.52,0.5,0.72,0.0896,18,30,48
12699,2012-06-18,2,1,6,7,0,1,1,3,0.52,0.5,0.94,0.2239,10,135,145
12723,2012-06-19,2,1,6,7,0,2,1,2,0.6,0.5758,0.78,0.1343,18,462,480
12747,2012-06-20,2,1,6,7,0,3,1,2,0.66,0.5909,0.89,0,20,444,464
12771,2012-06-21,3,1,6,7,0,4,1,2,0.7,0.6667,0.84,0.0896,26,437,463
12795,2012-06-22,3,1,6,7,0,5,1,1,0.74,0.6818,0.58,0.1642,19,340,359
12819,2012-06-23,3,1,6,7,0,6,0,1,0.64,0.5758,0.83,0.1642,19,59,78
12843,2012-06-24,3,1,6,7,0,0,0,1,0.64,0.6061,0.69,0.1045,23,48,71
12867,2012-06-25,3,1,6,7,0,1,1,1,0.66,0.6212,0.74,0.2239,30,455,485
12891,2012-06-26,3,1,6,7,0,2,1,1,0.52,0.5,0.52,0.3582,21,531,552
12915,2012-06-27,3,1,6,7,0,3,1,1,0.6,0.6212,0.43,0.3582,29,498,527
12939,2012-06-28,3,1,6,7,0,4,1,1,0.62,0.6061,0.61,0.1045,24,484,508
12963,2012-06-29,3,1,6,7,0,5,1,1,0.7,0.6515,0.61,0.1045,19,361,380
12987,2012-06-30,3,1,6,7,0,6,0,1,0.64,0.5758,0.89,0.1642,10,82,92
13011,2012-07-01,3,1,7,7,0,0,0,1,0.74,0.697,0.7,0,13,37,50
13035,2012-07-02,3,1,7,7,0,1,1,1,0.74,0.6667,0.51,0.1045,8,390,398
13059,2012-07-03,3,1,7,7,0,2,1,1,0.74,0.6818,0.58,0,21,462,483
13083,2012-07-04,3,1,7,7,1,3,0,1,0.68,0.6364,0.65,0,10,62,72
13107,2012-07-05,3,1,7,7,0,4,1,1,0.76,0.697,0.55,0,27,316,343
13131,2012-07-06,3,1,7,7,0,5,1,1,0.78,0.697,0.46,0.1343,20,333,353
13155,2012-07-07,3,1,7,7,0,6,0,1,0.78,0.7576,0.66,0.1045,8,63,71
13179,2012-07-08,3,1,7,7,0,0,0,1,0.8,0.803,0.66,0,19,33,52
13203,2012-07-09,3,1,7,7,0,1,1,3,0.66,0.6061,0.83,0.2239,7,223,230
13227,2012-07-10,3,1,7,7,0,2,1,2,0.7,0.6667,0.74,0.1045,31,489,520
13251,2012-07-11,3,1,7,7,0,3,1,2,0.66,0.6061,0.83,0.1045,26,471,497
13275,2012-07-12,3,1,7,7,0,4,1,1,0.64,0.6061,0.73,0.1343,32,480,512
13299,2012-07-13,3,1,7,7,0,5,1,2,0.7,0.6515,0.54,0,27,353,380
13323,2012-07-14,3,1,7,7,0,6,0,1,0.64,0.5909,0.78,0.2836,7,41,48
13347,2012-07-15,3,1,7,7,0,0,0,1,0.7,0.6667,0.79,0.0896,17,30,47
13371,2012-07-16,3,1,7,7,0,1,1,1,0.72,0.6818,0.7,0.0896,24,459,483
13395,2012-07-17,3,1,7,7,0,2,1,2,0.74,0.697,0.7,0,26,500,526
13419,2012-07-18,3,1,7,7,0,3,1,1,0.74,0.697,0.66,0.1642,23,472,495
13443,2012-07-19,3,1,7,7,0,4,1,1,0.74,0.6818,0.58,0.2836,23,450,473
13467,2012-07-20,3,1,7,7,0,5,1,2,0.66,0.5909,0.89,0.194,14,346,360
13491,2012-07-21,3,1,7,7,0,6,0,2,0.58,0.5455,0.88,0.2537,8,29,37
13515,2012-07-22,3,1,7,7,0,0,0,2,0.62,0.5758,0.83,0,13,25,38
13539,2012-07-23,3,1,7,7,0,1,1,1,0.7,0.6667,0.84,0.1343,17,404,421
13563,2012-07-24,3,1,7,7,0,2,1,1,0.7,0.6667,0.74,0.1642,24,492,516
13587,2012-07-25,3,1,7,7,0,3,1,1,0.66,0.6212,0.5,0.3284,34,473,507
13611,2012-07-26,3,1,7,7,0,4,1,1,0.7,0.6667,0.74,0.2537,17,478,495
13635,2012-07-27,3,1,7,7,0,5,1,1,0.72,0.6818,0.7,0.194,13,397,410
13659,2012-07-28,3,1,7,7,0,6,0,1,0.72,0.6818,0.7,0.1343,18,58,76
13683,2012-07-29,3,1,7,7,0,0,0,1,0.66,0.6212,0.69,0.2537,4,36,40
13707,2012-07-30,3,1,7,7,0,1,1,1,0.7,0.6667,0.79,0.0896,14,455,469
13731,2012-07-31,3,1,7,7,0,2,1,1,0.68,0.6364,0.83,0.2239,21,492,513
13755,2012-08-01,3,1,8,7,0,3,1,2,0.64,0.5758,0.83,0.1343,19,468,487
13779,2012-08-02,3,1,8,7,0,4,1,1,0.7,0.6667,0.79,0,21,452,473
13803,2012-08-03,3,1,8,7,0,5,1,1,0.7,0.6667,0.74,0.1045,25,396,421
13827,2012-08-04,3,1,8,7,0,6,0,1,0.72,0.697,0.77,0.1642,18,49,67
13851,2012-08-05,3,1,8,7,0,0,0,1,0.74,0.7121,0.74,0.2985,18,50,68
13875,2012-08-06,3,1,8,7,0,1,1,3,0.72,0.6818,0.7,0.194,14,393,407
13899,2012-08-07,3,1,8,7,0,2,1,2,0.7,0.6667,0.74,0.1343,21,481,502
13923,2012-08-08,3,1,8,7,0,3,1,2,0.7,0.6667,0.84,0.1642,24,458,482
13947,2012-08-09,3,1,8,7,0,4,1,2,0.7,0.6667,0.84,0.1642,24,451,475
13971,2012-08-10,3,1,8,7,0,5,1,3,0.64,0.5758,0.89,0.1045,5,128,133
13995,2012-08-11,3,1,8,7,0,6,0,1,0.64,0.5758,0.83,0.0896,8,54,62
14019,2012-08-12,3,1,8,7,0,0,0,1,0.64,0.6061,0.65,0.1343,9,30,39
14043,2012-08-13,3,1,8,7,0,1,1,1,0.66,0.6212,0.65,0.1343,11,425,436
14067,2012-08-14,3,1,8,7,0,2,1,2,0.66,0.6061,0.83,0.0896,1,178,179
14091,2012-08-15,3,1,8,7,0,3,1,2,0.66,0.6212,0.69,0.194,25,467,492
14115,2012-08-16,3,1,8,7,0,4,1,1,0.64,0.6061,0.69,0.2239,16,448,464
14139,2012-08-17,3,1,8,7,0,5,1,1,0.64,0.2424,0.73,0.1045,11,368,379
14163,2012-08-18,3,1,8,7,0,6,0,1,0.6,0.5606,0.83,0.2239,12,52,64
14187,2012-08-19,3,1,8,7,0,0,0,2,0.62,0.6061,0.69,0.1343,12,29,41
14211,2012-08-20,3,1,8,7,0,1,1,2,0.62,0.5909,0.78,0.1343,15,427,442
14235,2012-08-21,3,1,8,7,0,2,1,1,0.6,0.5758,0.78,0.1045,19,500,519
14259,2012-08-22,3,1,8,7,0,3,1,1,0.62,0.5909,0.78,0,16,537,553
14283,2012-08-23,3,1,8,7,0,4,1,2,0.62,0.5758,0.83,0.0896,18,463,481
14307,2012-08-24,3,1,8,7,0,5,1,2,0.64,0.5909,0.78,0,13,412,425
14331,2012-08-25,3,1,8,7,0,6,0,2,0.64,0.5909,0.78,0.194,14,88,102
14355,2012-08-26,3,1,8,7,0,0,0,1,0.64,0.5758,0.89,0.194,11,23,34
14379,2012-08-27,3,1,8,7,0,1,1,1,0.66,0.6061,0.83,0,15,418,433
14403,2012-08-28,3,1,8,7,0,2,1,2,0.66,0.6061,0.83,0.1045,14,255,269
14427,2012-08-29,3,1,8,7,0,3,1,1,0.64,0.6061,0.65,0.0896,23,531,554
14451,2012-08-30,3,1,8,7,0,4,1,1,0.64,0.6061,0.73,0,31,501,532
14475,2012-08-31,3,1,8,7,0,5,1,2,0.64,0.5758,0.89,0.0896,21,400,421
14499,2012-09-01,3,1,9,7,0,6,0,2,0.74,0.6818,0.58,0.1343,8,58,66
14523,2012-09-02,3,1,9,7,0,0,0,1,0.66,0.5909,0.94,0.0896,13,29,42
14547,2012-09-03,3,1,9,7,1,1,0,1,0.68,0.6364,0.85,0,6,37,43
14571,2012-09-04,3,1,9,7,0,2,1,2,0.68,0.6364,0.89,0.1045,13,480,493
14595,2012-09-05,3,1,9,7,0,3,1,2,0.7,0.6667,0.79,0.2537,11,489,500
14619,2012-09-06,3,1,9,7,0,4,1,2,0.7,0.6667,0.84,0.1045,21,461,482
14643,2012-09-07,3,1,9,7,0,5,1,1,0.64,0.5758,0.89,0.1045,21,465,486
14667,2012-09-08,3,1,9,7,0,6,0,1,0.66,0.5909,0.89,0.2836,11,71,82
14691,2012-09-09,3,1,9,7,0,0,0,1,0.54,0.5152,0.73,0.1642,20,50,70
14715,2012-09-10,3,1,9,7,0,1,1,1,0.52,0.5,0.68,0.2239,20,427,447
14739,2012-09-11,3,1,9,7,0,2,1,1,0.5,0.4848,0.72,0.1045,24,572,596
14763,2012-09-12,3,1,9,7,0,3,1,1,0.52,0.5,0.72,0,24,533,557
14787,2012-09-13,3,1,9,7,0,4,1,1,0.54,0.5152,0.77,0,22,549,571
14811,2012-09-14,3,1,9,7,0,5,1,2,0.56,0.5303,0.88,0,17,437,454
14835,2012-09-15,3,1,9,7,0,6,0,1,0.54,0.5152,0.52,0.2836,10,63,73
14859,2012-09-16,3,1,9,7,0,0,0,1,0.5,0.4848,0.77,0.1045,28,43,71
14883,2012-09-17,3,1,9,7,0,1,1,1,0.52,0.5,0.77,0,18,474,492
14907,2012-09-18,3,1,9,7,0,2,1,2,0.64,0.5758,0.89,0.4478,13,343,356
14931,2012-09-19,3,1,9,7,0,3,1,1,0.52,0.5,0.63,0.2239,16,529,545
14955,2012-09-20,3,1,9,7,0,4,1,1,0.46,0.4545,0.82,0.1045,20,514,534
14979,2012-09-21,3,1,9,7,0,5,1,1,0.52,0.5,0.77,0,35,468,503
15003,2012-09-22,3,1,9,7,0,6,0,1,0.58,0.5455,0.78,0.2537,7,70,77
15027,2012-09-23,4,1,9,7,0,0,0,1,0.46,0.4545,0.59,0.2239,9,48,57
15051,2012-09-24,4,1,9,7,0,1,1,1,0.46,0.4545,0.67,0.1343,17,513,530
15075,2012-09-25,4,1,9,7,0,2,1,1,0.44,0.4394,0.77,0.194,17,539,556
15099,2012-09-26,4,1,9,7,0,3,1,1,0.54,0.5152,0.77,0.1343,9,523,532
15123,2012-09-27,4,1,9,7,0,4,1,1,0.6,0.5758,0.78,0,12,546,558
15147,2012-09-28,4,1,9,7,0,5,1,2,0.56,0.5303,0.94,0,10,384,394
15171,2012-09-29,4,1,9,7,0,6,0,1,0.48,0.4697,0.67,0.2836,12,61,73
15195,2012-09-30,4,1,9,7,0,0,0,1,0.44,0.4394,0.77,0,14,43,57
15219,2012-10-01,4,1,10,7,0,1,1,1,0.44,0.4394,0.77,0.1642,13,470,483
15243,2012-10-02,4,1,10,7,0,2,1,3,0.58,0.5455,0.83,0.1045,4,256,260
15267,2012-10-03,4,1,10,7,0,3,1,2,0.6,0.5152,0.94,0.194,11,504,515
15291,2012-10-04,4,1,10,7,0,4,1,2,0.64,0.5758,0.89,0.0896,12,379,391
15315,2012-10-05,4,1,10,7,0,5,1,1,0.52,0.5,0.83,0.1045,11,417,428
15339,2012-10-06,4,1,10,7,0,6,0,1,0.54,0.5152,0.83,0.2985,13,71,84
15363,2012-10-07,4,1,10,7,0,0,0,3,0.42,0.4242,0.58,0.1642,6,29,35
15387,2012-10-08,4,1,10,7,1,1,0,2,0.34,0.3333,0.76,0.1642,3,151,154
15411,2012-10-09,4,1,10,7,0,2,1,1,0.38,0.3939,0.83,0.2537,5,357,362
15435,2012-10-10,4,1,10,7,0,3,1,1,0.46,0.4545,0.82,0.1045,9,498,507
15459,2012-10-11,4,1,10,7,0,4,1,1,0.36,0.3333,0.5,0.2537,11,467,478
15483,2012-10-12,4,1,10,7,0,5,1,1,0.36,0.3636,0.81,0.0896,8,384,392
15507,2012-10-13,4,1,10,7,0,6,0,1,0.3,0.303,0.61,0.1642,10,60,70
15531,2012-10-14,4,1,10,7,0,0,0,1,0.42,0.4242,0.82,0.2239,7,44,51
15555,2012-10-15,4,1,10,7,0,1,1,2,0.58,0.5455,0.68,0.3284,15,461,476
15579,2012-10-16,4,1,10,7,0,2,1,1,0.42,0.4242,0.67,0.0896,20,505,525
15603,2012-10-17,4,1,10,7,0,3,1,1,0.36,0.3636,0.81,0.1045,15,449,464
15627,2012-10-18,4,1,10,7,0,4,1,1,0.44,0.4394,0.88,0.2537,20,488,508
15651,2012-10-19,4,1,10,7,0,5,1,3,0.54,0.5152,0.94,0,5,149,154
15675,2012-10-20,4,1,10,7,0,6,0,1,0.4,0.4091,0.82,0,6,59,65
15699,2012-10-21,4,1,10,7,0,0,0,1,0.4,0.4091,0.62,0,13,43,56
15723,2012-10-22,4,1,10,7,0,1,1,1,0.38,0.3939,0.66,0.0896,15,437,452
15747,2012-10-23,4,1,10,7,0,2,1,2,0.44,0.4394,0.77,0.1045,12,519,531
15771,2012-10-24,4,1,10,7,0,3,1,1,0.5,0.4848,0.88,0.0896,20,506,526
15795,2012-10-25,4,1,10,7,0,4,1,2,0.52,0.5,0.88,0.194,18,477,495
15819,2012-10-26,4,1,10,7,0,5,1,2,0.52,0.5,0.88,0.1045,13,408,421
15843,2012-10-27,4,1,10,7,0,6,0,1,0.48,0.4697,0.83,0.194,7,79,86
15867,2012-10-28,4,1,10,7,0,0,0,2,0.5,0.4848,0.59,0.2985,17,48,65
15903,2012-10-31,4,1,10,7,0,3,1,2,0.3,0.303,0.87,0.1343,3,334,337
15927,2012-11-01,4,1,11,7,0,4,1,2,0.36,0.3485,0.57,0.1642,6,414,420
15951,2012-11-02,4,1,11,7,0,5,1,2,0.3,0.303,0.7,0.1343,8,349,357
15975,2012-11-03,4,1,11,7,0,6,0,2,0.32,0.303,0.49,0.2537,1,58,59
15999,2012-11-04,4,1,11,7,0,0,0,1,0.26,0.2727,0.65,0.1045,11,39,50
16023,2012-11-05,4,1,11,7,0,1,1,2,0.3,0.2879,0.49,0.2537,8,453,461
16047,2012-11-06,4,1,11,7,0,2,1,1,0.2,0.2121,0.69,0.1642,9,378,387
16071,2012-11-07,4,1,11,7,0,3,1,2,0.26,0.2273,0.56,0.2985,5,314,319
16094,2012-11-08,4,1,11,7,0,4,1,1,0.28,0.2576,0.36,0.3881,12,411,423
16118,2012-11-09,4,1,11,7,0,5,1,1,0.26,0.2727,0.65,0.1343,9,332,341
16142,2012-11-10,4,1,11,7,0,6,0,1,0.26,0.2727,0.87,0.1045,14,57,71
16166,2012-11-11,4,1,11,7,0,0,0,1,0.3,0.3182,0.89,0.0896,12,56,68
16190,2012-11-12,4,1,11,7,1,1,0,1,0.4,0.4091,0.87,0,16,248,264
16214,2012-11-13,4,1,11,7,0,2,1,3,0.32,0.303,0.87,0.2537,1,106,107
16238,2012-11-14,4,1,11,7,0,3,1,1,0.24,0.2121,0.65,0.2836,10,405,415
16262,2012-11-15,4,1,11,7,0,4,1,2,0.3,0.2879,0.65,0.194,7,403,410
16286,2012-11-16,4,1,11,7,0,5,1,2,0.3,0.303,0.61,0.1642,5,362,367
16310,2012-11-17,4,1,11,7,0,6,0,1,0.24,0.2273,0.7,0.194,8,70,78
16334,2012-11-18,4,1,11,7,0,0,0,1,0.28,0.2727,0.81,0.194,3,39,42
16358,2012-11-19,4,1,11,7,0,1,1,2,0.36,0.3333,0.66,0.2985,5,381,386
16382,2012-11-20,4,1,11,7,0,2,1,1,0.32,0.3333,0.76,0.0896,7,411,418
16406,2012-11-21,4,1,11,7,0,3,1,1,0.26,0.2879,0.87,0.0896,11,262,273
16430,2012-11-22,4,1,11,7,1,4,0,1,0.22,0.2273,0.75,0.1343,7,49,56
16454,2012-11-23,4,1,11,7,0,5,1,1,0.24,0.2879,0.81,0,5,72,77
16478,2012-11-24,4,1,11,7,0,6,0,2,0.26,0.2273,0.41,0.3284,4,21,25
16502,2012-11-25,4,1,11,7,0,0,0,2,0.22,0.2424,0.51,0.1045,2,19,21
16526,2012-11-26,4,1,11,7,0,1,1,1,0.24,0.2879,0.65,0,2,363,365
16550,2012-11-27,4,1,11,7,0,2,1,3,0.3,0.303,0.81,0.1343,4,289,293
16574,2012-11-28,4,1,11,7,0,3,1,2,0.26,0.2576,0.56,0.194,6,403,409
16597,2012-11-29,4,1,11,7,0,4,1,1,0.2,0.2576,0.64,0,8,354,362
16621,2012-11-30,4,1,11,7,0,5,1,1,0.22,0.2727,0.8,0,6,346,352
16645,2012-12-01,4,1,12,7,0,6,0,2,0.24,0.2424,0.87,0.1343,7,56,63
16669,2012-12-02,4,1,12,7,0,0,0,2,0.24,0.2424,0.93,0.1343,5,26,31
16693,2012-12-03,4,1,12,7,0,1,1,2,0.34,0.3636,0.93,0,9,387,396
16717,2012-12-04,4,1,12,7,0,2,1,1,0.42,0.4242,0.88,0.1343,7,495,502
16741,2012-12-05,4,1,12,7,0,3,1,3,0.46,0.4545,0.59,0.2985,9,389,398
16765,2012-12-06,4,1,12,7,0,4,1,1,0.22,0.2121,0.51,0.2985,8,381,389
16789,2012-12-07,4,1,12,7,0,5,1,3,0.28,0.2727,0.81,0.1642,3,212,215
16813,2012-12-08,4,1,12,7,0,6,0,2,0.36,0.3636,1,0.0896,3,36,39
16837,2012-12-09,4,1,12,7,0,0,0,3,0.4,0.4091,0.87,0.2239,1,22,23
16861,2012-12-10,4,1,12,7,0,1,1,2,0.38,0.3939,0.94,0.2537,3,291,294
16885,2012-12-11,4,1,12,7,0,2,1,1,0.34,0.303,0.66,0.4179,8,372,380
16909,2012-12-12,4,1,12,7,0,3,1,2,0.26,0.2576,0.6,0.194,3,366,369
16933,2012-12-13,4,1,12,7,0,4,1,1,0.24,0.2273,0.6,0.2239,5,380,385
16957,2012-12-14,4,1,12,7,0,5,1,1,0.2,0.2121,0.72,0.1045,3,305,308
16981,2012-12-15,4,1,12,7,0,6,0,2,0.24,0.2576,0.75,0.0896,1,47,48
17005,2012-12-16,4,1,12,7,0,0,0,2,0.34,0.3485,0.87,0.0896,5,22,27
17029,2012-12-17,4,1,12,7,0,1,1,2,0.36,0.3485,0.93,0.1343,5,314,319
17053,2012-12-18,4,1,12,7,0,2,1,1,0.36,0.3485,0.93,0.1343,4,351,355
17077,2012-12-19,4,1,12,7,0,3,1,1,0.26,0.2727,0.75,0.1343,3,360,363
17101,2012-12-20,4,1,12,7,0,4,1,2,0.3,0.3333,0.7,0,4,346,350
17125,2012-12-21,1,1,12,7,0,5,1,2,0.32,0.3182,0.57,0.194,3,205,208
17149,2012-12-22,1,1,12,7,0,6,0,1,0.26,0.2273,0.44,0.4179,2,18,20
17173,2012-12-23,1,1,12,7,0,0,0,1,0.16,0.197,0.64,0.0896,3,16,19
17196,2012-12-24,1,1,12,7,0,1,1,1,0.2,0.2576,0.69,0,3,27,30
17219,2012-12-25,1,1,12,7,1,2,0,2,0.22,0.2273,0.93,0.1642,0,6,6
17243,2012-12-26,1,1,12,7,0,3,1,3,0.2,0.1818,0.86,0.3284,0,26,26
17267,2012-12-27,1,1,12,7,0,4,1,1,0.24,0.2273,0.7,0.2239,0,90,90
17291,2012-12-28,1,1,12,7,0,5,1,1,0.22,0.2273,0.64,0.1642,1,111,112
17315,2012-12-29,1,1,12,7,0,6,0,2,0.26,0.2424,0.7,0.1343,1,17,18
17339,2012-12-30,1,1,12,7,0,0,0,1,0.24,0.2121,0.56,0.3582,0,13,13
17363,2012-12-31,1,1,12,7,0,1,1,1,0.16,0.1818,0.64,0.1343,2,83,85
