9,2011-01-01,1,0,1,8,0,6,0,1,0.24,0.2879,0.75,0,1,7,8
32,2011-01-02,1,0,1,8,0,0,0,3,0.4,0.4091,0.71,0.2239,0,8,8
54,2011-01-03,1,0,1,8,0,1,1,1,0.14,0.1212,0.5,0.2836,1,153,154
77,2011-01-04,1,0,1,8,0,2,1,1,0.14,0.1515,0.69,0.1642,2,177,179
100,2011-01-05,1,0,1,8,0,3,1,1,0.2,0.1818,0.4,0.2985,3,192,195
123,2011-01-06,1,0,1,8,0,4,1,1,0.16,0.2273,0.59,0,3,216,219
146,2011-01-07,1,0,1,8,0,5,1,1,0.2,0.197,0.51,0.2537,20,190,210
170,2011-01-08,1,0,1,8,0,6,0,3,0.16,0.1818,0.93,0.1045,0,15,15
194,2011-01-09,1,0,1,8,0,0,0,1,0.1,0.0909,0.49,0.2836,0,10,10
218,2011-01-10,1,0,1,8,0,1,1,2,0.12,0.1212,0.5,0.2836,4,184,188
240,2011-01-11,1,0,1,8,0,2,1,2,0.18,0.2121,0.51,0.0896,3,214,217
262,2011-01-12,1,0,1,8,0,3,1,1,0.16,0.1667,0.59,0.1642,3,125,128
286,2011-01-13,1,0,1,8,0,4,1,1,0.14,0.1364,0.5,0.194,5,197,202
309,2011-01-14,1,0,1,8,0,5,1,1,0.12,0.1667,0.68,0,2,156,158
333,2011-01-15,1,0,1,8,0,6,0,1,0.14,0.1515,0.63,0.1343,1,22,23
357,2011-01-16,1,0,1,8,0,0,0,1,0.22,0.2121,0.55,0.2836,0,18,18
381,2011-01-17,1,0,1,8,1,1,0,2,0.16,0.1515,0.47,0.2239,3,30,33
416,2011-01-19,1,0,1,8,0,3,1,2,0.24,0.2576,0.93,0.1045,1,196,197
440,2011-01-20,1,0,1,8,0,4,1,1,0.22,0.2121,0.55,0.2836,2,247,249
464,2011-01-21,1,0,1,8,0,5,1,1,0.2,0.1818,0.47,0.3284,7,210,217
487,2011-01-22,1,0,1,8,0,6,0,1,0.02,0,0.44,0.3284,1,26,27
510,2011-01-23,1,0,1,8,0,0,0,1,0.06,0.0758,0.62,0.1642,2,17,19
533,2011-01-24,1,0,1,8,0,1,1,1,0.04,0.1364,0.49,0,6,171,177
556,2011-01-25,1,0,1,8,0,2,1,2,0.16,0.1818,0.74,0.1343,5,233,238
578,2011-01-26,1,0,1,8,0,3,1,3,0.22,0.2121,0.87,0.2985,3,69,72
603,2011-01-28,1,0,1,8,0,5,1,2,0.16,0.197,0.86,0.0896,2,155,157
626,2011-01-29,1,0,1,8,0,6,0,1,0.18,0.197,0.55,0.1642,3,31,34
649,2011-01-30,1,0,1,8,0,0,0,2,0.14,0.2121,0.86,0,1,11,12
673,2011-01-31,1,0,1,8,0,1,1,2,0.16,0.1364,0.59,0.2836,3,182,185
696,2011-02-01,1,0,2,8,0,2,1,3,0.16,0.2273,0.93,0,3,132,135
720,2011-02-02,1,0,2,8,0,3,1,3,0.22,0.2121,0.93,0.2239,1,154,155
743,2011-02-03,1,0,2,8,0,4,1,1,0.14,0.1212,0.5,0.3582,4,184,188
766,2011-02-04,1,0,2,8,0,5,1,1,0.14,0.1515,0.74,0.1343,3,217,220
790,2011-02-05,1,0,2,8,0,6,0,3,0.2,0.2273,1,0.0896,0,10,10
814,2011-02-06,1,0,2,8,0,0,0,1,0.24,0.2576,0.65,0.1045,2,21,23
838,2011-02-07,1,0,2,8,0,1,1,2,0.16,0.2273,1,0,7,223,230
862,2011-02-08,1,0,2,8,0,2,1,1,0.24,0.197,0.56,0.4925,7,236,243
885,2011-02-09,1,0,2,8,0,3,1,1,0.1,0.1364,0.42,0,1,198,199
908,2011-02-10,1,0,2,8,0,4,1,1,0.1,0.0758,0.49,0.3284,5,173,178
930,2011-02-11,1,0,2,8,0,5,1,1,0.1,0.1212,0.74,0.1642,4,212,216
954,2011-02-12,1,0,2,8,0,6,0,1,0.14,0.1515,0.86,0.1343,2,28,30
977,2011-02-13,1,0,2,8,0,0,0,2,0.22,0.2273,0.64,0.194,1,11,12
1001,2011-02-14,1,0,2,8,0,1,1,1,0.38,0.3939,0.4,0.4627,7,249,256
1024,2011-02-15,1,0,2,8,0,2,1,1,0.2,0.1818,0.32,0.3582,10,213,223
1047,2011-02-16,1,0,2,8,0,3,1,2,0.22,0.2273,0.55,0.1642,6,224,230
1071,2011-02-17,1,0,2,8,0,4,1,1,0.32,0.3333,0.57,0.0896,18,267,285
1095,2011-02-18,1,0,2,8,0,5,1,2,0.42,0.4242,0.77,0.194,26,246,272
1119,2011-02-19,1,0,2,8,0,6,0,1,0.38,0.3939,0.17,0.5821,9,36,45
1142,2011-02-20,1,0,2,8,0,0,0,1,0.2,0.2273,0.51,0.1045,2,22,24
1166,2011-02-21,1,0,2,8,1,1,0,2,0.32,0.303,0.57,0.2985,7,56,63
1184,2011-02-22,1,0,2,8,0,2,1,2,0.12,0.1212,0.8,0.2537,7,107,114
1207,2011-02-23,1,0,2,8,0,3,1,1,0.14,0.1515,0.54,0.1642,8,227,235
1230,2011-02-24,1,0,2,8,0,4,1,1,0.24,0.2273,0.7,0.2239,8,244,252
1253,2011-02-25,1,0,2,8,0,5,1,3,0.36,0.3485,0.93,0.1343,3,70,73
1277,2011-02-26,1,0,2,8,0,6,0,2,0.24,0.2879,0.6,0,2,55,57
1300,2011-02-27,1,0,2,8,0,0,0,1,0.26,0.303,0.87,0,9,26,35
1322,2011-02-28,1,0,2,8,0,1,1,2,0.34,0.303,0.93,0.2985,13,242,255
1346,2011-03-01,1,0,3,8,0,2,1,1,0.2,0.1818,0.59,0.3881,10,204,214
1370,2011-03-02,1,0,3,8,0,3,1,1,0.24,0.2121,0.65,0.2836,13,243,256
1394,2011-03-03,1,0,3,8,0,4,1,1,0.14,0.1212,0.39,0.2985,4,216,220
1418,2011-03-04,1,0,3,8,0,5,1,1,0.18,0.197,0.74,0.1343,6,222,228
1442,2011-03-05,1,0,3,8,0,6,0,2,0.3,0.2727,1,0.2985,11,34,45
1465,2011-03-06,1,0,3,8,0,0,0,2,0.4,0.4091,1,0.2985,1,8,9
1488,2011-03-07,1,0,3,8,0,1,1,1,0.2,0.1818,0.75,0.3881,11,200,211
1512,2011-03-08,1,0,3,8,0,2,1,1,0.22,0.2273,0.55,0.194,10,247,257
1536,2011-03-09,1,0,3,8,0,3,1,2,0.24,0.2424,0.87,0.1343,11,238,249
1558,2011-03-10,1,0,3,8,0,4,1,3,0.38,0.3939,0,0.2836,1,43,44
1581,2011-03-11,1,0,3,8,0,5,1,1,0.28,0.2727,0.7,0.2537,15,244,259
1605,2011-03-12,1,0,3,8,0,6,0,1,0.26,0.2576,0.65,0.1642,9,44,53
1628,2011-03-13,1,0,3,8,0,0,0,1,0.4,0.4091,0.5,0.2985,11,23,34
1651,2011-03-14,1,0,3,8,0,1,1,2,0.3,0.303,0.56,0.1343,24,217,241
1674,2011-03-15,1,0,3,8,0,2,1,1,0.26,0.2879,0.7,0.0896,23,259,282
1697,2011-03-16,1,0,3,8,0,3,1,2,0.32,0.3182,0.93,0,26,227,253
1721,2011-03-17,1,0,3,8,0,4,1,1,0.36,0.3485,0.66,0.1343,17,282,299
1744,2011-03-18,1,0,3,8,0,5,1,1,0.42,0.4242,0.67,0.2537,24,256,280
1768,2011-03-19,1,0,3,8,0,6,0,1,0.42,0.4242,0.47,0.4925,11,37,48
1792,2011-03-20,1,0,3,8,0,0,0,1,0.28,0.2727,0.56,0.1642,7,30,37
1815,2011-03-21,2,0,3,8,0,1,1,2,0.3,0.2727,0.87,0.4179,3,95,98
1839,2011-03-22,2,0,3,8,0,2,1,2,0.4,0.4091,0.58,0.2985,24,312,336
1862,2011-03-23,2,0,3,8,0,3,1,2,0.32,0.3182,0.87,0.194,14,247,261
1886,2011-03-24,2,0,3,8,0,4,1,3,0.26,0.2273,1,0.2985,4,120,124
1910,2011-03-25,2,0,3,8,0,5,1,1,0.22,0.2121,0.51,0.2836,9,228,237
1934,2011-03-26,2,0,3,8,0,6,0,1,0.22,0.2273,0.44,0.1343,24,42,66
1957,2011-03-27,2,0,3,8,0,0,0,1,0.2,0.197,0.69,0.2239,6,8,14
1980,2011-03-28,2,0,3,8,0,1,1,1,0.2,0.197,0.34,0.2239,15,239,254
2004,2011-03-29,2,0,3,8,0,2,1,1,0.24,0.2121,0.35,0.3582,19,268,287
2028,2011-03-30,2,0,3,8,0,3,1,2,0.32,0.3182,0.49,0.1642,16,247,263
2052,2011-03-31,2,0,3,8,0,4,1,2,0.24,0.2273,1,0.2537,7,185,192
2076,2011-04-01,2,0,4,8,0,5,1,2,0.26,0.2424,0.87,0.2537,8,198,206
2100,2011-04-02,2,0,4,8,0,6,0,1,0.3,0.3182,0.7,0.1045,10,45,55
2124,2011-04-03,2,0,4,8,0,0,0,1,0.34,0.3333,0.57,0.1642,18,44,62
2148,2011-04-04,2,0,4,8,0,1,1,2,0.46,0.4545,0.55,0.2985,31,308,339
2172,2011-04-05,2,0,4,8,0,2,1,3,0.38,0.3939,0.87,0.5821,9,148,157
2196,2011-04-06,2,0,4,8,0,3,1,1,0.32,0.303,0.61,0.2239,17,308,325
2220,2011-04-07,2,0,4,8,0,4,1,1,0.36,0.3485,0.76,0.194,23,291,314
2244,2011-04-08,2,0,4,8,0,5,1,3,0.34,0.3333,0.87,0.1642,13,208,221
2268,2011-04-09,2,0,4,8,0,6,0,2,0.32,0.303,0.93,0.1642,7,47,54
2292,2011-04-10,2,0,4,8,0,0,0,2,0.38,0.3939,0.94,0.0896,17,38,55
2315,2011-04-11,2,0,4,8,0,1,1,2,0.52,0.5,0.88,0.2836,28,286,314
2339,2011-04-12,2,0,4,8,0,2,1,3,0.48,0.4697,0.88,0.3881,15,211,226
2363,2011-04-13,2,0,4,8,0,3,1,3,0.38,0.3939,0.94,0.194,6,158,164
2387,2011-04-14,2,0,4,8,0,4,1,1,0.42,0.4242,0.58,0.1642,21,316,337
2411,2011-04-15,2,0,4,8,1,5,0,1,0.44,0.4394,0.62,0.2985,21,279,300
2435,2011-04-16,2,0,4,8,0,6,0,3,0.4,0.4091,0.87,0.3582,7,38,45
2459,2011-04-17,2,0,4,8,0,0,0,1,0.38,0.3939,0.46,0.3881,7,36,43
2483,2011-04-18,2,0,4,8,0,1,1,1,0.46,0.4545,0.63,0,20,277,297
2507,2011-04-19,2,0,4,8,0,2,1,2,0.5,0.4848,0.68,0.1343,20,331,351
2531,2011-04-20,2,0,4,8,0,3,1,1,0.62,0.6061,0.69,0.4627,22,374,396
2555,2011-04-21,2,0,4,8,0,4,1,2,0.4,0.4091,0.5,0.4925,19,346,365
2579,2011-04-22,2,0,4,8,0,5,1,2,0.34,0.3182,0.53,0.2537,15,331,346
2603,2011-04-23,2,0,4,8,0,6,0,2,0.36,0.3333,1,0.2537,15,32,47
2627,2011-04-24,2,0,4,8,0,0,0,1,0.52,0.5,0.94,0.2239,38,42,80
2651,2011-04-25,2,0,4,8,0,1,1,1,0.56,0.5303,0.88,0.1045,27,326,353
2675,2011-04-26,2,0,4,8,0,2,1,1,0.58,0.5455,0.83,0.2985,32,417,449
2699,2011-04-27,2,0,4,8,0,3,1,2,0.58,0.5455,0.88,0.3284,31,413,444
2723,2011-04-28,2,0,4,8,0,4,1,2,0.66,0.6061,0.78,0.4478,31,367,398
2747,2011-04-29,2,0,4,8,0,5,1,1,0.54,0.5152,0.39,0.2985,35,386,421
2771,2011-04-30,2,0,4,8,0,6,0,1,0.4,0.4091,0.54,0.2985,21,70,91
2795,2011-05-01,2,0,5,8,0,0,0,2,0.44,0.4394,0.77,0.1343,16,43,59
2819,2011-05-02,2,0,5,8,0,1,1,2,0.48,0.4697,0.77,0.2239,21,350,371
2843,2011-05-03,2,0,5,8,0,2,1,2,0.56,0.5303,0.83,0.2836,24,435,459
2867,2011-05-04,2,0,5,8,0,3,1,3,0.34,0.303,0.93,0.3881,5,74,79
2891,2011-05-05,2,0,5,8,0,4,1,1,0.42,0.4242,0.5,0.2537,25,415,440
2915,2011-05-06,2,0,5,8,0,5,1,1,0.42,0.4242,0.77,0.2537,35,415,450
2939,2011-05-07,2,0,5,8,0,6,0,1,0.52,0.5,0.52,0.194,19,96,115
2963,2011-05-08,2,0,5,8,0,0,0,1,0.52,0.5,0.63,0.1343,28,58,86
2987,2011-05-09,2,0,5,8,0,1,1,1,0.52,0.5,0.55,0.2239,23,351,374
3011,2011-05-10,2,0,5,8,0,2,1,2,0.5,0.4848,0.51,0.1045,28,397,425
3035,2011-05-11,2,0,5,8,0,3,1,1,0.48,0.4697,0.77,0.2537,21,421,442
3059,2011-05-12,2,0,5,8,0,4,1,1,0.48,0.4697,0.82,0.194,27,394,421
3083,2011-05-13,2,0,5,8,0,5,1,2,0.5,0.4848,0.88,0.194,26,361,387
3107,2011-05-14,2,0,5,8,0,6,0,3,0.5,0.4848,0.94,0,16,72,88
3131,2011-05-15,2,0,5,8,0,0,0,2,0.54,0.5152,0.94,0.1343,24,46,70
3155,2011-05-16,2,0,5,8,0,1,1,1,0.56,0.5303,0.73,0.2985,28,366,394
3179,2011-05-17,2,0,5,8,0,2,1,2,0.52,0.5,0.94,0.2985,22,325,347
3203,2011-05-18,2,0,5,8,0,3,1,1,0.56,0.5303,0.88,0.2836,25,428,453
3227,2011-05-19,2,0,5,8,0,4,1,2,0.52,0.5,0.88,0,34,453,487
3251,2011-05-20,2,0,5,8,0,5,1,1,0.54,0.5152,0.68,0,41,476,517
3275,2011-05-21,2,0,5,8,0,6,0,1,0.56,0.5303,0.68,0.2836,29,97,126
3299,2011-05-22,2,0,5,8,0,0,0,1,0.6,0.5909,0.73,0.0896,29,65,94
3323,2011-05-23,2,0,5,8,0,1,1,1,0.6,0.5455,0.88,0.194,50,359,409
3347,2011-05-24,2,0,5,8,0,2,1,3,0.62,0.5758,0.83,0.2239,31,403,434
3371,2011-05-25,2,0,5,8,0,3,1,1,0.64,0.6061,0.69,0.2239,36,495,531
3395,2011-05-26,2,0,5,8,0,4,1,2,0.66,0.6061,0.83,0.1642,31,458,489
3419,2011-05-27,2,0,5,8,0,5,1,1,0.66,0.6212,0.74,0.2836,25,393,418
3443,2011-05-28,2,0,5,8,0,6,0,1,0.62,0.5909,0.78,0.194,27,75,102
3467,2011-05-29,2,0,5,8,0,0,0,2,0.62,0.5606,0.88,0.2239,34,62,96
3491,2011-05-30,2,0,5,8,1,1,0,2,0.66,0.5909,0.89,0.1045,36,58,94
3515,2011-05-31,2,0,5,8,0,2,1,1,0.78,0.7424,0.59,0.1343,34,372,406
3539,2011-06-01,2,0,6,8,0,3,1,2,0.72,0.697,0.79,0.194,37,417,454
3563,2011-06-02,2,0,6,8,0,4,1,1,0.7,0.6364,0.32,0.2985,25,442,467
3587,2011-06-03,2,0,6,8,0,5,1,2,0.56,0.5303,0.43,0.3284,31,471,502
3611,2011-06-04,2,0,6,8,0,6,0,1,0.6,0.6212,0.46,0.0896,29,96,125
3635,2011-06-05,2,0,6,8,0,0,0,2,0.6,0.5909,0.73,0.2537,24,74,98
3659,2011-06-06,2,0,6,8,0,1,1,1,0.64,0.6061,0.73,0.0896,28,410,438
3683,2011-06-07,2,0,6,8,0,2,1,2,0.68,0.6364,0.61,0.1343,45,432,477
3707,2011-06-08,2,0,6,8,0,3,1,1,0.76,0.7121,0.58,0.1642,46,435,481
3731,2011-06-09,2,0,6,8,0,4,1,2,0.76,0.7273,0.7,0.1045,32,400,432
3755,2011-06-10,2,0,6,8,0,5,1,1,0.74,0.6818,0.58,0.1343,29,423,452
3779,2011-06-11,2,0,6,8,0,6,0,1,0.74,0.6818,0.58,0.194,32,111,143
3803,2011-06-12,2,0,6,8,0,0,0,1,0.7,0.6667,0.74,0,28,64,92
3827,2011-06-13,2,0,6,8,0,1,1,1,0.58,0.5455,0.49,0.4478,44,432,476
3851,2011-06-14,2,0,6,8,0,2,1,1,0.58,0.5455,0.49,0.3881,45,441,486
3875,2011-06-15,2,0,6,8,0,3,1,1,0.58,0.5455,0.53,0.1343,53,445,498
3899,2011-06-16,2,0,6,8,0,4,1,2,0.6,0.5909,0.69,0.1343,24,364,388
3923,2011-06-17,2,0,6,8,0,5,1,2,0.6,0.5606,0.83,0,28,426,454
3947,2011-06-18,2,0,6,8,0,6,0,1,0.66,0.6061,0.78,0.0896,28,103,131
3971,2011-06-19,2,0,6,8,0,0,0,3,0.68,0.6364,0.74,0.1045,25,59,84
3995,2011-06-20,2,0,6,8,0,1,1,3,0.56,0.5303,0.83,0.194,12,209,221
4019,2011-06-21,3,0,6,8,0,2,1,2,0.62,0.5606,0.88,0.1045,33,368,401
4043,2011-06-22,3,0,6,8,0,3,1,1,0.72,0.697,0.74,0.1045,27,396,423
4067,2011-06-23,3,0,6,8,0,4,1,2,0.74,0.697,0.7,0.194,20,412,432
4091,2011-06-24,3,0,6,8,0,5,1,1,0.7,0.6667,0.74,0.2239,27,439,466
4115,2011-06-25,3,0,6,8,0,6,0,1,0.7,0.6515,0.48,0.2537,27,85,112
4139,2011-06-26,3,0,6,8,0,0,0,1,0.64,0.6212,0.61,0.194,29,78,107
4163,2011-06-27,3,0,6,8,0,1,1,1,0.66,0.6212,0.74,0.194,29,418,447
4187,2011-06-28,3,0,6,8,0,2,1,1,0.7,0.6667,0.79,0.1642,39,417,456
4211,2011-06-29,3,0,6,8,0,3,1,1,0.7,0.6515,0.48,0.2836,41,499,540
4235,2011-06-30,3,0,6,8,0,4,1,1,0.68,0.6364,0.47,0.2239,44,511,555
4259,2011-07-01,3,0,7,8,0,5,1,1,0.7,0.6364,0.42,0.1642,39,453,492
4283,2011-07-02,3,0,7,8,0,6,0,1,0.68,0.6364,0.57,0,38,94,132
4307,2011-07-03,3,0,7,8,0,0,0,1,0.68,0.6364,0.79,0.2239,39,53,92
4331,2011-07-04,3,0,7,8,1,1,0,1,0.7,0.6667,0.74,0.1045,42,44,86
4355,2011-07-05,3,0,7,8,0,2,1,1,0.72,0.6818,0.62,0.1343,41,391,432
4379,2011-07-06,3,0,7,8,0,3,1,2,0.72,0.697,0.74,0.1045,31,397,428
4403,2011-07-07,3,0,7,8,0,4,1,2,0.7,0.6667,0.79,0.194,28,415,443
4427,2011-07-08,3,0,7,8,0,5,1,2,0.72,0.697,0.74,0.2537,36,421,457
4451,2011-07-09,3,0,7,8,0,6,0,1,0.7,0.6515,0.7,0.2537,68,114,182
4475,2011-07-10,3,0,7,8,0,0,0,1,0.72,0.6818,0.66,0,27,65,92
4499,2011-07-11,3,0,7,8,0,1,1,1,0.74,0.697,0.66,0.2836,35,385,420
4523,2011-07-12,3,0,7,8,0,2,1,1,0.76,0.7121,0.58,0.2239,35,382,417
4547,2011-07-13,3,0,7,8,0,3,1,1,0.8,0.7424,0.49,0.2537,31,418,449
4571,2011-07-14,3,0,7,8,0,4,1,1,0.64,0.6212,0.5,0.3582,53,433,486
4595,2011-07-15,3,0,7,8,0,5,1,1,0.64,0.6061,0.65,0.2537,50,514,564
4619,2011-07-16,3,0,7,8,0,6,0,1,0.66,0.6212,0.65,0.1642,37,90,127
4643,2011-07-17,3,0,7,8,0,0,0,1,0.68,0.6364,0.65,0.2239,45,73,118
4667,2011-07-18,3,0,7,8,0,1,1,1,0.7,0.6515,0.7,0.194,18,329,347
4691,2011-07-19,3,0,7,8,0,2,1,2,0.76,0.7273,0.7,0.1642,31,381,412
4715,2011-07-20,3,0,7,8,0,3,1,1,0.74,0.7121,0.74,0,34,404,438
4739,2011-07-21,3,0,7,8,0,4,1,2,0.76,0.7576,0.79,0.1642,23,358,381
4763,2011-07-22,3,0,7,8,0,5,1,2,0.84,0.8485,0.63,0.1642,30,292,322
4787,2011-07-23,3,0,7,8,0,6,0,1,0.84,0.7879,0.49,0.2537,24,85,109
4811,2011-07-24,3,0,7,8,0,0,0,1,0.82,0.7879,0.56,0.2836,22,82,104
4835,2011-07-25,3,0,7,8,0,1,1,2,0.76,0.7424,0.75,0,34,353,387
4859,2011-07-26,3,0,7,8,0,2,1,1,0.74,0.6818,0.55,0.194,32,392,424
4883,2011-07-27,3,0,7,8,0,3,1,1,0.74,0.6667,0.42,0.2537,28,405,433
4907,2011-07-28,3,0,7,8,0,4,1,1,0.74,0.697,0.66,0.1642,47,409,456
4931,2011-07-29,3,0,7,8,0,5,1,2,0.76,0.7727,0.77,0,30,354,384
4955,2011-07-30,3,0,7,8,0,6,0,1,0.78,0.7424,0.59,0.2239,27,87,114
4979,2011-07-31,3,0,7,8,0,0,0,1,0.76,0.697,0.55,0.2239,54,88,142
5003,2011-08-01,3,0,8,8,0,1,1,1,0.8,0.7273,0.43,0.194,35,347,382
5027,2011-08-02,3,0,8,8,0,2,1,1,0.74,0.6818,0.58,0.2836,37,398,435
5051,2011-08-03,3,0,8,8,0,3,1,2,0.74,0.6667,0.51,0.1642,29,408,437
5075,2011-08-04,3,0,8,8,0,4,1,2,0.7,0.6515,0.82,0.3582,29,369,398
5099,2011-08-05,3,0,8,8,0,5,1,1,0.7,0.6515,0.65,0.2239,39,415,454
5123,2011-08-06,3,0,8,8,0,6,0,1,0.68,0.6364,0.83,0.1642,27,94,121
5147,2011-08-07,3,0,8,8,0,0,0,1,0.72,0.697,0.79,0.194,23,66,89
5171,2011-08-08,3,0,8,8,0,1,1,1,0.74,0.6818,0.58,0.3284,29,320,349
5195,2011-08-09,3,0,8,8,0,2,1,1,0.74,0.697,0.66,0,40,352,392
5219,2011-08-10,3,0,8,8,0,3,1,1,0.74,0.6667,0.51,0.194,38,361,399
5243,2011-08-11,3,0,8,8,0,4,1,1,0.7,0.6364,0.45,0.1642,29,361,390
5267,2011-08-12,3,0,8,8,0,5,1,1,0.68,0.6364,0.39,0.2239,29,397,426
5291,2011-08-13,3,0,8,8,0,6,0,2,0.7,0.6515,0.65,0.1642,28,90,118
5315,2011-08-14,3,0,8,8,0,0,0,2,0.66,0.5909,0.89,0.2836,20,21,41
5339,2011-08-15,3,0,8,8,0,1,1,1,0.64,0.5909,0.78,0.3284,29,326,355
5363,2011-08-16,3,0,8,8,0,2,1,1,0.7,0.6515,0.58,0.4478,24,417,441
5387,2011-08-17,3,0,8,8,0,3,1,1,0.7,0.6515,0.54,0.1642,35,452,487
5411,2011-08-18,3,0,8,8,0,4,1,1,0.66,0.6212,0.74,0.2836,27,393,420
5435,2011-08-19,3,0,8,8,0,5,1,2,0.66,0.6061,0.83,0,30,368,398
5459,2011-08-20,3,0,8,8,0,6,0,1,0.66,0.6212,0.69,0,27,106,133
5483,2011-08-21,3,0,8,8,0,0,0,1,0.7,0.6667,0.79,0.2239,30,62,92
5507,2011-08-22,3,0,8,8,0,1,1,1,0.66,0.6212,0.61,0.3284,20,331,351
5531,2011-08-23,3,0,8,8,0,2,1,2,0.62,0.6212,0.5,0,43,461,504
5555,2011-08-24,3,0,8,8,0,3,1,1,0.62,0.6061,0.69,0.1343,32,436,468
5579,2011-08-25,3,0,8,8,0,4,1,2,0.7,0.6667,0.74,0.2985,23,461,484
5603,2011-08-26,3,0,8,8,0,5,1,1,0.66,0.6061,0.83,0.1045,17,387,404
5627,2011-08-27,3,0,8,8,0,6,0,2,0.7,0.6667,0.84,0.2537,14,62,76
5638,2011-08-28,3,0,8,8,0,0,0,3,0.62,0.5758,0.83,0.4179,2,6,8
5662,2011-08-29,3,0,8,8,0,1,1,1,0.62,0.6212,0.57,0.2537,20,384,404
5686,2011-08-30,3,0,8,8,0,2,1,1,0.62,0.6212,0.57,0.1343,34,459,493
5710,2011-08-31,3,0,8,8,0,3,1,1,0.62,0.6061,0.69,0,27,440,467
5734,2011-09-01,3,0,9,8,0,4,1,1,0.62,0.5909,0.73,0.1343,31,467,498
5758,2011-09-02,3,0,9,8,0,5,1,1,0.62,0.5909,0.78,0.194,22,434,456
5782,2011-09-03,3,0,9,8,0,6,0,1,0.64,0.6061,0.69,0.1642,24,65,89
5806,2011-09-04,3,0,9,8,0,0,0,1,0.66,0.6061,0.78,0.1642,21,49,70
5830,2011-09-05,3,0,9,8,1,1,0,2,0.66,0.6061,0.78,0.194,45,56,101
5853,2011-09-06,3,0,9,8,0,2,1,3,0.54,0.5152,0.83,0.3881,15,349,364
5877,2011-09-07,3,0,9,8,0,3,1,3,0.62,0.5455,0.94,0.0896,9,319,328
5900,2011-09-08,3,0,9,8,0,4,1,3,0.62,0.5455,0.94,0.1343,7,188,195
5924,2011-09-09,3,0,9,8,0,5,1,3,0.62,0.5455,0.94,0.1642,12,276,288
5948,2011-09-10,3,0,9,8,0,6,0,1,0.62,0.5758,0.83,0.1642,16,103,119
5972,2011-09-11,3,0,9,8,0,0,0,1,0.64,0.5909,0.78,0,25,69,94
5995,2011-09-12,3,0,9,8,0,1,1,1,0.6,0.5758,0.78,0.0896,26,382,408
6019,2011-09-13,3,0,9,8,0,2,1,1,0.6,0.5606,0.81,0.1045,26,399,425
6043,2011-09-14,3,0,9,8,0,3,1,1,0.62,0.5758,0.83,0.1642,33,396,429
6067,2011-09-15,3,0,9,8,0,4,1,1,0.64,0.6061,0.73,0.1343,27,364,391
6091,2011-09-16,3,0,9,8,0,5,1,1,0.42,0.4242,0.67,0.2239,23,386,409
6115,2011-09-17,3,0,9,8,0,6,0,2,0.46,0.4545,0.77,0.2537,27,81,108
6139,2011-09-18,3,0,9,8,0,0,0,1,0.46,0.4545,0.72,0.2537,16,53,69
6163,2011-09-19,3,0,9,8,0,1,1,2,0.52,0.5,0.77,0.1343,29,391,420
6187,2011-09-20,3,0,9,8,0,2,1,3,0.54,0.5152,0.94,0.2537,13,196,209
6211,2011-09-21,3,0,9,8,0,3,1,2,0.54,0.5152,1,0.1045,18,444,462
6235,2011-09-22,3,0,9,8,0,4,1,2,0.6,0.5,1,0.1642,26,389,415
6259,2011-09-23,4,0,9,8,0,5,1,3,0.62,0.5455,0.94,0.1343,20,297,317
6283,2011-09-24,4,0,9,8,0,6,0,2,0.58,0.5455,0.9,0.0896,19,102,121
6307,2011-09-25,4,0,9,8,0,0,0,2,0.62,0.5606,0.88,0,27,59,86
6331,2011-09-26,4,0,9,8,0,1,1,2,0.62,0.5455,0.94,0,29,326,355
6355,2011-09-27,4,0,9,8,0,2,1,2,0.64,0.5758,0.89,0.1045,27,400,427
6379,2011-09-28,4,0,9,8,0,3,1,3,0.62,0.5455,0.94,0.2239,17,270,287
6403,2011-09-29,4,0,9,8,0,4,1,1,0.6,0.5606,0.83,0,29,402,431
6427,2011-09-30,4,0,9,8,0,5,1,1,0.54,0.5152,0.77,0.1343,31,425,456
6451,2011-10-01,4,0,10,8,0,6,0,2,0.4,0.4091,0.76,0.3284,9,58,67
6475,2011-10-02,4,0,10,8,0,0,0,2,0.34,0.3333,0.76,0.194,14,50,64
6499,2011-10-03,4,0,10,8,0,1,1,2,0.36,0.3636,0.71,0.1045,13,359,372
6523,2011-10-04,4,0,10,8,0,2,1,1,0.44,0.4394,0.77,0.2239,28,372,400
6547,2011-10-05,4,0,10,8,0,3,1,1,0.52,0.5,0.63,0,26,441,467
6571,2011-10-06,4,0,10,8,0,4,1,1,0.44,0.4394,0.62,0.1642,20,437,457
6595,2011-10-07,4,0,10,8,0,5,1,1,0.46,0.4545,0.82,0,31,386,417
6619,2011-10-08,4,0,10,8,0,6,0,1,0.46,0.4545,0.82,0,14,89,103
6643,2011-10-09,4,0,10,8,0,0,0,1,0.46,0.4545,0.88,0,25,82,107
6667,2011-10-10,4,0,10,8,1,1,0,1,0.52,0.5,0.83,0,27,227,254
6691,2011-10-11,4,0,10,8,0,2,1,2,0.56,0.5303,0.83,0.1045,31,375,406
6715,2011-10-12,4,0,10,8,0,3,1,2,0.54,0.5152,0.88,0.3881,27,377,404
6739,2011-10-13,4,0,10,8,0,4,1,3,0.54,0.5152,1,0.0896,10,199,209
6763,2011-10-14,4,0,10,8,0,5,1,2,0.56,0.5303,0.9,0.1642,23,186,209
6787,2011-10-15,4,0,10,8,0,6,0,1,0.46,0.4545,0.59,0.2836,24,101,125
6811,2011-10-16,4,0,10,8,0,0,0,1,0.44,0.4394,0.62,0.194,28,71,99
6835,2011-10-17,4,0,10,8,0,1,1,2,0.5,0.4848,0.51,0.2537,33,381,414
6859,2011-10-18,4,0,10,8,0,2,1,1,0.5,0.4848,0.77,0.0896,25,474,499
6882,2011-10-19,4,0,10,8,0,3,1,3,0.54,0.5152,0.7,0.4925,10,200,210
6906,2011-10-20,4,0,10,8,0,4,1,1,0.44,0.4394,0.67,0.5224,17,409,426
6930,2011-10-21,4,0,10,8,0,5,1,1,0.4,0.4091,0.62,0.194,16,386,402
6954,2011-10-22,4,0,10,8,0,6,0,1,0.4,0.4091,0.71,0,26,88,114
6978,2011-10-23,4,0,10,8,0,0,0,1,0.36,0.3485,0.87,0.1343,32,56,88
7002,2011-10-24,4,0,10,8,0,1,1,2,0.42,0.4242,0.88,0.1642,20,378,398
7026,2011-10-25,4,0,10,8,0,2,1,1,0.44,0.4394,0.72,0,25,383,408
7050,2011-10-26,4,0,10,8,0,3,1,2,0.44,0.4394,0.67,0.194,26,438,464
7074,2011-10-27,4,0,10,8,0,4,1,3,0.48,0.4697,0.88,0.194,12,304,316
7098,2011-10-28,4,0,10,8,0,5,1,1,0.3,0.2879,0.61,0.2836,13,361,374
7122,2011-10-29,4,0,10,8,0,6,0,3,0.28,0.2576,0.87,0.3582,4,16,20
7146,2011-10-30,4,0,10,8,0,0,0,1,0.26,0.2576,0.7,0.2239,20,60,80
7170,2011-10-31,4,0,10,8,0,1,1,2,0.28,0.3182,0.87,0,17,355,372
7194,2011-11-01,4,0,11,8,0,2,1,1,0.36,0.3333,0.71,0.2537,17,402,419
7218,2011-11-02,4,0,11,8,0,3,1,1,0.32,0.3485,0.87,0,20,452,472
7242,2011-11-03,4,0,11,8,0,4,1,2,0.34,0.3485,0.81,0.0896,8,394,402
7266,2011-11-04,4,0,11,8,0,5,1,2,0.4,0.4091,0.87,0.3582,8,387,395
7290,2011-11-05,4,0,11,8,0,6,0,1,0.28,0.2576,0.56,0.3284,4,80,84
7314,2011-11-06,4,0,11,8,0,0,0,2,0.28,0.303,0.87,0.0896,19,71,90
7338,2011-11-07,4,0,11,8,0,1,1,2,0.3,0.3182,1,0.0896,13,397,410
7362,2011-11-08,4,0,11,8,0,2,1,1,0.32,0.3333,0.93,0.1045,11,455,466
7386,2011-11-09,4,0,11,8,0,3,1,1,0.32,0.3485,0.93,0,19,437,456
7410,2011-11-10,4,0,11,8,0,4,1,2,0.4,0.4091,0.94,0.0896,18,418,436
7434,2011-11-11,4,0,11,8,1,5,0,1,0.3,0.2727,0.42,0.3582,9,249,258
7458,2011-11-12,4,0,11,8,0,6,0,1,0.26,0.2576,0.7,0.194,14,87,101
7482,2011-11-13,4,0,11,8,0,0,0,1,0.34,0.3485,0.66,0.0896,24,55,79
7506,2011-11-14,4,0,11,8,0,1,1,2,0.46,0.4545,0.67,0.194,27,425,452
7530,2011-11-15,4,0,11,8,0,2,1,2,0.54,0.5152,0.68,0.1045,27,453,480
7554,2011-11-16,4,0,11,8,0,3,1,3,0.46,0.4545,0.94,0,9,223,232
7578,2011-11-17,4,0,11,8,0,4,1,3,0.34,0.303,0.61,0.2985,12,343,355
7602,2011-11-18,4,0,11,8,0,5,1,1,0.22,0.2273,0.44,0.194,6,369,375
7626,2011-11-19,4,0,11,8,0,6,0,1,0.26,0.2424,0.56,0.2537,12,80,92
7650,2011-11-20,4,0,11,8,0,0,0,2,0.42,0.4242,0.71,0.2836,13,52,65
7674,2011-11-21,4,0,11,8,0,1,1,2,0.46,0.4545,0.94,0,13,378,391
7698,2011-11-22,4,0,11,8,0,2,1,3,0.38,0.3939,0.94,0.2239,5,185,190
7722,2011-11-23,4,0,11,8,0,3,1,2,0.48,0.4697,0.94,0.1045,7,316,323
7746,2011-11-24,4,0,11,8,1,4,0,1,0.3,0.3182,0.65,0.0896,4,42,46
7770,2011-11-25,4,0,11,8,0,5,1,1,0.26,0.2727,0.81,0.1343,6,68,74
7794,2011-11-26,4,0,11,8,0,6,0,1,0.32,0.3333,0.76,0.0896,10,50,60
7818,2011-11-27,4,0,11,8,0,0,0,1,0.4,0.4091,0.82,0.2985,6,36,42
7841,2011-11-28,4,0,11,8,0,1,1,2,0.42,0.4242,0.94,0,13,394,407
7865,2011-11-29,4,0,11,8,0,2,1,1,0.54,0.5152,0.77,0.2836,9,440,449
7889,2011-11-30,4,0,11,8,0,3,1,1,0.28,0.2727,0.81,0.194,13,465,478
7913,2011-12-01,4,0,12,8,0,4,1,1,0.26,0.2273,0.6,0.3284,15,462,477
7937,2011-12-02,4,0,12,8,0,5,1,1,0.24,0.2879,0.87,0,13,432,445
7961,2011-12-03,4,0,12,8,0,6,0,1,0.24,0.2576,0.75,0.0896,1,62,63
7985,2011-12-04,4,0,12,8,0,0,0,1,0.26,0.303,0.87,0,7,48,55
8009,2011-12-05,4,0,12,8,0,1,1,1,0.32,0.3485,0.93,0,12,392,404
8033,2011-12-06,4,0,12,8,0,2,1,2,0.46,0.4545,0.94,0.194,13,401,414
8057,2011-12-07,4,0,12,8,0,3,1,3,0.44,0.4394,1,0,6,80,86
8081,2011-12-08,4,0,12,8,0,4,1,1,0.22,0.2121,0.55,0.2836,11,418,429
8105,2011-12-09,4,0,12,8,0,5,1,1,0.24,0.2879,0.81,0,7,378,385
8129,2011-12-10,4,0,12,8,0,6,0,1,0.26,0.2727,0.65,0.1343,5,68,73
8153,2011-12-11,4,0,12,8,0,0,0,1,0.16,0.2273,0.69,0,4,68,72
8177,2011-12-12,4,0,12,8,0,1,1,2,0.16,0.1818,0.8,0.1045,7,378,385
8201,2011-12-13,4,0,12,8,0,2,1,1,0.2,0.2273,0.69,0.1045,9,391,400
8225,2011-12-14,4,0,12,8,0,3,1,2,0.26,0.303,0.87,0,9,458,467
8249,2011-12-15,4,0,12,8,0,4,1,2,0.34,0.3182,0.66,0.2239,8,449,457
8273,2011-12-16,4,0,12,8,0,5,1,1,0.36,0.3333,0.46,0.4179,10,449,459
8297,2011-12-17,4,0,12,8,0,6,0,2,0.26,0.2576,0.56,0.2239,4,55,59
8321,2011-12-18,4,0,12,8,0,0,0,1,0.2,0.2576,0.69,0,1,31,32
8345,2011-12-19,4,0,12,8,0,1,1,1,0.2,0.197,0.75,0.194,8,389,397
8369,2011-12-20,4,0,12,8,0,2,1,2,0.42,0.4242,0.54,0.0896,10,422,432
8393,2011-12-21,1,0,12,8,0,3,1,3,0.36,0.3788,0.93,0,12,393,405
8417,2011-12-22,1,0,12,8,0,4,1,2,0.36,0.3788,0.87,0,10,333,343
8441,2011-12-23,1,0,12,8,0,5,1,1,0.4,0.4091,0.76,0.2537,9,173,182
8465,2011-12-24,1,0,12,8,0,6,0,1,0.28,0.2727,0.7,0.194,0,27,27
8488,2011-12-25,1,0,12,8,0,0,0,1,0.2,0.2121,0.8,0.1642,1,4,5
8511,2011-12-26,1,0,12,8,1,1,0,1,0.32,0.3333,0.45,0.1343,5,13,18
8535,2011-12-27,1,0,12,8,0,2,1,2,0.3,0.303,0.65,0.1642,9,155,164
8558,2011-12-28,1,0,12,8,0,3,1,1,0.32,0.2879,0.57,0.3582,11,206,217
8582,2011-12-29,1,0,12,8,0,4,1,2,0.2,0.2576,0.64,0,3,207,210
8606,2011-12-30,1,0,12,8,0,5,1,2,0.24,0.2576,0.75,0.0896,12,193,205
8630,2011-12-31,1,0,12,8,0,6,0,1,0.34,0.3333,0.81,0.1343,7,42,49
8654,2012-01-01,1,1,1,8,0,0,0,1,0.26,0.2727,0.87,0.1045,4,10,14
8677,2012-01-02,1,1,1,8,1,1,0,1,0.24,0.2273,0.35,0.2537,2,51,53
8701,2012-01-03,1,1,1,8,0,2,1,1,0.16,0.1364,0.55,0.2836,5,349,354
8725,2012-01-04,1,1,1,8,0,3,1,1,0.02,0.0606,0.44,0.1343,5,310,315
8749,2012-01-05,1,1,1,8,0,4,1,2,0.2,0.2576,0.75,0,11,377,388
8773,2012-01-06,1,1,1,8,0,5,1,1,0.24,0.2424,0.7,0.1343,11,436,447
8797,2012-01-07,1,1,1,8,0,6,0,1,0.24,0.2576,0.75,0.1045,0,64,64
8821,2012-01-08,1,1,1,8,0,0,0,1,0.3,0.303,0.52,0.1343,4,53,57
8845,2012-01-09,1,1,1,8,0,1,1,2,0.22,0.2576,0.55,0.0896,13,407,420
8868,2012-01-10,1,1,1,8,0,2,1,2,0.18,0.197,0.93,0.1642,6,465,471
8892,2012-01-11,1,1,1,8,0,3,1,1,0.2,0.2273,0.82,0.1045,11,488,499
8916,2012-01-12,1,1,1,8,0,4,1,1,0.32,0.3182,0.81,0.194,11,497,508
8940,2012-01-13,1,1,1,8,0,5,1,1,0.24,0.2121,0.52,0.3582,11,408,419
8964,2012-01-14,1,1,1,8,0,6,0,1,0.12,0.1515,0.54,0.1045,3,89,92
8988,2012-01-15,1,1,1,8,0,0,0,1,0.12,0.1212,0.54,0.2239,2,34,36
9012,2012-01-16,1,1,1,8,1,1,0,1,0.1,0.1212,0.58,0.1642,3,75,78
9035,2012-01-17,1,1,1,8,0,2,1,3,0.3,0.2879,0.81,0.2836,3,90,93
9059,2012-01-18,1,1,1,8,0,3,1,1,0.3,0.2727,0.52,0.4179,15,474,489
9083,2012-01-19,1,1,1,8,0,4,1,1,0.12,0.1515,0.54,0.1045,9,414,423
9107,2012-01-20,1,1,1,8,0,5,1,1,0.22,0.2121,0.64,0.2537,4,421,425
9131,2012-01-21,1,1,1,8,0,6,0,2,0.16,0.1515,0.93,0.2537,3,22,25
9155,2012-01-22,1,1,1,8,0,0,0,2,0.16,0.1515,0.74,0.2239,3,29,32
9179,2012-01-23,1,1,1,8,0,1,1,3,0.2,0.2121,0.86,0.1343,5,267,272
9203,2012-01-24,1,1,1,8,0,2,1,2,0.32,0.3333,0.93,0.1343,11,479,490
9227,2012-01-25,1,1,1,8,0,3,1,1,0.24,0.2273,0.7,0.2537,18,495,513
9251,2012-01-26,1,1,1,8,0,4,1,2,0.28,0.303,0.81,0.0896,16,514,530
9275,2012-01-27,1,1,1,8,0,5,1,3,0.5,0.4848,0.88,0.2836,14,206,220
9299,2012-01-28,1,1,1,8,0,6,0,1,0.2,0.2273,0.8,0.0896,9,82,91
9323,2012-01-29,1,1,1,8,0,0,0,1,0.18,0.197,0.4,0.1343,9,61,70
9347,2012-01-30,1,1,1,8,0,1,1,1,0.2,0.197,0.47,0.2239,12,481,493
9371,2012-01-31,1,1,1,8,0,2,1,1,0.26,0.2727,0.6,0.1045,14,498,512
9395,2012-02-01,1,1,2,8,0,3,1,3,0.36,0.3636,0.73,0.1045,15,505,520
9419,2012-02-02,1,1,2,8,0,4,1,3,0.4,0.4091,0.87,0,9,436,445
9443,2012-02-03,1,1,2,8,0,5,1,1,0.24,0.2273,0.65,0.2239,12,429,441
9467,2012-02-04,1,1,2,8,0,6,0,1,0.24,0.2879,0.87,0,4,86,90
9491,2012-02-05,1,1,2,8,0,0,0,2,0.24,0.2424,0.75,0.1642,4,58,62
9514,2012-02-06,1,1,2,8,0,1,1,1,0.16,0.1818,0.86,0.1343,10,434,444
9538,2012-02-07,1,1,2,8,0,2,1,1,0.3,0.3182,0.49,0,7,522,529
9562,2012-02-08,1,1,2,8,0,3,1,2,0.24,0.2273,0.7,0.2239,13,495,508
9586,2012-02-09,1,1,2,8,0,4,1,1,0.2,0.197,0.64,0.2537,11,473,484
9610,2012-02-10,1,1,2,8,0,5,1,1,0.2,0.2121,0.59,0.1642,1,447,448
9634,2012-02-11,1,1,2,8,0,6,0,3,0.22,0.2273,0.93,0.1343,1,77,78
9658,2012-02-12,1,1,2,8,0,0,0,1,0.08,0.0758,0.53,0.2537,0,26,26
9682,2012-02-13,1,1,2,8,0,1,1,1,0.1,0.1212,0.54,0.1343,4,413,417
9706,2012-02-14,1,1,2,8,0,2,1,2,0.24,0.2879,0.7,0,3,510,513
9730,2012-02-15,1,1,2,8,0,3,1,1,0.32,0.2879,0.61,0.3582,7,508,515
9754,2012-02-16,1,1,2,8,0,4,1,2,0.3,0.3182,0.7,0.0896,9,489,498
9778,2012-02-17,1,1,2,8,0,5,1,2,0.26,0.303,1,0,4,516,520
9802,2012-02-18,1,1,2,8,0,6,0,1,0.22,0.2727,0.87,0,10,92,102
9826,2012-02-19,1,1,2,8,0,0,0,2,0.24,0.2273,0.56,0.194,8,48,56
9849,2012-02-20,1,1,2,8,1,1,0,1,0.2,0.1818,0.59,0.3582,9,111,120
9872,2012-02-21,1,1,2,8,0,2,1,1,0.2,0.2273,0.69,0.0896,5,459,464
9896,2012-02-22,1,1,2,8,0,3,1,1,0.3,0.3182,0.75,0.0896,9,567,576
9920,2012-02-23,1,1,2,8,0,4,1,1,0.34,0.3333,0.87,0.194,11,549,560
9944,2012-02-24,1,1,2,8,0,5,1,2,0.38,0.3939,0.76,0.3284,17,452,469
9968,2012-02-25,1,1,2,8,0,6,0,1,0.26,0.2273,0.48,0.2985,3,90,93
9992,2012-02-26,1,1,2,8,0,0,0,1,0.2,0.197,0.51,0.2537,2,57,59
10016,2012-02-27,1,1,2,8,0,1,1,1,0.24,0.2424,0.6,0,14,514,528
10040,2012-02-28,1,1,2,8,0,2,1,1,0.26,0.2424,0.48,0.2836,16,543,559
10063,2012-02-29,1,1,2,8,0,3,1,2,0.28,0.2879,0.75,0.1045,2,114,116
10087,2012-03-01,1,1,3,8,0,4,1,1,0.42,0.4242,0.94,0.1343,15,579,594
10111,2012-03-02,1,1,3,8,0,5,1,1,0.28,0.303,0.75,0.0896,16,533,549
10135,2012-03-03,1,1,3,8,0,6,0,3,0.36,0.3788,0.93,0,2,46,48
10159,2012-03-04,1,1,3,8,0,0,0,1,0.3,0.2727,0.52,0.3284,12,54,66
10183,2012-03-05,1,1,3,8,0,1,1,1,0.2,0.2273,0.59,0.1045,13,415,428
10207,2012-03-06,1,1,3,8,0,2,1,1,0.16,0.1818,0.59,0.1045,14,487,501
10231,2012-03-07,1,1,3,8,0,3,1,1,0.28,0.2576,0.61,0.2985,12,554,566
10255,2012-03-08,1,1,3,8,0,4,1,1,0.44,0.4394,0.77,0.3881,12,573,585
10279,2012-03-09,1,1,3,8,0,5,1,2,0.34,0.2879,0.42,0.5224,17,484,501
10303,2012-03-10,1,1,3,8,0,6,0,1,0.22,0.2121,0.44,0.2985,15,96,111
10326,2012-03-11,1,1,3,8,0,0,0,1,0.22,0.2273,0.69,0.1343,4,68,72
10350,2012-03-12,1,1,3,8,0,1,1,1,0.34,0.3333,0.61,0.1343,17,547,564
10374,2012-03-13,1,1,3,8,0,2,1,1,0.46,0.4545,0.82,0.2836,22,571,593
10398,2012-03-14,1,1,3,8,0,3,1,1,0.44,0.4394,0.82,0,34,628,662
10422,2012-03-15,1,1,3,8,0,4,1,1,0.44,0.4394,0.77,0.1045,21,602,623
10446,2012-03-16,1,1,3,8,0,5,1,2,0.4,0.4091,0.87,0.2239,28,534,562
10470,2012-03-17,1,1,3,8,0,6,0,2,0.42,0.4242,0.94,0.1045,63,155,218
10494,2012-03-18,1,1,3,8,0,0,0,2,0.42,0.4242,0.88,0.1045,25,71,96
10518,2012-03-19,1,1,3,8,0,1,1,1,0.46,0.4545,0.88,0.1045,16,563,579
10542,2012-03-20,1,1,3,8,0,2,1,2,0.52,0.5,0.88,0.1045,28,488,516
10566,2012-03-21,2,1,3,8,0,3,1,3,0.48,0.4697,0.94,0.1045,33,502,535
10590,2012-03-22,2,1,3,8,0,4,1,2,0.5,0.4848,0.94,0.0896,51,598,649
10614,2012-03-23,2,1,3,8,0,5,1,2,0.5,0.4848,0.94,0.1343,47,615,662
10638,2012-03-24,2,1,3,8,0,6,0,2,0.5,0.4848,0.94,0.194,41,113,154
10662,2012-03-25,2,1,3,8,0,0,0,2,0.4,0.4091,0.94,0.3284,21,68,89
10686,2012-03-26,2,1,3,8,0,1,1,1,0.44,0.4394,0.62,0.2239,32,625,657
10710,2012-03-27,2,1,3,8,0,2,1,1,0.22,0.2121,0.37,0.2985,14,567,581
10734,2012-03-28,2,1,3,8,0,3,1,1,0.38,0.3939,0.46,0.3582,19,639,658
10758,2012-03-29,2,1,3,8,0,4,1,1,0.46,0.4545,0.47,0.4179,26,628,654
10782,2012-03-30,2,1,3,8,0,5,1,1,0.32,0.3182,0.66,0.1642,38,555,593
10806,2012-03-31,2,1,3,8,0,6,0,2,0.36,0.3485,0.87,0.194,19,126,145
10830,2012-04-01,2,1,4,8,0,0,0,2,0.36,0.3636,0.76,0.0896,37,88,125
10853,2012-04-02,2,1,4,8,0,1,1,1,0.36,0.3333,0.57,0.3284,36,553,589
10877,2012-04-03,2,1,4,8,0,2,1,1,0.34,0.3636,0.57,0,27,577,604
10901,2012-04-04,2,1,4,8,0,3,1,2,0.44,0.4394,0.72,0.1045,31,653,684
10925,2012-04-05,2,1,4,8,0,4,1,1,0.36,0.3485,0.46,0.2239,28,610,638
10949,2012-04-06,2,1,4,8,0,5,1,1,0.3,0.2727,0.49,0.3284,19,489,508
10973,2012-04-07,2,1,4,8,0,6,0,1,0.34,0.3182,0.34,0.2537,29,94,123
10997,2012-04-08,2,1,4,8,0,0,0,1,0.4,0.4091,0.3,0.194,19,65,84
11021,2012-04-09,2,1,4,8,0,1,1,1,0.44,0.4394,0.3,0.194,22,595,617
11045,2012-04-10,2,1,4,8,0,2,1,1,0.38,0.3939,0.62,0.1343,22,670,692
11068,2012-04-11,2,1,4,8,0,3,1,1,0.3,0.2879,0.49,0.2239,14,581,595
11092,2012-04-12,2,1,4,8,0,4,1,1,0.32,0.303,0.66,0.3284,20,604,624
11116,2012-04-13,2,1,4,8,0,5,1,1,0.38,0.3939,0.46,0.1642,24,539,563
11140,2012-04-14,2,1,4,8,0,6,0,1,0.36,0.3485,0.71,0.1343,24,136,160
11164,2012-04-15,2,1,4,8,0,0,0,1,0.52,0.5,0.59,0,33,64,97
11188,2012-04-16,2,1,4,8,1,1,0,2,0.56,0.5303,0.83,0.1642,48,549,597
11212,2012-04-17,2,1,4,8,0,2,1,1,0.6,0.6212,0.43,0.2239,42,631,673
11236,2012-04-18,2,1,4,8,0,3,1,3,0.5,0.4848,0.39,0.194,25,551,576
11260,2012-04-19,2,1,4,8,0,4,1,2,0.42,0.4242,0.82,0.1045,26,651,677
11284,2012-04-20,2,1,4,8,0,5,1,1,0.44,0.4394,0.94,0,32,668,700
11308,2012-04-21,2,1,4,8,0,6,0,1,0.52,0.5,0.81,0.2537,52,149,201
11332,2012-04-22,2,1,4,8,0,0,0,3,0.4,0.4091,0.82,0.2537,8,43,51
11356,2012-04-23,2,1,4,8,0,1,1,2,0.3,0.2727,0.75,0.3284,11,471,482
11380,2012-04-24,2,1,4,8,0,2,1,1,0.34,0.3182,0.61,0.2537,12,599,611
11404,2012-04-25,2,1,4,8,0,3,1,1,0.36,0.3636,0.76,0.0896,20,634,654
11428,2012-04-26,2,1,4,8,0,4,1,3,0.46,0.4545,0.82,0.194,4,358,362
11452,2012-04-27,2,1,4,8,0,5,1,1,0.4,0.4091,0.5,0,17,575,592
11476,2012-04-28,2,1,4,8,0,6,0,1,0.38,0.3939,0.4,0.1343,24,134,158
11500,2012-04-29,2,1,4,8,0,0,0,1,0.38,0.3939,0.76,0.1343,26,81,107
11524,2012-04-30,2,1,4,8,0,1,1,1,0.4,0.4091,0.43,0.194,17,579,596
11548,2012-05-01,2,1,5,8,0,2,1,2,0.52,0.5,0.94,0.2836,19,538,557
11572,2012-05-02,2,1,5,8,0,3,1,2,0.56,0.5303,0.88,0,26,640,666
11596,2012-05-03,2,1,5,8,0,4,1,3,0.46,0.4545,0.88,0.194,19,608,627
11620,2012-05-04,2,1,5,8,0,5,1,1,0.56,0.5303,0.88,0,34,584,618
11644,2012-05-05,2,1,5,8,0,6,0,1,0.58,0.5455,0.83,0.0896,42,155,197
11668,2012-05-06,2,1,5,8,0,0,0,2,0.5,0.4848,0.88,0.1343,23,91,114
11692,2012-05-07,2,1,5,8,0,1,1,2,0.5,0.4848,0.82,0.194,31,608,639
11716,2012-05-08,2,1,5,8,0,2,1,2,0.54,0.5152,0.73,0.2985,36,605,641
11740,2012-05-09,2,1,5,8,0,3,1,2,0.6,0.5606,0.83,0.1343,28,594,622
11764,2012-05-10,2,1,5,8,0,4,1,1,0.46,0.4545,0.67,0.3582,27,603,630
11788,2012-05-11,2,1,5,8,0,5,1,1,0.46,0.4545,0.44,0.2537,41,579,620
11812,2012-05-12,2,1,5,8,0,6,0,1,0.52,0.5,0.48,0,22,156,178
11836,2012-05-13,2,1,5,8,0,0,0,1,0.56,0.5303,0.64,0.1642,32,124,156
11860,2012-05-14,2,1,5,8,0,1,1,3,0.54,0.5152,0.88,0.2239,1,155,156
11884,2012-05-15,2,1,5,8,0,2,1,2,0.58,0.5455,0.88,0.0896,8,401,409
11908,2012-05-16,2,1,5,8,0,3,1,1,0.58,0.5455,0.83,0,33,617,650
11932,2012-05-17,2,1,5,8,0,4,1,1,0.52,0.5,0.55,0.4478,29,605,634
11956,2012-05-18,2,1,5,8,0,5,1,1,0.52,0.5,0.59,0.1343,49,696,745
11980,2012-05-19,2,1,5,8,0,6,0,1,0.52,0.5,0.52,0.1642,33,162,195
12004,2012-05-20,2,1,5,8,0,0,0,1,0.56,0.5303,0.56,0.1642,51,120,171
12028,2012-05-21,2,1,5,8,0,1,1,3,0.56,0.5303,0.88,0.2537,12,258,270
12052,2012-05-22,2,1,5,8,0,2,1,2,0.56,0.5303,0.88,0.1343,20,570,590
12076,2012-05-23,2,1,5,8,0,3,1,1,0.58,0.5455,0.83,0,38,681,719
12100,2012-05-24,2,1,5,8,0,4,1,1,0.62,0.5909,0.73,0.1343,33,659,692
12124,2012-05-25,2,1,5,8,0,5,1,2,0.64,0.5758,0.89,0.1045,32,551,583
12148,2012-05-26,2,1,5,8,0,6,0,1,0.64,0.5909,0.78,0.1343,38,103,141
12172,2012-05-27,2,1,5,8,0,0,0,1,0.64,0.5758,0.83,0.194,69,82,151
12196,2012-05-28,2,1,5,8,1,1,0,1,0.66,0.6212,0.69,0,62,93,155
12220,2012-05-29,2,1,5,8,0,2,1,1,0.7,0.6667,0.74,0.194,46,588,634
12244,2012-05-30,2,1,5,8,0,3,1,2,0.6,0.5909,0.73,0.1642,29,642,671
12268,2012-05-31,2,1,5,8,0,4,1,1,0.62,0.6212,0.57,0.2537,18,675,693
12292,2012-06-01,2,1,6,8,0,5,1,2,0.64,0.5758,0.89,0.194,19,675,694
12316,2012-06-02,2,1,6,8,0,6,0,1,0.54,0.5152,0.64,0.1642,30,180,210
12340,2012-06-03,2,1,6,8,0,0,0,1,0.54,0.5152,0.6,0.0896,30,110,140
12364,2012-06-04,2,1,6,8,0,1,1,1,0.6,0.6212,0.49,0.2239,22,643,665
12388,2012-06-05,2,1,6,8,0,2,1,2,0.48,0.4697,0.77,0.2239,30,680,710
12412,2012-06-06,2,1,6,8,0,3,1,1,0.54,0.5152,0.68,0,31,637,668
12436,2012-06-07,2,1,6,8,0,4,1,1,0.52,0.5,0.77,0,20,661,681
12460,2012-06-08,2,1,6,8,0,5,1,1,0.58,0.5455,0.6,0.0896,37,663,700
12484,2012-06-09,2,1,6,8,0,6,0,1,0.62,0.6061,0.61,0.1045,42,202,244
12508,2012-06-10,2,1,6,8,0,0,0,1,0.64,0.6061,0.73,0.0896,59,122,181
12532,2012-06-11,2,1,6,8,0,1,1,1,0.66,0.6212,0.74,0.1343,38,613,651
12556,2012-06-12,2,1,6,8,0,2,1,2,0.62,0.5606,0.88,0.2239,15,598,613
12580,2012-06-13,2,1,6,8,0,3,1,2,0.62,0.5909,0.73,0.5224,41,672,713
12604,2012-06-14,2,1,6,8,0,4,1,1,0.6,0.6061,0.64,0.3284,37,682,719
12628,2012-06-15,2,1,6,8,0,5,1,1,0.6,0.5909,0.69,0.1642,44,609,653
12652,2012-06-16,2,1,6,8,0,6,0,1,0.58,0.5455,0.64,0.1642,47,157,204
12676,2012-06-17,2,1,6,8,0,0,0,1,0.56,0.5303,0.68,0.2537,24,95,119
12700,2012-06-18,2,1,6,8,0,1,1,2,0.54,0.5152,0.83,0.194,27,447,474
12724,2012-06-19,2,1,6,8,0,2,1,2,0.6,0.5758,0.78,0.1642,40,633,673
12748,2012-06-20,2,1,6,8,0,3,1,2,0.7,0.6667,0.79,0.1045,43,600,643
12772,2012-06-21,3,1,6,8,0,4,1,1,0.74,0.697,0.7,0,27,563,590
12796,2012-06-22,3,1,6,8,0,5,1,1,0.76,0.697,0.55,0.1343,49,564,613
12820,2012-06-23,3,1,6,8,0,6,0,1,0.68,0.6364,0.69,0.2239,34,133,167
12844,2012-06-24,3,1,6,8,0,0,0,1,0.7,0.6515,0.58,0,38,103,141
12868,2012-06-25,3,1,6,8,0,1,1,1,0.66,0.6212,0.69,0.194,53,555,608
12892,2012-06-26,3,1,6,8,0,2,1,1,0.56,0.5303,0.49,0.3284,34,622,656
12916,2012-06-27,3,1,6,8,0,3,1,1,0.62,0.6212,0.43,0.3284,49,638,687
12940,2012-06-28,3,1,6,8,0,4,1,1,0.66,0.6212,0.5,0.1343,40,577,617
12964,2012-06-29,3,1,6,8,0,5,1,2,0.74,0.6818,0.55,0.1045,48,576,624
12988,2012-06-30,3,1,6,8,0,6,0,1,0.64,0.5758,0.89,0.1642,26,168,194
13012,2012-07-01,3,1,7,8,0,0,0,1,0.78,0.7424,0.62,0.1045,36,106,142
13036,2012-07-02,3,1,7,8,0,1,1,1,0.76,0.697,0.52,0.194,20,548,568
13060,2012-07-03,3,1,7,8,0,2,1,1,0.74,0.6818,0.62,0.0896,42,604,646
13084,2012-07-04,3,1,7,8,1,3,0,1,0.7,0.6515,0.61,0.1045,43,110,153
13108,2012-07-05,3,1,7,8,0,4,1,1,0.8,0.7424,0.49,0.1343,36,514,550
13132,2012-07-06,3,1,7,8,0,5,1,1,0.8,0.7121,0.41,0.1642,28,557,585
13156,2012-07-07,3,1,7,8,0,6,0,1,0.82,0.8333,0.63,0.194,32,120,152
13180,2012-07-08,3,1,7,8,0,0,0,1,0.84,0.803,0.53,0.1343,35,95,130
13204,2012-07-09,3,1,7,8,0,1,1,2,0.66,0.6061,0.83,0.1642,26,429,455
13228,2012-07-10,3,1,7,8,0,2,1,1,0.72,0.697,0.74,0.1343,34,615,649
13252,2012-07-11,3,1,7,8,0,3,1,2,0.68,0.6364,0.79,0.1642,30,644,674
13276,2012-07-12,3,1,7,8,0,4,1,1,0.68,0.6364,0.65,0.1343,49,653,702
13300,2012-07-13,3,1,7,8,0,5,1,2,0.7,0.6515,0.54,0,53,660,713
13324,2012-07-14,3,1,7,8,0,6,0,1,0.62,0.5909,0.78,0.2836,33,118,151
13348,2012-07-15,3,1,7,8,0,0,0,2,0.7,0.6667,0.84,0.1343,37,96,133
13372,2012-07-16,3,1,7,8,0,1,1,1,0.74,0.697,0.66,0.1045,48,619,667
13396,2012-07-17,3,1,7,8,0,2,1,2,0.8,0.7576,0.55,0,43,618,661
13420,2012-07-18,3,1,7,8,0,3,1,1,0.78,0.7424,0.62,0.1045,55,624,679
13444,2012-07-19,3,1,7,8,0,4,1,1,0.76,0.7121,0.58,0.2537,32,625,657
13468,2012-07-20,3,1,7,8,0,5,1,2,0.68,0.6364,0.83,0.1642,39,652,691
13492,2012-07-21,3,1,7,8,0,6,0,2,0.58,0.5455,0.83,0.2537,18,94,112
13516,2012-07-22,3,1,7,8,0,0,0,2,0.64,0.5909,0.78,0,31,122,153
13540,2012-07-23,3,1,7,8,0,1,1,1,0.72,0.697,0.79,0.1045,47,691,738
13564,2012-07-24,3,1,7,8,0,2,1,1,0.74,0.697,0.7,0.194,49,694,743
13588,2012-07-25,3,1,7,8,0,3,1,1,0.7,0.6364,0.42,0.2537,43,745,788
13612,2012-07-26,3,1,7,8,0,4,1,2,0.7,0.6667,0.74,0.2537,49,680,729
13636,2012-07-27,3,1,7,8,0,5,1,1,0.76,0.7273,0.66,0.0896,34,642,676
13660,2012-07-28,3,1,7,8,0,6,0,1,0.74,0.697,0.66,0.1642,36,127,163
13684,2012-07-29,3,1,7,8,0,0,0,1,0.7,0.6515,0.65,0.2239,37,90,127
13708,2012-07-30,3,1,7,8,0,1,1,2,0.72,0.697,0.74,0.1045,31,720,751
13732,2012-07-31,3,1,7,8,0,2,1,1,0.7,0.6667,0.79,0.1343,30,730,760
13756,2012-08-01,3,1,8,8,0,3,1,2,0.66,0.6061,0.78,0.194,32,649,681
13780,2012-08-02,3,1,8,8,0,4,1,1,0.72,0.697,0.74,0.1045,21,718,739
13804,2012-08-03,3,1,8,8,0,5,1,1,0.72,0.6818,0.7,0.1343,32,636,668
13828,2012-08-04,3,1,8,8,0,6,0,1,0.74,0.7273,0.72,0.194,49,132,181
13852,2012-08-05,3,1,8,8,0,0,0,1,0.76,0.7273,0.66,0.3284,27,81,108
13876,2012-08-06,3,1,8,8,0,1,1,2,0.7,0.6667,0.79,0,27,578,605
13900,2012-08-07,3,1,8,8,0,2,1,2,0.7,0.6515,0.7,0.1642,41,664,705
13924,2012-08-08,3,1,8,8,0,3,1,2,0.74,0.7273,0.72,0.0896,48,689,737
13948,2012-08-09,3,1,8,8,0,4,1,1,0.72,0.697,0.74,0.1045,28,670,698
13972,2012-08-10,3,1,8,8,0,5,1,3,0.62,0.5455,0.91,0.1642,7,112,119
13996,2012-08-11,3,1,8,8,0,6,0,1,0.66,0.6061,0.83,0.1045,30,132,162
14020,2012-08-12,3,1,8,8,0,0,0,1,0.66,0.6212,0.54,0.2239,35,84,119
14044,2012-08-13,3,1,8,8,0,1,1,2,0.72,0.6667,0.51,0.0896,25,648,673
14068,2012-08-14,3,1,8,8,0,2,1,2,0.66,0.5909,0.89,0.0896,27,591,618
14092,2012-08-15,3,1,8,8,0,3,1,2,0.7,0.6515,0.65,0.2836,40,642,682
14116,2012-08-16,3,1,8,8,0,4,1,1,0.68,0.6364,0.61,0.194,33,649,682
14140,2012-08-17,3,1,8,8,0,5,1,1,0.68,0.2424,0.65,0.1343,43,625,668
14164,2012-08-18,3,1,8,8,0,6,0,1,0.64,0.6061,0.69,0.2537,28,161,189
14188,2012-08-19,3,1,8,8,0,0,0,2,0.64,0.6061,0.69,0.1045,34,90,124
14212,2012-08-20,3,1,8,8,0,1,1,2,0.62,0.5909,0.73,0.1045,37,618,655
14236,2012-08-21,3,1,8,8,0,2,1,1,0.6,0.5758,0.78,0.1343,27,696,723
14260,2012-08-22,3,1,8,8,0,3,1,1,0.64,0.6061,0.73,0.0896,37,703,740
14284,2012-08-23,3,1,8,8,0,4,1,2,0.66,0.6212,0.74,0.0896,45,662,707
14308,2012-08-24,3,1,8,8,0,5,1,2,0.66,0.6212,0.74,0,41,703,744
14332,2012-08-25,3,1,8,8,0,6,0,2,0.66,0.6212,0.74,0.2537,29,133,162
14356,2012-08-26,3,1,8,8,0,0,0,1,0.68,0.6364,0.79,0.2836,21,112,133
14380,2012-08-27,3,1,8,8,0,1,1,1,0.66,0.6061,0.83,0.0896,29,670,699
14404,2012-08-28,3,1,8,8,0,2,1,2,0.66,0.6212,0.85,0.1045,25,668,693
14428,2012-08-29,3,1,8,8,0,3,1,1,0.66,0.6212,0.61,0.1642,28,780,808
14452,2012-08-30,3,1,8,8,0,4,1,1,0.66,0.6212,0.65,0,53,701,754
14476,2012-08-31,3,1,8,8,0,5,1,2,0.7,0.6667,0.74,0,36,654,690
14500,2012-09-01,3,1,9,8,0,6,0,2,0.76,0.7121,0.58,0.2537,28,134,162
14524,2012-09-02,3,1,9,8,0,0,0,1,0.68,0.6364,0.89,0.0896,30,99,129
14548,2012-09-03,3,1,9,8,1,1,0,2,0.7,0.6667,0.84,0.1045,36,91,127
14572,2012-09-04,3,1,9,8,0,2,1,1,0.7,0.6667,0.84,0.1642,15,617,632
14596,2012-09-05,3,1,9,8,0,3,1,1,0.72,0.697,0.74,0.194,33,692,725
14620,2012-09-06,3,1,9,8,0,4,1,3,0.7,0.6667,0.79,0,24,622,646
14644,2012-09-07,3,1,9,8,0,5,1,1,0.66,0.6061,0.83,0.1045,29,690,719
14668,2012-09-08,3,1,9,8,0,6,0,1,0.7,0.6667,0.79,0.3284,33,197,230
14692,2012-09-09,3,1,9,8,0,0,0,1,0.58,0.5455,0.68,0.2239,27,143,170
14716,2012-09-10,3,1,9,8,0,1,1,1,0.56,0.5303,0.6,0.2836,33,697,730
14740,2012-09-11,3,1,9,8,0,2,1,1,0.54,0.5152,0.68,0.0896,48,702,750
14764,2012-09-12,3,1,9,8,0,3,1,1,0.56,0.5303,0.64,0.1045,43,727,770
14788,2012-09-13,3,1,9,8,0,4,1,1,0.56,0.5303,0.73,0,33,725,758
14812,2012-09-14,3,1,9,8,0,5,1,2,0.6,0.5758,0.78,0.1642,51,715,766
14836,2012-09-15,3,1,9,8,0,6,0,1,0.56,0.5303,0.49,0.4179,43,169,212
14860,2012-09-16,3,1,9,8,0,0,0,1,0.54,0.5152,0.64,0.1642,34,94,128
14884,2012-09-17,3,1,9,8,0,1,1,1,0.54,0.5152,0.77,0.0896,36,647,683
14908,2012-09-18,3,1,9,8,0,2,1,2,0.66,0.6061,0.83,0.5522,32,640,672
14932,2012-09-19,3,1,9,8,0,3,1,1,0.52,0.5,0.59,0.2239,39,758,797
14956,2012-09-20,3,1,9,8,0,4,1,1,0.5,0.4848,0.68,0.0896,44,746,790
14980,2012-09-21,3,1,9,8,0,5,1,1,0.54,0.5152,0.73,0.1343,31,726,757
15004,2012-09-22,3,1,9,8,0,6,0,1,0.6,0.5909,0.73,0.2985,21,197,218
15028,2012-09-23,4,1,9,8,0,0,0,1,0.48,0.4697,0.55,0.3582,38,137,175
15052,2012-09-24,4,1,9,8,0,1,1,1,0.5,0.4848,0.55,0.194,31,719,750
15076,2012-09-25,4,1,9,8,0,2,1,1,0.48,0.4697,0.67,0.194,41,764,805
15100,2012-09-26,4,1,9,8,0,3,1,1,0.56,0.5303,0.73,0.2985,30,808,838
15124,2012-09-27,4,1,9,8,0,4,1,1,0.62,0.6061,0.71,0.0896,20,774,794
15148,2012-09-28,4,1,9,8,0,5,1,1,0.6,0.5606,0.83,0.0896,31,674,705
15172,2012-09-29,4,1,9,8,0,6,0,1,0.5,0.4848,0.68,0.2836,37,174,211
15196,2012-09-30,4,1,9,8,0,0,0,1,0.48,0.4697,0.67,0.1045,18,126,144
15220,2012-10-01,4,1,10,8,0,1,1,2,0.46,0.4545,0.77,0.1045,40,744,784
15244,2012-10-02,4,1,10,8,0,2,1,3,0.6,0.5455,0.88,0,6,128,134
15268,2012-10-03,4,1,10,8,0,3,1,2,0.62,0.5606,0.88,0.1045,28,781,809
15292,2012-10-04,4,1,10,8,0,4,1,1,0.64,0.5758,0.89,0,27,711,738
15316,2012-10-05,4,1,10,8,0,5,1,1,0.58,0.5455,0.64,0,36,749,785
15340,2012-10-06,4,1,10,8,0,6,0,1,0.56,0.5303,0.83,0.194,22,184,206
15364,2012-10-07,4,1,10,8,0,0,0,3,0.42,0.4242,0.67,0.1343,11,51,62
15388,2012-10-08,4,1,10,8,1,1,0,2,0.36,0.3485,0.71,0.2239,23,374,397
15412,2012-10-09,4,1,10,8,0,2,1,2,0.42,0.4242,0.8,0.194,15,698,713
15436,2012-10-10,4,1,10,8,0,3,1,1,0.5,0.4848,0.77,0.1642,33,806,839
15460,2012-10-11,4,1,10,8,0,4,1,1,0.38,0.3939,0.46,0.3881,25,773,798
15484,2012-10-12,4,1,10,8,0,5,1,1,0.42,0.4242,0.71,0.0896,34,711,745
15508,2012-10-13,4,1,10,8,0,6,0,1,0.34,0.3485,0.53,0.1045,23,151,174
15532,2012-10-14,4,1,10,8,0,0,0,1,0.44,0.4394,0.77,0.194,28,104,132
15556,2012-10-15,4,1,10,8,0,1,1,2,0.6,0.6061,0.64,0.3881,24,713,737
15580,2012-10-16,4,1,10,8,0,2,1,1,0.44,0.4394,0.62,0,35,800,835
15604,2012-10-17,4,1,10,8,0,3,1,2,0.4,0.4091,0.76,0,38,779,817
15628,2012-10-18,4,1,10,8,0,4,1,1,0.46,0.4545,0.82,0.2537,31,803,834
15652,2012-10-19,4,1,10,8,0,5,1,2,0.54,0.5152,0.94,0.1045,20,447,467
15676,2012-10-20,4,1,10,8,0,6,0,1,0.46,0.4545,0.67,0.1343,29,164,193
15700,2012-10-21,4,1,10,8,0,0,0,1,0.42,0.4242,0.67,0,39,104,143
15724,2012-10-22,4,1,10,8,0,1,1,1,0.44,0.4394,0.67,0,32,696,728
15748,2012-10-23,4,1,10,8,0,2,1,2,0.46,0.4545,0.72,0.0896,28,733,761
15772,2012-10-24,4,1,10,8,0,3,1,2,0.52,0.5,0.83,0.1045,24,777,801
15796,2012-10-25,4,1,10,8,0,4,1,2,0.52,0.5,0.83,0.1642,33,746,779
15820,2012-10-26,4,1,10,8,0,5,1,2,0.54,0.5152,0.88,0.1343,20,714,734
15844,2012-10-27,4,1,10,8,0,6,0,1,0.5,0.4848,0.77,0.2537,26,187,213
15868,2012-10-28,4,1,10,8,0,0,0,2,0.5,0.4848,0.59,0.5522,55,118,173
15904,2012-10-31,4,1,10,8,0,3,1,1,0.32,0.3333,0.81,0.1343,6,615,621
15928,2012-11-01,4,1,11,8,0,4,1,2,0.36,0.3788,0.56,0.1045,12,668,680
15952,2012-11-02,4,1,11,8,0,5,1,1,0.32,0.3333,0.57,0.1045,31,656,687
15976,2012-11-03,4,1,11,8,0,6,0,2,0.34,0.303,0.46,0.2985,10,132,142
16000,2012-11-04,4,1,11,8,0,0,0,1,0.3,0.303,0.56,0.1343,34,115,149
16024,2012-11-05,4,1,11,8,0,1,1,2,0.3,0.2879,0.49,0.2239,19,629,648
16048,2012-11-06,4,1,11,8,0,2,1,1,0.22,0.2273,0.69,0.1642,20,568,588
16072,2012-11-07,4,1,11,8,0,3,1,2,0.26,0.2424,0.6,0.2836,18,583,601
16095,2012-11-08,4,1,11,8,0,4,1,1,0.3,0.2879,0.33,0.2836,16,652,668
16119,2012-11-09,4,1,11,8,0,5,1,1,0.32,0.3182,0.57,0.1642,25,668,693
16143,2012-11-10,4,1,11,8,0,6,0,1,0.32,0.3485,0.76,0,16,130,146
16167,2012-11-11,4,1,11,8,0,0,0,1,0.32,0.3333,0.87,0.1045,32,87,119
16191,2012-11-12,4,1,11,8,1,1,0,1,0.42,0.4242,0.82,0.1642,50,490,540
16215,2012-11-13,4,1,11,8,0,2,1,3,0.32,0.303,0.87,0.2537,4,207,211
16239,2012-11-14,4,1,11,8,0,3,1,1,0.28,0.2576,0.56,0.2985,27,664,691
16263,2012-11-15,4,1,11,8,0,4,1,2,0.3,0.2879,0.61,0.2239,21,625,646
16287,2012-11-16,4,1,11,8,0,5,1,2,0.32,0.3333,0.57,0.1343,17,694,711
16311,2012-11-17,4,1,11,8,0,6,0,1,0.26,0.2576,0.65,0.2239,30,138,168
16335,2012-11-18,4,1,11,8,0,0,0,1,0.3,0.2879,0.75,0.2537,19,100,119
16359,2012-11-19,4,1,11,8,0,1,1,2,0.36,0.3333,0.66,0.2985,13,650,663
16383,2012-11-20,4,1,11,8,0,2,1,1,0.34,0.3333,0.71,0.1343,16,649,665
16407,2012-11-21,4,1,11,8,0,3,1,2,0.28,0.303,0.81,0.0896,12,539,551
16431,2012-11-22,4,1,11,8,1,4,0,1,0.24,0.2424,0.75,0.1343,20,77,97
16455,2012-11-23,4,1,11,8,0,5,1,1,0.24,0.2576,0.87,0.0896,11,83,94
16479,2012-11-24,4,1,11,8,0,6,0,2,0.26,0.2121,0.44,0.4627,7,55,62
16503,2012-11-25,4,1,11,8,0,0,0,2,0.22,0.2273,0.51,0.194,2,32,34
16527,2012-11-26,4,1,11,8,0,1,1,1,0.24,0.2879,0.65,0,9,629,638
16551,2012-11-27,4,1,11,8,0,2,1,3,0.32,0.3182,0.81,0.1642,6,494,500
16575,2012-11-28,4,1,11,8,0,3,1,1,0.24,0.2121,0.6,0.2836,9,683,692
16598,2012-11-29,4,1,11,8,0,4,1,1,0.2,0.2273,0.69,0.1045,15,664,679
16622,2012-11-30,4,1,11,8,0,5,1,2,0.22,0.2576,0.8,0.0896,20,709,729
16646,2012-12-01,4,1,12,8,0,6,0,2,0.24,0.2424,0.87,0.1343,11,133,144
16670,2012-12-02,4,1,12,8,0,0,0,2,0.26,0.2879,0.93,0.0896,12,81,93
16694,2012-12-03,4,1,12,8,0,1,1,1,0.36,0.3788,0.93,0,19,712,731
16718,2012-12-04,4,1,12,8,0,2,1,2,0.44,0.4394,0.88,0.1642,21,700,721
16742,2012-12-05,4,1,12,8,0,3,1,2,0.44,0.4394,0.58,0.2836,22,737,759
16766,2012-12-06,4,1,12,8,0,4,1,1,0.22,0.2121,0.51,0.2985,13,646,659
16790,2012-12-07,4,1,12,8,0,5,1,2,0.3,0.2879,0.75,0.194,11,430,441
16814,2012-12-08,4,1,12,8,0,6,0,2,0.38,0.3939,0.94,0.0896,5,106,111
16838,2012-12-09,4,1,12,8,0,0,0,3,0.4,0.4091,0.87,0.1642,1,68,69
16862,2012-12-10,4,1,12,8,0,1,1,2,0.42,0.4242,1,0.2537,9,575,584
16886,2012-12-11,4,1,12,8,0,2,1,2,0.34,0.303,0.61,0.2985,16,708,724
16910,2012-12-12,4,1,12,8,0,3,1,2,0.26,0.2576,0.65,0.1642,18,670,688
16934,2012-12-13,4,1,12,8,0,4,1,1,0.24,0.2273,0.6,0.194,24,655,679
16958,2012-12-14,4,1,12,8,0,5,1,1,0.2,0.2273,0.69,0.0896,13,623,636
16982,2012-12-15,4,1,12,8,0,6,0,2,0.26,0.2879,0.75,0.0896,8,111,119
17006,2012-12-16,4,1,12,8,0,0,0,2,0.36,0.3485,0.87,0.1343,12,76,88
17030,2012-12-17,4,1,12,8,0,1,1,2,0.38,0.3939,0.87,0.1045,10,582,592
17054,2012-12-18,4,1,12,8,0,2,1,1,0.38,0.3939,0.94,0,10,652,662
17078,2012-12-19,4,1,12,8,0,3,1,1,0.24,0.2576,0.87,0.1045,13,665,678
17102,2012-12-20,4,1,12,8,0,4,1,2,0.3,0.3333,0.7,0,14,585,599
17126,2012-12-21,1,1,12,8,0,5,1,2,0.32,0.303,0.57,0.2836,8,464,472
17150,2012-12-22,1,1,12,8,0,6,0,1,0.26,0.2121,0.44,0.6119,0,29,29
17174,2012-12-23,1,1,12,8,0,0,0,1,0.14,0.1667,0.69,0.1045,5,43,48
17197,2012-12-24,1,1,12,8,0,1,1,1,0.22,0.2727,0.69,0,4,62,66
17220,2012-12-25,1,1,12,8,1,2,0,2,0.24,0.2879,0.87,0,1,10,11
17244,2012-12-26,1,1,12,8,0,3,1,3,0.2,0.1818,0.86,0.3284,0,31,31
17268,2012-12-27,1,1,12,8,0,4,1,1,0.26,0.2273,0.65,0.3582,2,206,208
17292,2012-12-28,1,1,12,8,0,5,1,2,0.24,0.2424,0.6,0.1343,1,238,239
17316,2012-12-29,1,1,12,8,0,6,0,2,0.26,0.2424,0.81,0,9,35,44
17340,2012-12-30,1,1,12,8,0,0,0,1,0.24,0.197,0.52,0.4627,1,32,33
17364,2012-12-31,1,1,12,8,0,1,1,1,0.14,0.1515,0.69,0.1343,9,187,196
