10,2011-01-01,1,0,1,9,0,6,0,1,0.32,0.3485,0.76,0,8,6,14
33,2011-01-02,1,0,1,9,0,0,0,2,0.38,0.3939,0.76,0.2239,1,19,20
55,2011-01-03,1,0,1,9,0,1,1,1,0.16,0.1364,0.43,0.3881,7,81,88
78,2011-01-04,1,0,1,9,0,2,1,1,0.16,0.1515,0.64,0.2239,2,98,100
101,2011-01-05,1,0,1,9,0,3,1,1,0.22,0.197,0.37,0.3284,6,109,115
124,2011-01-06,1,0,1,9,0,4,1,2,0.18,0.2424,0.51,0,6,116,122
147,2011-01-07,1,0,1,9,0,5,1,1,0.2,0.1818,0.47,0.2985,9,125,134
171,2011-01-08,1,0,1,9,0,6,0,3,0.16,0.1818,0.93,0.1045,0,20,20
195,2011-01-09,1,0,1,9,0,0,0,1,0.12,0.0758,0.46,0.5224,0,19,19
219,2011-01-10,1,0,1,9,0,1,1,2,0.14,0.1212,0.5,0.2537,2,92,94
241,2011-01-11,1,0,1,9,0,2,1,2,0.18,0.197,0.51,0.1642,3,127,130
263,2011-01-12,1,0,1,9,0,3,1,1,0.16,0.1364,0.59,0.3284,3,78,81
287,2011-01-13,1,0,1,9,0,4,1,1,0.14,0.1212,0.5,0.3284,2,137,139
310,2011-01-14,1,0,1,9,0,5,1,1,0.14,0.1515,0.69,0.1343,0,117,117
334,2011-01-15,1,0,1,9,0,6,0,1,0.16,0.1818,0.64,0.1343,2,31,33
358,2011-01-16,1,0,1,9,0,0,0,1,0.22,0.2121,0.51,0.2537,3,29,32
382,2011-01-17,1,0,1,9,1,1,0,2,0.16,0.1515,0.47,0.2239,8,39,47
417,2011-01-19,1,0,1,9,0,3,1,2,0.24,0.2576,0.93,0.1045,2,107,109
441,2011-01-20,1,0,1,9,0,4,1,2,0.24,0.2273,0.52,0.2239,3,140,143
465,2011-01-21,1,0,1,9,0,5,1,1,0.2,0.1818,0.51,0.3582,7,159,166
488,2011-01-22,1,0,1,9,0,6,0,1,0.04,0.0303,0.41,0.2537,3,37,40
511,2011-01-23,1,0,1,9,0,0,0,1,0.1,0.0758,0.54,0.3582,3,25,28
534,2011-01-24,1,0,1,9,0,1,1,1,0.06,0.1515,0.41,0,4,98,102
557,2011-01-25,1,0,1,9,0,2,1,2,0.2,0.2273,0.64,0.0896,10,134,144
579,2011-01-26,1,0,1,9,0,3,1,3,0.22,0.2121,0.87,0.2985,3,55,58
604,2011-01-28,1,0,1,9,0,5,1,3,0.18,0.2121,0.86,0.0896,6,95,101
627,2011-01-29,1,0,1,9,0,6,0,1,0.18,0.2121,0.59,0.0896,0,34,34
650,2011-01-30,1,0,1,9,0,0,0,2,0.16,0.2273,0.8,0,4,34,38
674,2011-01-31,1,0,1,9,0,1,1,2,0.16,0.1364,0.59,0.2985,0,112,112
697,2011-02-01,1,0,2,9,0,2,1,2,0.16,0.2273,0.93,0,2,114,116
721,2011-02-02,1,0,2,9,0,3,1,2,0.24,0.2576,0.93,0.0896,4,119,123
744,2011-02-03,1,0,2,9,0,4,1,1,0.16,0.1364,0.47,0.2985,6,127,133
767,2011-02-04,1,0,2,9,0,5,1,2,0.16,0.1818,0.8,0.1343,3,124,127
791,2011-02-05,1,0,2,9,0,6,0,3,0.2,0.2273,1,0.0896,3,17,20
815,2011-02-06,1,0,2,9,0,0,0,1,0.28,0.2879,0.56,0.1045,7,38,45
839,2011-02-07,1,0,2,9,0,1,1,1,0.22,0.2727,0.8,0,3,115,118
863,2011-02-08,1,0,2,9,0,2,1,1,0.24,0.197,0.52,0.4925,7,128,135
886,2011-02-09,1,0,2,9,0,3,1,1,0.12,0.1364,0.39,0.1642,4,119,123
909,2011-02-10,1,0,2,9,0,4,1,1,0.12,0.1061,0.42,0.3582,1,121,122
931,2011-02-11,1,0,2,9,0,5,1,1,0.12,0.1212,0.74,0.2239,8,132,140
955,2011-02-12,1,0,2,9,0,6,0,1,0.16,0.1818,0.64,0.1343,5,38,43
978,2011-02-13,1,0,2,9,0,0,0,2,0.24,0.2273,0.6,0.2239,12,35,47
1002,2011-02-14,1,0,2,9,0,1,1,1,0.4,0.4091,0.37,0.3881,8,122,130
1025,2011-02-15,1,0,2,9,0,2,1,1,0.22,0.197,0.29,0.4478,2,108,110
1048,2011-02-16,1,0,2,9,0,3,1,1,0.24,0.2121,0.52,0.2836,2,122,124
1072,2011-02-17,1,0,2,9,0,4,1,1,0.36,0.3485,0.57,0.194,16,163,179
1096,2011-02-18,1,0,2,9,0,5,1,2,0.42,0.4242,0.77,0.194,15,154,169
1120,2011-02-19,1,0,2,9,0,6,0,1,0.4,0.4091,0.16,0.6567,18,37,55
1143,2011-02-20,1,0,2,9,0,0,0,1,0.22,0.2121,0.47,0.2836,7,48,55
1167,2011-02-21,1,0,2,9,1,1,0,2,0.32,0.303,0.57,0.2836,11,46,57
1185,2011-02-22,1,0,2,9,0,2,1,2,0.14,0.1212,0.74,0.2537,5,101,106
1208,2011-02-23,1,0,2,9,0,3,1,1,0.18,0.2121,0.51,0.0896,9,130,139
1231,2011-02-24,1,0,2,9,0,4,1,2,0.24,0.2121,0.75,0.2985,4,133,137
1254,2011-02-25,1,0,2,9,0,5,1,3,0.34,0.303,0.93,0.3582,3,111,114
1278,2011-02-26,1,0,2,9,0,6,0,2,0.26,0.2576,0.56,0.1642,9,65,74
1301,2011-02-27,1,0,2,9,0,0,0,1,0.28,0.303,0.87,0.0896,17,42,59
1323,2011-02-28,1,0,2,9,0,1,1,1,0.42,0.4242,0.82,0.2836,15,127,142
1347,2011-03-01,1,0,3,9,0,2,1,1,0.22,0.197,0.55,0.4179,8,116,124
1371,2011-03-02,1,0,3,9,0,3,1,1,0.28,0.2576,0.56,0.2985,7,141,148
1395,2011-03-03,1,0,3,9,0,4,1,1,0.16,0.1364,0.37,0.2836,10,135,145
1419,2011-03-04,1,0,3,9,0,5,1,1,0.22,0.2273,0.6,0.1343,12,138,150
1443,2011-03-05,1,0,3,9,0,6,0,2,0.32,0.303,0.93,0.2239,15,48,63
1466,2011-03-06,1,0,3,9,0,0,0,2,0.42,0.4242,1,0.2836,4,18,22
1489,2011-03-07,1,0,3,9,0,1,1,1,0.22,0.1818,0.64,0.4627,5,129,134
1513,2011-03-08,1,0,3,9,0,2,1,1,0.26,0.2576,0.41,0.1642,11,140,151
1537,2011-03-09,1,0,3,9,0,3,1,2,0.26,0.2424,0.87,0.2537,5,136,141
1559,2011-03-10,1,0,3,9,0,4,1,3,0.4,0.4091,0,0.2239,1,23,24
1582,2011-03-11,1,0,3,9,0,5,1,2,0.3,0.2879,0.61,0.2836,13,143,156
1606,2011-03-12,1,0,3,9,0,6,0,1,0.28,0.2879,0.65,0.1045,25,76,101
1629,2011-03-13,1,0,3,9,0,0,0,1,0.4,0.4091,0.5,0.4179,8,36,44
1652,2011-03-14,1,0,3,9,0,1,1,1,0.32,0.303,0.53,0.3284,13,127,140
1675,2011-03-15,1,0,3,9,0,2,1,2,0.3,0.3333,0.7,0,10,147,157
1698,2011-03-16,1,0,3,9,0,3,1,2,0.32,0.3333,0.93,0.1343,10,144,154
1722,2011-03-17,1,0,3,9,0,4,1,1,0.4,0.4091,0.62,0.2537,23,162,185
1745,2011-03-18,1,0,3,9,0,5,1,1,0.46,0.4545,0.63,0.2239,18,192,210
1769,2011-03-19,1,0,3,9,0,6,0,1,0.42,0.4242,0.44,0.4627,35,41,76
1793,2011-03-20,1,0,3,9,0,0,0,1,0.3,0.303,0.52,0.1343,35,43,78
1816,2011-03-21,2,0,3,9,0,1,1,2,0.34,0.303,0.81,0.3284,12,115,127
1840,2011-03-22,2,0,3,9,0,2,1,2,0.4,0.4091,0.58,0.4627,19,159,178
1863,2011-03-23,2,0,3,9,0,3,1,2,0.32,0.303,0.81,0.2537,8,174,182
1887,2011-03-24,2,0,3,9,0,4,1,2,0.26,0.2576,0.93,0.2239,3,94,97
1911,2011-03-25,2,0,3,9,0,5,1,1,0.24,0.2121,0.48,0.2985,16,150,166
1935,2011-03-26,2,0,3,9,0,6,0,1,0.24,0.2424,0.41,0.1343,32,68,100
1958,2011-03-27,2,0,3,9,0,0,0,1,0.22,0.2273,0.55,0.1343,17,37,54
1981,2011-03-28,2,0,3,9,0,1,1,2,0.22,0.2121,0.32,0.2239,12,109,121
2005,2011-03-29,2,0,3,9,0,2,1,1,0.28,0.2576,0.28,0.3881,16,156,172
2029,2011-03-30,2,0,3,9,0,3,1,2,0.32,0.303,0.45,0.2239,7,147,154
2053,2011-03-31,2,0,3,9,0,4,1,3,0.26,0.2424,0.93,0.2537,6,126,132
2077,2011-04-01,2,0,4,9,0,5,1,1,0.32,0.2879,0.7,0.3582,11,162,173
2101,2011-04-02,2,0,4,9,0,6,0,2,0.34,0.3485,0.66,0.1045,22,65,87
2125,2011-04-03,2,0,4,9,0,0,0,1,0.36,0.3182,0.5,0.4925,68,74,142
2149,2011-04-04,2,0,4,9,0,1,1,2,0.5,0.4848,0.51,0.3881,24,134,158
2173,2011-04-05,2,0,4,9,0,2,1,3,0.36,0.3182,0.87,0.4925,2,44,46
2197,2011-04-06,2,0,4,9,0,3,1,1,0.36,0.3333,0.46,0.2537,8,157,165
2221,2011-04-07,2,0,4,9,0,4,1,2,0.4,0.4091,0.66,0.1343,15,155,170
2245,2011-04-08,2,0,4,9,0,5,1,2,0.36,0.3485,0.76,0.194,17,168,185
2269,2011-04-09,2,0,4,9,0,6,0,2,0.34,0.3485,0.87,0.1045,27,71,98
2293,2011-04-10,2,0,4,9,0,0,0,2,0.38,0.3939,0.94,0.1343,31,50,81
2316,2011-04-11,2,0,4,9,0,1,1,2,0.56,0.5303,0.83,0.2836,33,132,165
2340,2011-04-12,2,0,4,9,0,2,1,3,0.46,0.4545,0.94,0.4925,4,50,54
2364,2011-04-13,2,0,4,9,0,3,1,2,0.38,0.3939,0.94,0.2239,2,63,65
2388,2011-04-14,2,0,4,9,0,4,1,1,0.46,0.4545,0.51,0.1343,18,152,170
2412,2011-04-15,2,0,4,9,1,5,0,1,0.5,0.4848,0.55,0.194,16,162,178
2436,2011-04-16,2,0,4,9,0,6,0,3,0.4,0.4091,1,0.2985,2,27,29
2460,2011-04-17,2,0,4,9,0,0,0,1,0.4,0.4091,0.43,0.2836,31,71,102
2484,2011-04-18,2,0,4,9,0,1,1,2,0.5,0.4848,0.55,0.1045,37,132,169
2508,2011-04-19,2,0,4,9,0,2,1,3,0.52,0.5,0.63,0.0896,23,139,162
2532,2011-04-20,2,0,4,9,0,3,1,1,0.66,0.6212,0.61,0.2836,27,170,197
2556,2011-04-21,2,0,4,9,0,4,1,2,0.42,0.4242,0.47,0.2836,18,178,196
2580,2011-04-22,2,0,4,9,0,5,1,3,0.34,0.303,0.61,0.2985,17,178,195
2604,2011-04-23,2,0,4,9,0,6,0,2,0.38,0.3939,0.94,0.2985,13,55,68
2628,2011-04-24,2,0,4,9,0,0,0,1,0.56,0.5303,0.88,0.2537,73,104,177
2652,2011-04-25,2,0,4,9,0,1,1,1,0.6,0.5606,0.83,0.1343,27,147,174
2676,2011-04-26,2,0,4,9,0,2,1,1,0.64,0.6061,0.73,0.3582,35,164,199
2700,2011-04-27,2,0,4,9,0,3,1,2,0.6,0.5455,0.88,0.4179,20,161,181
2724,2011-04-28,2,0,4,9,0,4,1,3,0.62,0.5606,0.88,0.3284,18,165,183
2748,2011-04-29,2,0,4,9,0,5,1,1,0.54,0.5152,0.39,0.3284,45,185,230
2772,2011-04-30,2,0,4,9,0,6,0,1,0.44,0.4394,0.51,0.3582,35,121,156
2796,2011-05-01,2,0,5,9,0,0,0,2,0.46,0.4545,0.72,0.1343,45,96,141
2820,2011-05-02,2,0,5,9,0,1,1,2,0.5,0.4848,0.77,0.2836,41,131,172
2844,2011-05-03,2,0,5,9,0,2,1,2,0.6,0.5758,0.78,0.3582,29,157,186
2868,2011-05-04,2,0,5,9,0,3,1,3,0.34,0.303,0.93,0.3582,5,35,40
2892,2011-05-05,2,0,5,9,0,4,1,1,0.46,0.4545,0.44,0.2836,20,164,184
2916,2011-05-06,2,0,5,9,0,5,1,1,0.46,0.4545,0.67,0.2836,27,161,188
2940,2011-05-07,2,0,5,9,0,6,0,1,0.54,0.5152,0.49,0.2836,54,164,218
2964,2011-05-08,2,0,5,9,0,0,0,1,0.56,0.5303,0.52,0.2239,48,112,160
2988,2011-05-09,2,0,5,9,0,1,1,1,0.54,0.5152,0.56,0.1642,36,142,178
3012,2011-05-10,2,0,5,9,0,2,1,2,0.52,0.5,0.48,0.1045,29,176,205
3036,2011-05-11,2,0,5,9,0,3,1,1,0.52,0.5,0.72,0.1343,21,182,203
3060,2011-05-12,2,0,5,9,0,4,1,2,0.5,0.4848,0.77,0.2836,21,191,212
3084,2011-05-13,2,0,5,9,0,5,1,2,0.5,0.4848,0.88,0.194,18,215,233
3108,2011-05-14,2,0,5,9,0,6,0,2,0.52,0.5,0.94,0.0896,14,86,100
3132,2011-05-15,2,0,5,9,0,0,0,1,0.58,0.5455,0.83,0.2537,36,98,134
3156,2011-05-16,2,0,5,9,0,1,1,1,0.6,0.5909,0.69,0.194,38,156,194
3180,2011-05-17,2,0,5,9,0,2,1,2,0.54,0.5152,0.88,0.2537,17,190,207
3204,2011-05-18,2,0,5,9,0,3,1,3,0.56,0.5303,0.83,0.2537,26,176,202
3228,2011-05-19,2,0,5,9,0,4,1,2,0.54,0.5152,0.88,0.0896,40,176,216
3252,2011-05-20,2,0,5,9,0,5,1,1,0.54,0.5152,0.68,0.2239,35,199,234
3276,2011-05-21,2,0,5,9,0,6,0,1,0.6,0.6061,0.64,0.2239,60,165,225
3300,2011-05-22,2,0,5,9,0,0,0,1,0.62,0.6061,0.69,0.1045,59,130,189
3324,2011-05-23,2,0,5,9,0,1,1,1,0.6,0.5455,0.88,0.2239,36,131,167
3348,2011-05-24,2,0,5,9,0,2,1,2,0.64,0.6061,0.73,0.194,27,111,138
3372,2011-05-25,2,0,5,9,0,3,1,1,0.68,0.6364,0.65,0.0896,27,207,234
3396,2011-05-26,2,0,5,9,0,4,1,1,0.72,0.6818,0.7,0.1642,22,194,216
3420,2011-05-27,2,0,5,9,0,5,1,1,0.7,0.6515,0.65,0.2836,37,190,227
3444,2011-05-28,2,0,5,9,0,6,0,1,0.64,0.6061,0.73,0.2537,61,116,177
3468,2011-05-29,2,0,5,9,0,0,0,2,0.62,0.5455,0.94,0.2537,74,78,152
3492,2011-05-30,2,0,5,9,1,1,0,1,0.72,0.697,0.74,0.0896,47,81,128
3516,2011-05-31,2,0,5,9,0,2,1,1,0.8,0.7576,0.55,0.1343,22,153,175
3540,2011-06-01,2,0,6,9,0,3,1,2,0.74,0.7121,0.74,0.2239,34,173,207
3564,2011-06-02,2,0,6,9,0,4,1,1,0.72,0.6364,0.26,0.3582,28,197,225
3588,2011-06-03,2,0,6,9,0,5,1,1,0.58,0.5455,0.4,0.1642,36,194,230
3612,2011-06-04,2,0,6,9,0,6,0,1,0.62,0.6212,0.43,0.1343,55,169,224
3636,2011-06-05,2,0,6,9,0,0,0,2,0.6,0.5758,0.78,0.194,53,111,164
3660,2011-06-06,2,0,6,9,0,1,1,1,0.7,0.6515,0.58,0.1642,26,162,188
3684,2011-06-07,2,0,6,9,0,2,1,2,0.72,0.6667,0.58,0.2239,27,190,217
3708,2011-06-08,2,0,6,9,0,3,1,1,0.76,0.7121,0.58,0.1642,34,168,202
3732,2011-06-09,2,0,6,9,0,4,1,1,0.84,0.7879,0.49,0,20,148,168
3756,2011-06-10,2,0,6,9,0,5,1,1,0.76,0.697,0.55,0,37,176,213
3780,2011-06-11,2,0,6,9,0,6,0,1,0.74,0.6818,0.62,0.1343,59,171,230
3804,2011-06-12,2,0,6,9,0,0,0,1,0.72,0.6818,0.66,0,75,107,182
3828,2011-06-13,2,0,6,9,0,1,1,1,0.62,0.6212,0.46,0.3582,35,189,224
3852,2011-06-14,2,0,6,9,0,2,1,1,0.62,0.6212,0.46,0.194,19,174,193
3876,2011-06-15,2,0,6,9,0,3,1,1,0.6,0.6212,0.49,0,22,185,207
3900,2011-06-16,2,0,6,9,0,4,1,2,0.62,0.6061,0.65,0.194,29,232,261
3924,2011-06-17,2,0,6,9,0,5,1,1,0.7,0.6515,0.58,0.194,28,196,224
3948,2011-06-18,2,0,6,9,0,6,0,1,0.7,0.6515,0.61,0.2239,62,156,218
3972,2011-06-19,2,0,6,9,0,0,0,2,0.68,0.6364,0.74,0.1045,58,111,169
3996,2011-06-20,2,0,6,9,0,1,1,2,0.6,0.5758,0.78,0.2537,19,200,219
4020,2011-06-21,3,0,6,9,0,2,1,2,0.62,0.5606,0.88,0.2537,32,243,275
4044,2011-06-22,3,0,6,9,0,3,1,1,0.72,0.697,0.79,0.1642,14,205,219
4068,2011-06-23,3,0,6,9,0,4,1,2,0.74,0.697,0.7,0.1343,33,194,227
4092,2011-06-24,3,0,6,9,0,5,1,1,0.74,0.6818,0.62,0.1343,28,203,231
4116,2011-06-25,3,0,6,9,0,6,0,1,0.72,0.6515,0.45,0.2537,47,139,186
4140,2011-06-26,3,0,6,9,0,0,0,1,0.66,0.6212,0.54,0.0896,75,131,206
4164,2011-06-27,3,0,6,9,0,1,1,2,0.72,0.6667,0.54,0,37,150,187
4188,2011-06-28,3,0,6,9,0,2,1,1,0.74,0.697,0.7,0,38,208,246
4212,2011-06-29,3,0,6,9,0,3,1,1,0.72,0.6515,0.45,0.3881,32,189,221
4236,2011-06-30,3,0,6,9,0,4,1,1,0.7,0.6364,0.42,0.2239,33,227,260
4260,2011-07-01,3,0,7,9,0,5,1,1,0.74,0.6515,0.35,0.1642,58,202,260
4284,2011-07-02,3,0,7,9,0,6,0,1,0.74,0.6667,0.51,0.0896,55,124,179
4308,2011-07-03,3,0,7,9,0,0,0,1,0.7,0.6667,0.74,0.2537,82,99,181
4332,2011-07-04,3,0,7,9,1,1,0,2,0.72,0.6818,0.66,0.0896,142,96,238
4356,2011-07-05,3,0,7,9,0,2,1,1,0.74,0.6818,0.58,0.1343,50,177,227
4380,2011-07-06,3,0,7,9,0,3,1,3,0.7,0.6667,0.79,0.194,31,158,189
4404,2011-07-07,3,0,7,9,0,4,1,1,0.74,0.697,0.7,0.1642,25,154,179
4428,2011-07-08,3,0,7,9,0,5,1,2,0.76,0.7273,0.7,0.2985,30,211,241
4452,2011-07-09,3,0,7,9,0,6,0,1,0.74,0.6818,0.58,0.2836,77,170,247
4476,2011-07-10,3,0,7,9,0,0,0,1,0.74,0.697,0.66,0.0896,62,107,169
4500,2011-07-11,3,0,7,9,0,1,1,1,0.78,0.7424,0.59,0.2985,41,167,208
4524,2011-07-12,3,0,7,9,0,2,1,1,0.78,0.7273,0.55,0.4925,27,149,176
4548,2011-07-13,3,0,7,9,0,3,1,1,0.82,0.7424,0.41,0.194,23,163,186
4572,2011-07-14,3,0,7,9,0,4,1,1,0.68,0.6364,0.47,0.2836,29,195,224
4596,2011-07-15,3,0,7,9,0,5,1,1,0.68,0.6364,0.54,0.194,31,176,207
4620,2011-07-16,3,0,7,9,0,6,0,1,0.7,0.6515,0.54,0.2239,72,150,222
4644,2011-07-17,3,0,7,9,0,0,0,1,0.72,0.6667,0.58,0.2239,74,110,184
4668,2011-07-18,3,0,7,9,0,1,1,1,0.74,0.697,0.67,0.2239,33,170,203
4692,2011-07-19,3,0,7,9,0,2,1,2,0.8,0.7879,0.63,0.1343,22,177,199
4716,2011-07-20,3,0,7,9,0,3,1,1,0.74,0.697,0.7,0.0896,28,181,209
4740,2011-07-21,3,0,7,9,0,4,1,2,0.8,0.8182,0.75,0.2537,34,166,200
4764,2011-07-22,3,0,7,9,0,5,1,1,0.86,0.8939,0.63,0.0896,31,177,208
4788,2011-07-23,3,0,7,9,0,6,0,1,0.84,0.7879,0.49,0.1642,30,102,132
4812,2011-07-24,3,0,7,9,0,0,0,1,0.82,0.7879,0.56,0.3881,42,112,154
4836,2011-07-25,3,0,7,9,0,1,1,1,0.8,0.803,0.66,0,11,124,135
4860,2011-07-26,3,0,7,9,0,2,1,1,0.76,0.6818,0.4,0.2239,25,162,187
4884,2011-07-27,3,0,7,9,0,3,1,1,0.76,0.6667,0.35,0.2537,27,189,216
4908,2011-07-28,3,0,7,9,0,4,1,1,0.78,0.7424,0.59,0.194,21,189,210
4932,2011-07-29,3,0,7,9,0,5,1,1,0.86,0.803,0.47,0.2537,28,151,179
4956,2011-07-30,3,0,7,9,0,6,0,1,0.82,0.7576,0.46,0.2985,49,125,174
4980,2011-07-31,3,0,7,9,0,0,0,1,0.8,0.7424,0.49,0,55,128,183
5004,2011-08-01,3,0,8,9,0,1,1,1,0.82,0.7424,0.41,0,27,139,166
5028,2011-08-02,3,0,8,9,0,2,1,1,0.78,0.697,0.46,0.2985,31,182,213
5052,2011-08-03,3,0,8,9,0,3,1,2,0.74,0.6818,0.55,0.194,23,172,195
5076,2011-08-04,3,0,8,9,0,4,1,1,0.72,0.697,0.74,0.3284,25,162,187
5100,2011-08-05,3,0,8,9,0,5,1,1,0.72,0.6667,0.58,0.1045,43,183,226
5124,2011-08-06,3,0,8,9,0,6,0,1,0.74,0.697,0.7,0.2239,60,155,215
5148,2011-08-07,3,0,8,9,0,0,0,1,0.76,0.7424,0.75,0.1045,82,102,184
5172,2011-08-08,3,0,8,9,0,1,1,1,0.76,0.697,0.55,0.3881,37,146,183
5196,2011-08-09,3,0,8,9,0,2,1,2,0.78,0.7424,0.62,0.1343,34,141,175
5220,2011-08-10,3,0,8,9,0,3,1,1,0.76,0.6818,0.48,0.2239,32,148,180
5244,2011-08-11,3,0,8,9,0,4,1,1,0.72,0.6515,0.39,0.2239,31,166,197
5268,2011-08-12,3,0,8,9,0,5,1,1,0.72,0.6515,0.34,0.1343,27,178,205
5292,2011-08-13,3,0,8,9,0,6,0,2,0.7,0.6667,0.74,0.1642,70,138,208
5316,2011-08-14,3,0,8,9,0,0,0,3,0.66,0.5909,0.89,0.2836,27,76,103
5340,2011-08-15,3,0,8,9,0,1,1,1,0.64,0.5909,0.78,0.3284,52,170,222
5364,2011-08-16,3,0,8,9,0,2,1,1,0.68,0.6364,0.61,0.2836,27,171,198
5388,2011-08-17,3,0,8,9,0,3,1,1,0.74,0.6667,0.48,0.0896,31,178,209
5412,2011-08-18,3,0,8,9,0,4,1,1,0.72,0.6818,0.66,0.2537,42,186,228
5436,2011-08-19,3,0,8,9,0,5,1,1,0.7,0.6515,0.65,0.1343,31,187,218
5460,2011-08-20,3,0,8,9,0,6,0,1,0.7,0.6515,0.65,0,51,139,190
5484,2011-08-21,3,0,8,9,0,0,0,1,0.72,0.697,0.74,0.2239,80,151,231
5508,2011-08-22,3,0,8,9,0,1,1,1,0.68,0.6364,0.54,0.2537,36,151,187
5532,2011-08-23,3,0,8,9,0,2,1,2,0.66,0.6212,0.44,0,34,191,225
5556,2011-08-24,3,0,8,9,0,3,1,1,0.64,0.6061,0.69,0.2537,44,169,213
5580,2011-08-25,3,0,8,9,0,4,1,2,0.72,0.6818,0.7,0.2985,21,141,162
5604,2011-08-26,3,0,8,9,0,5,1,1,0.7,0.6667,0.74,0,39,191,230
5628,2011-08-27,3,0,8,9,0,6,0,2,0.7,0.6667,0.84,0.4179,28,128,156
5639,2011-08-28,3,0,8,9,0,0,0,1,0.66,0.6212,0.74,0.4179,7,46,53
5663,2011-08-29,3,0,8,9,0,1,1,1,0.62,0.6212,0.53,0.2537,22,166,188
5687,2011-08-30,3,0,8,9,0,2,1,1,0.66,0.6212,0.5,0.2239,38,180,218
5711,2011-08-31,3,0,8,9,0,3,1,1,0.64,0.6061,0.69,0.0896,27,217,244
5735,2011-09-01,3,0,9,9,0,4,1,1,0.64,0.6061,0.69,0.1045,29,178,207
5759,2011-09-02,3,0,9,9,0,5,1,2,0.62,0.5758,0.83,0.1045,30,190,220
5783,2011-09-03,3,0,9,9,0,6,0,2,0.66,0.6212,0.69,0.2537,83,118,201
5807,2011-09-04,3,0,9,9,0,0,0,1,0.66,0.6061,0.78,0.1642,87,102,189
5831,2011-09-05,3,0,9,9,1,1,0,3,0.68,0.6364,0.74,0.1642,63,89,152
5854,2011-09-06,3,0,9,9,0,2,1,2,0.54,0.5152,0.81,0.4179,18,167,185
5878,2011-09-07,3,0,9,9,0,3,1,3,0.6,0.5455,0.88,0.1343,14,176,190
5901,2011-09-08,3,0,9,9,0,4,1,2,0.62,0.5152,1,0.2537,4,65,69
5925,2011-09-09,3,0,9,9,0,5,1,3,0.62,0.5455,0.94,0.1642,5,131,136
5949,2011-09-10,3,0,9,9,0,6,0,1,0.64,0.5909,0.78,0.2985,39,168,207
5973,2011-09-11,3,0,9,9,0,0,0,1,0.66,0.6212,0.74,0,59,168,227
5996,2011-09-12,3,0,9,9,0,1,1,1,0.64,0.6061,0.69,0,21,155,176
6020,2011-09-13,3,0,9,9,0,2,1,1,0.64,0.6061,0.69,0.0896,35,179,214
6044,2011-09-14,3,0,9,9,0,3,1,1,0.64,0.5909,0.78,0.1642,19,183,202
6068,2011-09-15,3,0,9,9,0,4,1,2,0.64,0.6061,0.73,0.3582,23,186,209
6092,2011-09-16,3,0,9,9,0,5,1,1,0.46,0.4545,0.55,0.2537,21,189,210
6116,2011-09-17,3,0,9,9,0,6,0,2,0.48,0.4697,0.67,0.2239,32,145,177
6140,2011-09-18,3,0,9,9,0,0,0,1,0.48,0.4697,0.67,0.2537,46,94,140
6164,2011-09-19,3,0,9,9,0,1,1,2,0.54,0.5152,0.68,0.1642,32,183,215
6188,2011-09-20,3,0,9,9,0,2,1,3,0.54,0.5152,0.94,0.2239,5,64,69
6212,2011-09-21,3,0,9,9,0,3,1,2,0.56,0.5303,1,0.0896,21,187,208
6236,2011-09-22,3,0,9,9,0,4,1,2,0.62,0.5455,0.94,0.194,35,168,203
6260,2011-09-23,4,0,9,9,0,5,1,3,0.62,0.5152,1,0.1343,3,108,111
6284,2011-09-24,4,0,9,9,0,6,0,2,0.6,0.5455,0.88,0.0896,41,134,175
6308,2011-09-25,4,0,9,9,0,0,0,2,0.64,0.5758,0.83,0,55,100,155
6332,2011-09-26,4,0,9,9,0,1,1,2,0.64,0.5758,0.89,0.194,44,161,205
6356,2011-09-27,4,0,9,9,0,2,1,3,0.64,0.5758,0.89,0.194,20,173,193
6380,2011-09-28,4,0,9,9,0,3,1,3,0.62,0.5455,0.94,0.2239,14,141,155
6404,2011-09-29,4,0,9,9,0,4,1,1,0.62,0.5909,0.78,0.2537,27,198,225
6428,2011-09-30,4,0,9,9,0,5,1,1,0.56,0.5303,0.73,0.194,23,214,237
6452,2011-10-01,4,0,10,9,0,6,0,3,0.4,0.4091,0.82,0.3582,17,112,129
6476,2011-10-02,4,0,10,9,0,0,0,1,0.36,0.3333,0.76,0.3582,19,96,115
6500,2011-10-03,4,0,10,9,0,1,1,2,0.4,0.4091,0.66,0.0896,12,141,153
6524,2011-10-04,4,0,10,9,0,2,1,1,0.46,0.4545,0.67,0.2537,19,168,187
6548,2011-10-05,4,0,10,9,0,3,1,1,0.54,0.5152,0.6,0.2985,32,187,219
6572,2011-10-06,4,0,10,9,0,4,1,1,0.46,0.4545,0.63,0.194,20,188,208
6596,2011-10-07,4,0,10,9,0,5,1,1,0.48,0.4697,0.77,0,34,207,241
6620,2011-10-08,4,0,10,9,0,6,0,1,0.5,0.4848,0.77,0,54,163,217
6644,2011-10-09,4,0,10,9,0,0,0,1,0.5,0.4848,0.77,0,66,119,185
6668,2011-10-10,4,0,10,9,1,1,0,1,0.54,0.5152,0.77,0,58,161,219
6692,2011-10-11,4,0,10,9,0,2,1,2,0.6,0.5909,0.69,0,40,195,235
6716,2011-10-12,4,0,10,9,0,3,1,2,0.54,0.5152,0.88,0.4478,14,183,197
6740,2011-10-13,4,0,10,9,0,4,1,3,0.56,0.5303,1,0.1045,3,106,109
6764,2011-10-14,4,0,10,9,0,5,1,2,0.56,0.5303,0.94,0.2239,16,164,180
6788,2011-10-15,4,0,10,9,0,6,0,1,0.52,0.5,0.48,0.2985,50,157,207
6812,2011-10-16,4,0,10,9,0,0,0,1,0.5,0.4848,0.45,0.2239,39,151,190
6836,2011-10-17,4,0,10,9,0,1,1,2,0.5,0.4848,0.45,0.2836,26,180,206
6860,2011-10-18,4,0,10,9,0,2,1,2,0.52,0.5,0.77,0.0896,29,198,227
6883,2011-10-19,4,0,10,9,0,3,1,3,0.52,0.5,0.88,0.4925,17,185,202
6907,2011-10-20,4,0,10,9,0,4,1,1,0.44,0.4394,0.67,0.5821,26,197,223
6931,2011-10-21,4,0,10,9,0,5,1,2,0.42,0.4242,0.58,0.1343,33,189,222
6955,2011-10-22,4,0,10,9,0,6,0,1,0.42,0.4242,0.67,0.0896,47,122,169
6979,2011-10-23,4,0,10,9,0,0,0,1,0.4,0.4091,0.76,0,48,95,143
7003,2011-10-24,4,0,10,9,0,1,1,2,0.44,0.4394,0.82,0.1642,29,166,195
7027,2011-10-25,4,0,10,9,0,2,1,1,0.48,0.4697,0.55,0.2239,29,194,223
7051,2011-10-26,4,0,10,9,0,3,1,2,0.48,0.4697,0.63,0.2239,14,226,240
7075,2011-10-27,4,0,10,9,0,4,1,2,0.5,0.4848,0.82,0.1642,16,155,171
7099,2011-10-28,4,0,10,9,0,5,1,1,0.32,0.303,0.57,0.2239,19,210,229
7123,2011-10-29,4,0,10,9,0,6,0,3,0.28,0.2576,0.87,0.3582,1,19,20
7147,2011-10-30,4,0,10,9,0,0,0,1,0.3,0.2879,0.65,0.2537,55,92,147
7171,2011-10-31,4,0,10,9,0,1,1,2,0.32,0.3182,0.76,0.1642,14,197,211
7195,2011-11-01,4,0,11,9,0,2,1,1,0.4,0.4091,0.66,0.1642,16,206,222
7219,2011-11-02,4,0,11,9,0,3,1,1,0.34,0.3636,0.87,0,15,213,228
7243,2011-11-03,4,0,11,9,0,4,1,2,0.36,0.3485,0.81,0.194,9,155,164
7267,2011-11-04,4,0,11,9,0,5,1,2,0.42,0.4242,0.71,0.4627,15,239,254
7291,2011-11-05,4,0,11,9,0,6,0,1,0.3,0.2727,0.56,0.2985,30,111,141
7315,2011-11-06,4,0,11,9,0,0,0,2,0.3,0.3182,0.75,0.0896,36,134,170
7339,2011-11-07,4,0,11,9,0,1,1,2,0.34,0.3333,1,0.1343,18,156,174
7363,2011-11-08,4,0,11,9,0,2,1,1,0.36,0.3788,0.87,0,14,177,191
7387,2011-11-09,4,0,11,9,0,3,1,1,0.34,0.3636,0.93,0,22,197,219
7411,2011-11-10,4,0,11,9,0,4,1,2,0.42,0.4242,0.94,0.1045,23,188,211
7435,2011-11-11,4,0,11,9,1,5,0,1,0.32,0.2879,0.45,0.4478,15,186,201
7459,2011-11-12,4,0,11,9,0,6,0,1,0.3,0.303,0.61,0.1642,18,142,160
7483,2011-11-13,4,0,11,9,0,0,0,1,0.4,0.4091,0.54,0.2836,38,97,135
7507,2011-11-14,4,0,11,9,0,1,1,2,0.48,0.4697,0.67,0.3284,29,204,233
7531,2011-11-15,4,0,11,9,0,2,1,2,0.56,0.5303,0.64,0.0896,26,174,200
7555,2011-11-16,4,0,11,9,0,3,1,3,0.46,0.4545,0.94,0,5,77,82
7579,2011-11-17,4,0,11,9,0,4,1,2,0.34,0.303,0.61,0.3284,14,184,198
7603,2011-11-18,4,0,11,9,0,5,1,1,0.26,0.2576,0.41,0.194,6,207,213
7627,2011-11-19,4,0,11,9,0,6,0,1,0.28,0.2576,0.52,0.2985,12,130,142
7651,2011-11-20,4,0,11,9,0,0,0,1,0.44,0.4394,0.72,0.1642,29,109,138
7675,2011-11-21,4,0,11,9,0,1,1,2,0.48,0.4697,0.94,0.1045,15,222,237
7699,2011-11-22,4,0,11,9,0,2,1,3,0.4,0.4091,0.94,0,2,147,149
7723,2011-11-23,4,0,11,9,0,3,1,2,0.52,0.5,0.94,0.194,3,164,167
7747,2011-11-24,4,0,11,9,1,4,0,1,0.34,0.3485,0.61,0,13,68,81
7771,2011-11-25,4,0,11,9,0,5,1,1,0.32,0.3485,0.76,0,25,70,95
7795,2011-11-26,4,0,11,9,0,6,0,1,0.34,0.3485,0.76,0.0896,16,67,83
7819,2011-11-27,4,0,11,9,0,0,0,1,0.46,0.4545,0.72,0.2836,21,90,111
7842,2011-11-28,4,0,11,9,0,1,1,2,0.44,0.4394,0.88,0.2239,17,191,208
7866,2011-11-29,4,0,11,9,0,2,1,3,0.56,0.5303,0.73,0.4179,5,197,202
7890,2011-11-30,4,0,11,9,0,3,1,1,0.3,0.2879,0.75,0.2836,7,186,193
7914,2011-12-01,4,0,12,9,0,4,1,1,0.3,0.2727,0.52,0.3284,9,215,224
7938,2011-12-02,4,0,12,9,0,5,1,1,0.28,0.3182,0.81,0,12,234,246
7962,2011-12-03,4,0,12,9,0,6,0,1,0.26,0.2727,0.7,0.1045,25,99,124
7986,2011-12-04,4,0,12,9,0,0,0,1,0.3,0.3333,0.81,0,12,114,126
8010,2011-12-05,4,0,12,9,0,1,1,2,0.36,0.3636,0.87,0.0896,12,178,190
8034,2011-12-06,4,0,12,9,0,2,1,2,0.46,0.4545,0.94,0.2239,4,200,204
8058,2011-12-07,4,0,12,9,0,3,1,3,0.44,0.4394,1,0.2537,0,64,64
8082,2011-12-08,4,0,12,9,0,4,1,1,0.24,0.2121,0.52,0.3881,7,218,225
8106,2011-12-09,4,0,12,9,0,5,1,1,0.26,0.2879,0.81,0.0896,8,256,264
8130,2011-12-10,4,0,12,9,0,6,0,1,0.28,0.2576,0.61,0.2836,15,134,149
8154,2011-12-11,4,0,12,9,0,0,0,1,0.2,0.2576,0.59,0,19,88,107
8178,2011-12-12,4,0,12,9,0,1,1,2,0.18,0.2121,0.74,0.0896,12,208,220
8202,2011-12-13,4,0,12,9,0,2,1,1,0.26,0.2576,0.6,0.1642,10,223,233
8226,2011-12-14,4,0,12,9,0,3,1,2,0.3,0.3333,0.61,0,9,230,239
8250,2011-12-15,4,0,12,9,0,4,1,2,0.36,0.3333,0.62,0.2836,6,274,280
8274,2011-12-16,4,0,12,9,0,5,1,1,0.36,0.3333,0.46,0.3881,8,235,243
8298,2011-12-17,4,0,12,9,0,6,0,2,0.26,0.2424,0.56,0.2537,5,95,100
8322,2011-12-18,4,0,12,9,0,0,0,1,0.22,0.2273,0.64,0.1642,6,75,81
8346,2011-12-19,4,0,12,9,0,1,1,1,0.22,0.2121,0.69,0.2239,17,166,183
8370,2011-12-20,4,0,12,9,0,2,1,2,0.36,0.3788,0.66,0,14,245,259
8394,2011-12-21,1,0,12,9,0,3,1,2,0.4,0.4091,0.87,0.2239,14,220,234
8418,2011-12-22,1,0,12,9,0,4,1,2,0.38,0.3939,0.87,0.0896,10,218,228
8442,2011-12-23,1,0,12,9,0,5,1,1,0.4,0.4091,0.66,0.2985,4,152,156
8466,2011-12-24,1,0,12,9,0,6,0,1,0.3,0.2727,0.45,0.4179,3,53,56
8489,2011-12-25,1,0,12,9,0,0,0,1,0.24,0.2424,0.87,0.1642,3,20,23
8512,2011-12-26,1,0,12,9,1,1,0,1,0.34,0.303,0.46,0.2985,24,38,62
8536,2011-12-27,1,0,12,9,0,2,1,3,0.32,0.3333,0.66,0.1045,19,85,104
8559,2011-12-28,1,0,12,9,0,3,1,1,0.32,0.303,0.57,0.3284,18,171,189
8583,2011-12-29,1,0,12,9,0,4,1,2,0.2,0.2121,0.64,0.1343,15,155,170
8607,2011-12-30,1,0,12,9,0,5,1,1,0.26,0.303,0.75,0,19,175,194
8631,2011-12-31,1,0,12,9,0,6,0,1,0.38,0.3939,0.76,0,18,72,90
8655,2012-01-01,1,1,1,9,0,0,0,1,0.26,0.2727,0.93,0.1045,13,27,40
8678,2012-01-02,1,1,1,9,1,1,0,1,0.24,0.2576,0.35,0,15,53,68
8702,2012-01-03,1,1,1,9,0,2,1,1,0.16,0.1364,0.5,0.2836,8,145,153
8726,2012-01-04,1,1,1,9,0,3,1,1,0.04,0.0606,0.45,0.1343,7,173,180
8750,2012-01-05,1,1,1,9,0,4,1,2,0.22,0.2727,0.69,0,7,220,227
8774,2012-01-06,1,1,1,9,0,5,1,1,0.24,0.2424,0.7,0.1642,4,237,241
8798,2012-01-07,1,1,1,9,0,6,0,1,0.22,0.2273,0.8,0.1343,14,116,130
8822,2012-01-08,1,1,1,9,0,0,0,1,0.32,0.3333,0.53,0.1343,23,102,125
8846,2012-01-09,1,1,1,9,0,1,1,2,0.22,0.2727,0.64,0,9,188,197
8869,2012-01-10,1,1,1,9,0,2,1,2,0.18,0.197,0.93,0.1642,11,184,195
8893,2012-01-11,1,1,1,9,0,3,1,2,0.2,0.2121,0.86,0.1343,7,218,225
8917,2012-01-12,1,1,1,9,0,4,1,1,0.32,0.3333,0.81,0.1045,10,220,230
8941,2012-01-13,1,1,1,9,0,5,1,1,0.22,0.197,0.47,0.3881,10,204,214
8965,2012-01-14,1,1,1,9,0,6,0,1,0.14,0.1667,0.5,0.1045,3,78,81
8989,2012-01-15,1,1,1,9,0,0,0,1,0.12,0.1364,0.54,0.194,10,80,90
9013,2012-01-16,1,1,1,9,1,1,0,1,0.1,0.1212,0.58,0.1642,7,89,96
9036,2012-01-17,1,1,1,9,0,2,1,3,0.32,0.303,0.81,0.2537,7,61,68
9060,2012-01-18,1,1,1,9,0,3,1,1,0.28,0.2576,0.52,0.3284,6,196,202
9084,2012-01-19,1,1,1,9,0,4,1,1,0.12,0.197,0.54,0,6,204,210
9108,2012-01-20,1,1,1,9,0,5,1,1,0.22,0.197,0.47,0.3881,21,242,263
9132,2012-01-21,1,1,1,9,0,6,0,2,0.16,0.1515,0.93,0.2537,2,40,42
9156,2012-01-22,1,1,1,9,0,0,0,2,0.16,0.1515,0.74,0.2239,9,54,63
9180,2012-01-23,1,1,1,9,0,1,1,2,0.2,0.2273,0.86,0.0896,13,198,211
9204,2012-01-24,1,1,1,9,0,2,1,2,0.32,0.3333,0.87,0.0896,11,244,255
9228,2012-01-25,1,1,1,9,0,3,1,1,0.24,0.2273,0.7,0.2537,18,218,236
9252,2012-01-26,1,1,1,9,0,4,1,2,0.3,0.3333,0.81,0,18,256,274
9276,2012-01-27,1,1,1,9,0,5,1,3,0.5,0.4848,0.88,0.2836,6,101,107
9300,2012-01-28,1,1,1,9,0,6,0,1,0.22,0.2727,0.8,0,13,145,158
9324,2012-01-29,1,1,1,9,0,0,0,1,0.18,0.197,0.43,0.1343,13,98,111
9348,2012-01-30,1,1,1,9,0,1,1,1,0.2,0.197,0.47,0.2239,5,193,198
9372,2012-01-31,1,1,1,9,0,2,1,1,0.3,0.2879,0.52,0.194,30,231,261
9396,2012-02-01,1,1,2,9,0,3,1,2,0.36,0.3485,0.71,0.194,9,267,276
9420,2012-02-02,1,1,2,9,0,4,1,3,0.38,0.3939,0.87,0,15,213,228
9444,2012-02-03,1,1,2,9,0,5,1,1,0.24,0.2273,0.65,0.194,18,252,270
9468,2012-02-04,1,1,2,9,0,6,0,1,0.24,0.2424,0.81,0.1343,16,141,157
9492,2012-02-05,1,1,2,9,0,0,0,2,0.24,0.2273,0.7,0.2239,9,83,92
9515,2012-02-06,1,1,2,9,0,1,1,1,0.18,0.2121,0.8,0.1045,8,269,277
9539,2012-02-07,1,1,2,9,0,2,1,1,0.32,0.3333,0.49,0,11,278,289
9563,2012-02-08,1,1,2,9,0,3,1,2,0.24,0.2576,0.7,0.1642,8,245,253
9587,2012-02-09,1,1,2,9,0,4,1,1,0.2,0.197,0.59,0.2239,9,229,238
9611,2012-02-10,1,1,2,9,0,5,1,1,0.22,0.2273,0.55,0.1642,10,265,275
9635,2012-02-11,1,1,2,9,0,6,0,3,0.22,0.2424,0.93,0.1045,5,85,90
9659,2012-02-12,1,1,2,9,0,0,0,1,0.1,0.0909,0.49,0.2985,3,60,63
9683,2012-02-13,1,1,2,9,0,1,1,1,0.12,0.1364,0.5,0.194,7,198,205
9707,2012-02-14,1,1,2,9,0,2,1,2,0.26,0.2879,0.56,0.0896,6,256,262
9731,2012-02-15,1,1,2,9,0,3,1,1,0.32,0.303,0.61,0.3284,5,226,231
9755,2012-02-16,1,1,2,9,0,4,1,2,0.3,0.303,0.7,0.1642,3,199,202
9779,2012-02-17,1,1,2,9,0,5,1,2,0.26,0.303,1,0,8,275,283
9803,2012-02-18,1,1,2,9,0,6,0,1,0.22,0.2424,0.8,0.1045,22,116,138
9827,2012-02-19,1,1,2,9,0,0,0,2,0.24,0.2273,0.56,0.2537,20,73,93
9850,2012-02-20,1,1,2,9,1,1,0,1,0.2,0.1818,0.59,0.3582,12,98,110
9873,2012-02-21,1,1,2,9,0,2,1,1,0.2,0.2273,0.75,0.1045,6,211,217
9897,2012-02-22,1,1,2,9,0,3,1,1,0.32,0.3333,0.7,0.0896,11,241,252
9921,2012-02-23,1,1,2,9,0,4,1,1,0.36,0.3333,0.81,0.2537,14,228,242
9945,2012-02-24,1,1,2,9,0,5,1,3,0.36,0.3333,0.81,0.2537,15,229,244
9969,2012-02-25,1,1,2,9,0,6,0,3,0.22,0.197,0.75,0.3284,15,107,122
9993,2012-02-26,1,1,2,9,0,0,0,1,0.22,0.2121,0.47,0.2239,11,76,87
10017,2012-02-27,1,1,2,9,0,1,1,1,0.26,0.2576,0.6,0.194,11,219,230
10041,2012-02-28,1,1,2,9,0,2,1,1,0.28,0.2576,0.45,0.3582,7,225,232
10064,2012-02-29,1,1,2,9,0,3,1,3,0.3,0.303,0.81,0.1642,5,33,38
10088,2012-03-01,1,1,3,9,0,4,1,1,0.46,0.4545,0.77,0.2537,5,281,286
10112,2012-03-02,1,1,3,9,0,5,1,1,0.3,0.3333,0.81,0,15,299,314
10136,2012-03-03,1,1,3,9,0,6,0,3,0.38,0.3939,0.87,0.0896,7,87,94
10160,2012-03-04,1,1,3,9,0,0,0,1,0.3,0.2727,0.49,0.4478,14,104,118
10184,2012-03-05,1,1,3,9,0,1,1,2,0.22,0.2576,0.6,0.0896,11,186,197
10208,2012-03-06,1,1,3,9,0,2,1,1,0.22,0.2727,0.47,0,11,222,233
10232,2012-03-07,1,1,3,9,0,3,1,1,0.3,0.2727,0.61,0.3284,12,252,264
10256,2012-03-08,1,1,3,9,0,4,1,1,0.46,0.4545,0.72,0.4627,19,282,301
10280,2012-03-09,1,1,3,9,0,5,1,2,0.34,0.2879,0.42,0.5224,17,267,284
10304,2012-03-10,1,1,3,9,0,6,0,1,0.24,0.2121,0.41,0.3284,21,127,148
10327,2012-03-11,1,1,3,9,0,0,0,1,0.26,0.2576,0.6,0.2239,20,70,90
10351,2012-03-12,1,1,3,9,0,1,1,1,0.38,0.3939,0.54,0.1642,21,260,281
10375,2012-03-13,1,1,3,9,0,2,1,1,0.48,0.4697,0.82,0.2836,18,324,342
10399,2012-03-14,1,1,3,9,0,3,1,1,0.52,0.5,0.68,0,26,325,351
10423,2012-03-15,1,1,3,9,0,4,1,1,0.48,0.4697,0.77,0.0896,30,285,315
10447,2012-03-16,1,1,3,9,0,5,1,2,0.42,0.4242,0.82,0,35,277,312
10471,2012-03-17,1,1,3,9,0,6,0,2,0.44,0.4394,0.88,0.0896,104,217,321
10495,2012-03-18,1,1,3,9,0,0,0,2,0.42,0.4242,0.88,0.0896,65,113,178
10519,2012-03-19,1,1,3,9,0,1,1,1,0.5,0.4848,0.72,0.1642,55,276,331
10543,2012-03-20,1,1,3,9,0,2,1,2,0.54,0.5152,0.88,0.1642,41,284,325
10567,2012-03-21,2,1,3,9,0,3,1,2,0.5,0.4848,0.88,0.1642,38,255,293
10591,2012-03-22,2,1,3,9,0,4,1,2,0.5,0.4848,0.94,0.0896,41,277,318
10615,2012-03-23,2,1,3,9,0,5,1,2,0.52,0.5,0.9,0.0896,75,305,380
10639,2012-03-24,2,1,3,9,0,6,0,2,0.52,0.5,0.83,0.1343,96,153,249
10663,2012-03-25,2,1,3,9,0,0,0,2,0.4,0.4091,0.94,0.2537,26,92,118
10687,2012-03-26,2,1,3,9,0,1,1,1,0.46,0.4545,0.47,0.2836,37,245,282
10711,2012-03-27,2,1,3,9,0,2,1,1,0.24,0.2273,0.38,0.194,8,259,267
10735,2012-03-28,2,1,3,9,0,3,1,1,0.4,0.4091,0.43,0.4478,16,298,314
10759,2012-03-29,2,1,3,9,0,4,1,1,0.48,0.4697,0.48,0.4179,22,299,321
10783,2012-03-30,2,1,3,9,0,5,1,1,0.34,0.3333,0.57,0.1642,29,292,321
10807,2012-03-31,2,1,3,9,0,6,0,2,0.4,0.4091,0.76,0.194,62,161,223
10831,2012-04-01,2,1,4,9,0,0,0,2,0.36,0.3485,0.81,0.1343,102,173,275
10854,2012-04-02,2,1,4,9,0,1,1,1,0.38,0.3939,0.54,0.3582,52,265,317
10878,2012-04-03,2,1,4,9,0,2,1,1,0.42,0.4242,0.38,0.0896,54,354,408
10902,2012-04-04,2,1,4,9,0,3,1,2,0.48,0.4697,0.55,0.1343,47,316,363
10926,2012-04-05,2,1,4,9,0,4,1,1,0.4,0.4091,0.37,0.2537,61,290,351
10950,2012-04-06,2,1,4,9,0,5,1,1,0.34,0.303,0.42,0.3284,58,318,376
10974,2012-04-07,2,1,4,9,0,6,0,1,0.4,0.4091,0.3,0.2537,103,173,276
10998,2012-04-08,2,1,4,9,0,0,0,1,0.44,0.4394,0.26,0.2239,71,108,179
11022,2012-04-09,2,1,4,9,0,1,1,1,0.46,0.4545,0.31,0.3582,50,236,286
11046,2012-04-10,2,1,4,9,0,2,1,1,0.42,0.4242,0.67,0.194,16,303,319
11069,2012-04-11,2,1,4,9,0,3,1,2,0.32,0.303,0.49,0.2985,20,282,302
11093,2012-04-12,2,1,4,9,0,4,1,1,0.36,0.3333,0.57,0.3582,16,271,287
11117,2012-04-13,2,1,4,9,0,5,1,1,0.42,0.4242,0.41,0.1642,36,294,330
11141,2012-04-14,2,1,4,9,0,6,0,1,0.42,0.4242,0.54,0.1343,59,206,265
11165,2012-04-15,2,1,4,9,0,0,0,1,0.54,0.5152,0.56,0.2239,97,154,251
11189,2012-04-16,2,1,4,9,1,1,0,1,0.62,0.6061,0.69,0.2239,59,238,297
11213,2012-04-17,2,1,4,9,0,2,1,1,0.6,0.6212,0.38,0.4925,71,329,400
11237,2012-04-18,2,1,4,9,0,3,1,3,0.48,0.4697,0.44,0.2985,20,245,265
11261,2012-04-19,2,1,4,9,0,4,1,2,0.46,0.4545,0.72,0,31,270,301
11285,2012-04-20,2,1,4,9,0,5,1,1,0.46,0.4545,0.88,0.0896,30,329,359
11309,2012-04-21,2,1,4,9,0,6,0,1,0.54,0.5152,0.77,0.1642,115,216,331
11333,2012-04-22,2,1,4,9,0,0,0,3,0.4,0.4091,0.82,0.2537,8,71,79
11357,2012-04-23,2,1,4,9,0,1,1,2,0.3,0.2727,0.75,0.3881,17,255,272
11381,2012-04-24,2,1,4,9,0,2,1,1,0.4,0.4091,0.47,0.3582,6,302,308
11405,2012-04-25,2,1,4,9,0,3,1,1,0.42,0.4242,0.54,0,33,288,321
11429,2012-04-26,2,1,4,9,0,4,1,3,0.46,0.4545,0.88,0.1642,12,189,201
11453,2012-04-27,2,1,4,9,0,5,1,1,0.42,0.4242,0.44,0.4925,42,292,334
11477,2012-04-28,2,1,4,9,0,6,0,2,0.38,0.3939,0.37,0,45,169,214
11501,2012-04-29,2,1,4,9,0,0,0,1,0.4,0.4091,0.71,0.1343,52,133,185
11525,2012-04-30,2,1,4,9,0,1,1,2,0.4,0.4091,0.43,0.194,29,239,268
11549,2012-05-01,2,1,5,9,0,2,1,2,0.54,0.5152,0.88,0.194,18,331,349
11573,2012-05-02,2,1,5,9,0,3,1,2,0.56,0.5303,0.88,0,26,289,315
11597,2012-05-03,2,1,5,9,0,4,1,2,0.48,0.4697,0.88,0.1045,25,279,304
11621,2012-05-04,2,1,5,9,0,5,1,1,0.6,0.5758,0.78,0,32,262,294
11645,2012-05-05,2,1,5,9,0,6,0,1,0.62,0.5909,0.78,0.1045,61,223,284
11669,2012-05-06,2,1,5,9,0,0,0,2,0.52,0.5,0.83,0.1642,63,128,191
11693,2012-05-07,2,1,5,9,0,1,1,2,0.5,0.4848,0.82,0.2239,61,289,350
11717,2012-05-08,2,1,5,9,0,2,1,2,0.56,0.5303,0.68,0.3582,37,258,295
11741,2012-05-09,2,1,5,9,0,3,1,2,0.6,0.5606,0.83,0,40,285,325
11765,2012-05-10,2,1,5,9,0,4,1,1,0.5,0.4848,0.59,0.4627,62,299,361
11789,2012-05-11,2,1,5,9,0,5,1,1,0.48,0.4697,0.41,0.2985,34,288,322
11813,2012-05-12,2,1,5,9,0,6,0,1,0.54,0.5152,0.49,0,87,248,335
11837,2012-05-13,2,1,5,9,0,0,0,1,0.6,0.6212,0.56,0.1343,79,143,222
11861,2012-05-14,2,1,5,9,0,1,1,3,0.54,0.5152,0.88,0.2836,5,105,110
11885,2012-05-15,2,1,5,9,0,2,1,2,0.58,0.5455,0.88,0.0896,28,327,355
11909,2012-05-16,2,1,5,9,0,3,1,2,0.6,0.5758,0.78,0.1343,33,314,347
11933,2012-05-17,2,1,5,9,0,4,1,1,0.54,0.5152,0.52,0.4179,57,289,346
11957,2012-05-18,2,1,5,9,0,5,1,1,0.56,0.5303,0.56,0.1045,57,304,361
11981,2012-05-19,2,1,5,9,0,6,0,1,0.56,0.5303,0.43,0.1642,79,213,292
12005,2012-05-20,2,1,5,9,0,0,0,1,0.62,0.6212,0.32,0.2537,129,184,313
12029,2012-05-21,2,1,5,9,0,1,1,3,0.56,0.5303,0.88,0.2239,14,172,186
12053,2012-05-22,2,1,5,9,0,2,1,2,0.6,0.5606,0.83,0.1045,46,287,333
12077,2012-05-23,2,1,5,9,0,3,1,2,0.62,0.5909,0.78,0,39,258,297
12101,2012-05-24,2,1,5,9,0,4,1,1,0.62,0.5909,0.73,0.1642,34,267,301
12125,2012-05-25,2,1,5,9,0,5,1,2,0.64,0.5758,0.89,0.1343,52,288,340
12149,2012-05-26,2,1,5,9,0,6,0,1,0.64,0.5758,0.83,0.194,97,192,289
12173,2012-05-27,2,1,5,9,0,0,0,1,0.66,0.6061,0.83,0.2239,130,140,270
12197,2012-05-28,2,1,5,9,1,1,0,1,0.7,0.6515,0.61,0,121,142,263
12221,2012-05-29,2,1,5,9,0,2,1,1,0.72,0.6818,0.7,0.2537,26,231,257
12245,2012-05-30,2,1,5,9,0,3,1,2,0.62,0.6061,0.69,0.194,23,282,305
12269,2012-05-31,2,1,5,9,0,4,1,1,0.66,0.6212,0.47,0.2537,47,264,311
12293,2012-06-01,2,1,6,9,0,5,1,2,0.64,0.5758,0.83,0.2239,24,274,298
12317,2012-06-02,2,1,6,9,0,6,0,1,0.56,0.5303,0.6,0.2537,89,243,332
12341,2012-06-03,2,1,6,9,0,0,0,1,0.6,0.6212,0.46,0.194,70,230,300
12365,2012-06-04,2,1,6,9,0,1,1,1,0.62,0.6212,0.43,0.2836,38,244,282
12389,2012-06-05,2,1,6,9,0,2,1,2,0.52,0.5,0.72,0.2537,50,285,335
12413,2012-06-06,2,1,6,9,0,3,1,1,0.56,0.5303,0.6,0.0896,35,268,303
12437,2012-06-07,2,1,6,9,0,4,1,1,0.58,0.5455,0.68,0,37,300,337
12461,2012-06-08,2,1,6,9,0,5,1,1,0.62,0.6212,0.53,0.1642,47,335,382
12485,2012-06-09,2,1,6,9,0,6,0,1,0.64,0.6212,0.57,0.1642,99,241,340
12509,2012-06-10,2,1,6,9,0,0,0,1,0.7,0.6515,0.58,0,91,175,266
12533,2012-06-11,2,1,6,9,0,1,1,1,0.7,0.6515,0.65,0.1343,57,259,316
12557,2012-06-12,2,1,6,9,0,2,1,2,0.64,0.5758,0.89,0.2836,31,254,285
12581,2012-06-13,2,1,6,9,0,3,1,2,0.64,0.6061,0.69,0.5821,54,298,352
12605,2012-06-14,2,1,6,9,0,4,1,1,0.62,0.6061,0.61,0.2239,45,312,357
12629,2012-06-15,2,1,6,9,0,5,1,1,0.62,0.6061,0.65,0.1642,58,308,366
12653,2012-06-16,2,1,6,9,0,6,0,1,0.6,0.6061,0.6,0.0896,88,279,367
12677,2012-06-17,2,1,6,9,0,0,0,1,0.56,0.5303,0.68,0.1642,91,183,274
12701,2012-06-18,2,1,6,9,0,1,1,2,0.54,0.5152,0.83,0.2239,28,222,250
12725,2012-06-19,2,1,6,9,0,2,1,1,0.64,0.6061,0.73,0.0896,40,288,328
12749,2012-06-20,2,1,6,9,0,3,1,2,0.72,0.697,0.74,0,40,276,316
12773,2012-06-21,3,1,6,9,0,4,1,1,0.8,0.7576,0.55,0.194,32,224,256
12797,2012-06-22,3,1,6,9,0,5,1,1,0.76,0.7121,0.58,0.2239,55,278,333
12821,2012-06-23,3,1,6,9,0,6,0,1,0.72,0.6818,0.62,0.194,85,247,332
12845,2012-06-24,3,1,6,9,0,0,0,1,0.72,0.6667,0.51,0,63,169,232
12869,2012-06-25,3,1,6,9,0,1,1,1,0.7,0.6515,0.65,0.194,37,231,268
12893,2012-06-26,3,1,6,9,0,2,1,1,0.58,0.5455,0.46,0.4179,30,298,328
12917,2012-06-27,3,1,6,9,0,3,1,1,0.66,0.6212,0.41,0.3582,29,253,282
12941,2012-06-28,3,1,6,9,0,4,1,1,0.7,0.6515,0.54,0.1642,33,318,351
12965,2012-06-29,3,1,6,9,0,5,1,1,0.76,0.697,0.55,0.1642,39,261,300
12989,2012-06-30,3,1,6,9,0,6,0,1,0.64,0.5758,0.89,0.1642,41,234,275
13013,2012-07-01,3,1,7,9,0,0,0,1,0.82,0.7879,0.56,0,51,168,219
13037,2012-07-02,3,1,7,9,0,1,1,1,0.78,0.697,0.46,0.2537,56,239,295
13061,2012-07-03,3,1,7,9,0,2,1,1,0.8,0.7424,0.49,0.1642,46,226,272
13085,2012-07-04,3,1,7,9,1,3,0,1,0.76,0.697,0.52,0,90,203,293
13109,2012-07-05,3,1,7,9,0,4,1,1,0.84,0.7879,0.49,0.2985,47,246,293
13133,2012-07-06,3,1,7,9,0,5,1,1,0.82,0.7273,0.36,0.1343,55,249,304
13157,2012-07-07,3,1,7,9,0,6,0,1,0.84,0.8333,0.59,0.1642,69,187,256
13181,2012-07-08,3,1,7,9,0,0,0,1,0.86,0.8182,0.5,0.1045,70,172,242
13205,2012-07-09,3,1,7,9,0,1,1,2,0.66,0.6061,0.83,0.1642,38,325,363
13229,2012-07-10,3,1,7,9,0,2,1,1,0.74,0.697,0.66,0.1343,47,284,331
13253,2012-07-11,3,1,7,9,0,3,1,2,0.7,0.6667,0.74,0.1343,30,298,328
13277,2012-07-12,3,1,7,9,0,4,1,1,0.72,0.6667,0.58,0.1045,42,285,327
13301,2012-07-13,3,1,7,9,0,5,1,2,0.72,0.6667,0.51,0,70,344,414
13325,2012-07-14,3,1,7,9,0,6,0,1,0.66,0.6212,0.74,0.194,82,200,282
13349,2012-07-15,3,1,7,9,0,0,0,2,0.72,0.697,0.79,0,58,163,221
13373,2012-07-16,3,1,7,9,0,1,1,1,0.76,0.7121,0.62,0.1642,51,297,348
13397,2012-07-17,3,1,7,9,0,2,1,2,0.82,0.7727,0.49,0.2239,32,288,320
13421,2012-07-18,3,1,7,9,0,3,1,1,0.82,0.7879,0.56,0,44,253,297
13445,2012-07-19,3,1,7,9,0,4,1,2,0.76,0.7121,0.58,0.2836,36,282,318
13469,2012-07-20,3,1,7,9,0,5,1,2,0.7,0.6667,0.79,0.1343,45,328,373
13493,2012-07-21,3,1,7,9,0,6,0,2,0.58,0.5455,0.83,0.194,32,175,207
13517,2012-07-22,3,1,7,9,0,0,0,2,0.66,0.6212,0.69,0,79,179,258
13541,2012-07-23,3,1,7,9,0,1,1,2,0.74,0.7121,0.74,0.1343,57,288,345
13565,2012-07-24,3,1,7,9,0,2,1,1,0.84,0.803,0.53,0,40,299,339
13589,2012-07-25,3,1,7,9,0,3,1,1,0.72,0.6515,0.37,0.2985,65,277,342
13613,2012-07-26,3,1,7,9,0,4,1,2,0.72,0.6818,0.7,0.1343,55,289,344
13637,2012-07-27,3,1,7,9,0,5,1,1,0.82,0.7727,0.49,0.2836,34,329,363
13661,2012-07-28,3,1,7,9,0,6,0,1,0.78,0.7424,0.59,0.1045,110,227,337
13685,2012-07-29,3,1,7,9,0,0,0,1,0.72,0.6818,0.62,0.2537,64,162,226
13709,2012-07-30,3,1,7,9,0,1,1,2,0.74,0.697,0.7,0,34,259,293
13733,2012-07-31,3,1,7,9,0,2,1,1,0.72,0.6818,0.7,0.1045,31,302,333
13757,2012-08-01,3,1,8,9,0,3,1,2,0.68,0.6364,0.74,0.0896,34,316,350
13781,2012-08-02,3,1,8,9,0,4,1,1,0.76,0.7273,0.66,0.1045,31,312,343
13805,2012-08-03,3,1,8,9,0,5,1,2,0.74,0.697,0.66,0.1045,69,327,396
13829,2012-08-04,3,1,8,9,0,6,0,1,0.78,0.7576,0.65,0.2239,61,217,278
13853,2012-08-05,3,1,8,9,0,0,0,1,0.8,0.7727,0.59,0.3582,61,168,229
13877,2012-08-06,3,1,8,9,0,1,1,3,0.7,0.6667,0.79,0.1642,28,248,276
13901,2012-08-07,3,1,8,9,0,2,1,2,0.7,0.6667,0.74,0.1343,44,283,327
13925,2012-08-08,3,1,8,9,0,3,1,2,0.76,0.7273,0.66,0,33,308,341
13949,2012-08-09,3,1,8,9,0,4,1,1,0.76,0.7273,0.66,0.1642,54,299,353
13973,2012-08-10,3,1,8,9,0,5,1,2,0.64,0.5758,0.89,0,21,199,220
13997,2012-08-11,3,1,8,9,0,6,0,1,0.68,0.6364,0.79,0.194,54,217,271
14021,2012-08-12,3,1,8,9,0,0,0,1,0.7,0.6515,0.48,0.2239,64,153,217
14045,2012-08-13,3,1,8,9,0,1,1,2,0.74,0.6667,0.45,0,40,265,305
14069,2012-08-14,3,1,8,9,0,2,1,2,0.7,0.6667,0.74,0,48,354,402
14093,2012-08-15,3,1,8,9,0,3,1,2,0.72,0.6818,0.62,0.194,57,310,367
14117,2012-08-16,3,1,8,9,0,4,1,1,0.72,0.6667,0.54,0.1045,41,296,337
14141,2012-08-17,3,1,8,9,0,5,1,1,0.7,0.2424,0.58,0.1045,58,320,378
14165,2012-08-18,3,1,8,9,0,6,0,1,0.66,0.6212,0.65,0.2836,81,211,292
14189,2012-08-19,3,1,8,9,0,0,0,2,0.66,0.6212,0.74,0,86,184,270
14213,2012-08-20,3,1,8,9,0,1,1,2,0.64,0.6061,0.69,0,55,302,357
14237,2012-08-21,3,1,8,9,0,2,1,1,0.64,0.6061,0.69,0,47,281,328
14261,2012-08-22,3,1,8,9,0,3,1,1,0.68,0.6364,0.65,0,41,335,376
14285,2012-08-23,3,1,8,9,0,4,1,2,0.7,0.6515,0.7,0,58,354,412
14309,2012-08-24,3,1,8,9,0,5,1,2,0.72,0.6667,0.58,0,58,331,389
14333,2012-08-25,3,1,8,9,0,6,0,2,0.68,0.6364,0.69,0.2836,60,228,288
14357,2012-08-26,3,1,8,9,0,0,0,1,0.68,0.6364,0.79,0.2537,67,196,263
14381,2012-08-27,3,1,8,9,0,1,1,1,0.66,0.6061,0.83,0.1045,40,302,342
14405,2012-08-28,3,1,8,9,0,2,1,2,0.7,0.6667,0.79,0.1642,44,351,395
14429,2012-08-29,3,1,8,9,0,3,1,1,0.7,0.6515,0.51,0.194,40,308,348
14453,2012-08-30,3,1,8,9,0,4,1,1,0.7,0.6515,0.58,0,57,339,396
14477,2012-08-31,3,1,8,9,0,5,1,1,0.74,0.697,0.7,0,61,337,398
14501,2012-09-01,3,1,9,9,0,6,0,2,0.76,0.7121,0.58,0.194,62,175,237
14525,2012-09-02,3,1,9,9,0,0,0,2,0.7,0.6667,0.84,0,88,144,232
14549,2012-09-03,3,1,9,9,1,1,0,2,0.7,0.6667,0.84,0.1343,71,158,229
14573,2012-09-04,3,1,9,9,0,2,1,2,0.72,0.697,0.79,0.2239,30,293,323
14597,2012-09-05,3,1,9,9,0,3,1,1,0.74,0.697,0.7,0.2537,27,263,290
14621,2012-09-06,3,1,9,9,0,4,1,3,0.66,0.5909,0.94,0.1343,8,115,123
14645,2012-09-07,3,1,9,9,0,5,1,1,0.7,0.6667,0.79,0.1343,33,311,344
14669,2012-09-08,3,1,9,9,0,6,0,1,0.7,0.6667,0.74,0.3881,87,261,348
14693,2012-09-09,3,1,9,9,0,0,0,1,0.62,0.6061,0.61,0.2537,85,214,299
14717,2012-09-10,3,1,9,9,0,1,1,1,0.6,0.6212,0.53,0.2985,40,321,361
14741,2012-09-11,3,1,9,9,0,2,1,1,0.6,0.6212,0.49,0,35,323,358
14765,2012-09-12,3,1,9,9,0,3,1,1,0.6,0.6061,0.64,0.1343,50,278,328
14789,2012-09-13,3,1,9,9,0,4,1,1,0.6,0.6061,0.64,0.0896,46,292,338
14813,2012-09-14,3,1,9,9,0,5,1,2,0.62,0.5909,0.78,0.1642,46,301,347
14837,2012-09-15,3,1,9,9,0,6,0,1,0.6,0.6212,0.43,0.4179,79,263,342
14861,2012-09-16,3,1,9,9,0,0,0,1,0.58,0.5455,0.6,0.1343,70,226,296
14885,2012-09-17,3,1,9,9,0,1,1,1,0.58,0.5455,0.68,0.1343,34,265,299
14909,2012-09-18,3,1,9,9,0,2,1,2,0.66,0.6061,0.83,0.5821,27,266,293
14933,2012-09-19,3,1,9,9,0,3,1,1,0.54,0.5152,0.6,0.2537,26,336,362
14957,2012-09-20,3,1,9,9,0,4,1,1,0.56,0.5303,0.6,0.0896,25,330,355
14981,2012-09-21,3,1,9,9,0,5,1,1,0.58,0.5455,0.68,0.1343,35,348,383
15005,2012-09-22,3,1,9,9,0,6,0,1,0.64,0.6061,0.69,0.2537,88,289,377
15029,2012-09-23,4,1,9,9,0,0,0,1,0.5,0.4848,0.51,0.3284,71,205,276
15053,2012-09-24,4,1,9,9,0,1,1,1,0.52,0.5,0.52,0.194,42,286,328
15077,2012-09-25,4,1,9,9,0,2,1,1,0.54,0.5152,0.56,0.2537,28,381,409
15101,2012-09-26,4,1,9,9,0,3,1,1,0.6,0.6061,0.64,0.194,27,307,334
15125,2012-09-27,4,1,9,9,0,4,1,1,0.66,0.6212,0.65,0,30,305,335
15149,2012-09-28,4,1,9,9,0,5,1,2,0.62,0.5758,0.83,0.1045,27,399,426
15173,2012-09-29,4,1,9,9,0,6,0,1,0.5,0.4848,0.63,0.194,69,263,332
15197,2012-09-30,4,1,9,9,0,0,0,1,0.52,0.5,0.63,0.1045,74,211,285
15221,2012-10-01,4,1,10,9,0,1,1,2,0.52,0.5,0.63,0,26,314,340
15245,2012-10-02,4,1,10,9,0,2,1,3,0.58,0.5455,0.88,0.1343,3,83,86
15269,2012-10-03,4,1,10,9,0,3,1,2,0.62,0.5758,0.83,0.194,30,332,362
15293,2012-10-04,4,1,10,9,0,4,1,2,0.64,0.5758,0.89,0.194,40,319,359
15317,2012-10-05,4,1,10,9,0,5,1,1,0.6,0.6061,0.6,0.0896,58,326,384
15341,2012-10-06,4,1,10,9,0,6,0,1,0.6,0.5909,0.73,0.194,130,265,395
15365,2012-10-07,4,1,10,9,0,0,0,3,0.4,0.4091,0.71,0.1343,16,70,86
15389,2012-10-08,4,1,10,9,1,1,0,2,0.38,0.3939,0.66,0.1642,59,273,332
15413,2012-10-09,4,1,10,9,0,2,1,2,0.42,0.4242,0.77,0.2239,37,345,382
15437,2012-10-10,4,1,10,9,0,3,1,1,0.54,0.5152,0.6,0.2836,35,331,366
15461,2012-10-11,4,1,10,9,0,4,1,1,0.4,0.4091,0.43,0.3881,27,328,355
15485,2012-10-12,4,1,10,9,0,5,1,1,0.5,0.4848,0.39,0.2985,26,374,400
15509,2012-10-13,4,1,10,9,0,6,0,1,0.36,0.3636,0.5,0.0896,46,220,266
15533,2012-10-14,4,1,10,9,0,0,0,2,0.48,0.4697,0.67,0.2836,62,161,223
15557,2012-10-15,4,1,10,9,0,1,1,3,0.6,0.5909,0.69,0.3881,31,328,359
15581,2012-10-16,4,1,10,9,0,2,1,1,0.48,0.4697,0.55,0.2537,32,323,355
15605,2012-10-17,4,1,10,9,0,3,1,2,0.42,0.4242,0.77,0,38,344,382
15629,2012-10-18,4,1,10,9,0,4,1,2,0.5,0.4848,0.77,0.1642,41,346,387
15653,2012-10-19,4,1,10,9,0,5,1,2,0.54,0.5152,0.94,0.1045,26,363,389
15677,2012-10-20,4,1,10,9,0,6,0,1,0.5,0.4848,0.59,0.1343,106,257,363
15701,2012-10-21,4,1,10,9,0,0,0,1,0.46,0.4545,0.55,0.1642,77,192,269
15725,2012-10-22,4,1,10,9,0,1,1,1,0.46,0.4545,0.63,0.0896,25,335,360
15749,2012-10-23,4,1,10,9,0,2,1,2,0.5,0.4848,0.72,0.1045,29,305,334
15773,2012-10-24,4,1,10,9,0,3,1,2,0.52,0.5,0.77,0.0896,24,349,373
15797,2012-10-25,4,1,10,9,0,4,1,2,0.52,0.5,0.83,0.194,23,320,343
15821,2012-10-26,4,1,10,9,0,5,1,2,0.54,0.5152,0.88,0.1343,56,347,403
15845,2012-10-27,4,1,10,9,0,6,0,1,0.5,0.4848,0.77,0.2537,88,240,328
15869,2012-10-28,4,1,10,9,0,0,0,2,0.5,0.4848,0.55,0.4179,124,206,330
15905,2012-10-31,4,1,10,9,0,3,1,1,0.34,0.3333,0.76,0.1343,17,280,297
15929,2012-11-01,4,1,11,9,0,4,1,3,0.36,0.3636,0.57,0.1045,21,310,331
15953,2012-11-02,4,1,11,9,0,5,1,1,0.34,0.3485,0.53,0.1045,27,355,382
15977,2012-11-03,4,1,11,9,0,6,0,2,0.34,0.303,0.49,0.2985,31,188,219
16001,2012-11-04,4,1,11,9,0,0,0,1,0.32,0.3333,0.53,0,56,161,217
16025,2012-11-05,4,1,11,9,0,1,1,2,0.3,0.2879,0.52,0.2836,18,239,257
16049,2012-11-06,4,1,11,9,0,2,1,1,0.26,0.2576,0.6,0.1642,25,338,363
16073,2012-11-07,4,1,11,9,0,3,1,2,0.26,0.2424,0.6,0.2836,17,351,368
16096,2012-11-08,4,1,11,9,0,4,1,1,0.32,0.2879,0.31,0.3582,22,253,275
16120,2012-11-09,4,1,11,9,0,5,1,1,0.34,0.303,0.53,0.4179,23,304,327
16144,2012-11-10,4,1,11,9,0,6,0,1,0.36,0.3485,0.66,0.194,43,216,259
16168,2012-11-11,4,1,11,9,0,0,0,1,0.36,0.3788,0.77,0,94,179,273
16192,2012-11-12,4,1,11,9,1,1,0,1,0.44,0.4394,0.88,0.1045,60,337,397
16216,2012-11-13,4,1,11,9,0,2,1,3,0.32,0.303,0.81,0.3284,1,109,110
16240,2012-11-14,4,1,11,9,0,3,1,1,0.3,0.2727,0.52,0.3881,22,310,332
16264,2012-11-15,4,1,11,9,0,4,1,2,0.32,0.3182,0.61,0.194,17,306,323
16288,2012-11-16,4,1,11,9,0,5,1,1,0.34,0.3485,0.53,0.1045,21,330,351
16312,2012-11-17,4,1,11,9,0,6,0,1,0.34,0.3182,0.49,0.2239,48,200,248
16336,2012-11-18,4,1,11,9,0,0,0,1,0.32,0.303,0.7,0.2537,49,155,204
16360,2012-11-19,4,1,11,9,0,1,1,2,0.36,0.3333,0.66,0.2537,18,260,278
16384,2012-11-20,4,1,11,9,0,2,1,2,0.36,0.3788,0.71,0,28,298,326
16408,2012-11-21,4,1,11,9,0,3,1,1,0.32,0.3333,0.76,0.0896,45,320,365
16432,2012-11-22,4,1,11,9,1,4,0,1,0.3,0.3333,0.65,0,25,94,119
16456,2012-11-23,4,1,11,9,0,5,1,1,0.28,0.2879,0.75,0.1045,32,80,112
16480,2012-11-24,4,1,11,9,0,6,0,2,0.26,0.2121,0.41,0.4478,26,96,122
16504,2012-11-25,4,1,11,9,0,0,0,2,0.24,0.2273,0.48,0.2239,13,83,96
16528,2012-11-26,4,1,11,9,0,1,1,1,0.28,0.303,0.56,0.0896,10,276,286
16552,2012-11-27,4,1,11,9,0,2,1,2,0.32,0.3333,0.81,0.1343,11,257,268
16576,2012-11-28,4,1,11,9,0,3,1,1,0.28,0.2727,0.52,0.194,13,309,322
16599,2012-11-29,4,1,11,9,0,4,1,1,0.24,0.2879,0.6,0,13,286,299
16623,2012-11-30,4,1,11,9,0,5,1,1,0.24,0.2576,0.75,0.0896,17,313,330
16647,2012-12-01,4,1,12,9,0,6,0,2,0.26,0.2424,0.93,0.2537,34,159,193
16671,2012-12-02,4,1,12,9,0,0,0,2,0.28,0.2727,0.93,0.1642,37,135,172
16695,2012-12-03,4,1,12,9,0,1,1,1,0.4,0.4091,0.87,0.0896,19,289,308
16719,2012-12-04,4,1,12,9,0,2,1,1,0.46,0.4545,0.82,0.1045,19,317,336
16743,2012-12-05,4,1,12,9,0,3,1,2,0.44,0.4394,0.51,0.2239,26,362,388
16767,2012-12-06,4,1,12,9,0,4,1,1,0.24,0.2273,0.48,0.194,19,257,276
16791,2012-12-07,4,1,12,9,0,5,1,2,0.3,0.303,0.81,0.1343,10,291,301
16815,2012-12-08,4,1,12,9,0,6,0,2,0.38,0.3939,0.94,0,17,153,170
16839,2012-12-09,4,1,12,9,0,0,0,2,0.4,0.4091,0.87,0.2537,9,94,103
16863,2012-12-10,4,1,12,9,0,1,1,2,0.42,0.4242,1,0.2239,11,273,284
16887,2012-12-11,4,1,12,9,0,2,1,1,0.34,0.303,0.61,0.3881,12,322,334
16911,2012-12-12,4,1,12,9,0,3,1,2,0.28,0.2879,0.61,0.1343,13,272,285
16935,2012-12-13,4,1,12,9,0,4,1,1,0.28,0.2727,0.52,0.2537,25,300,325
16959,2012-12-14,4,1,12,9,0,5,1,1,0.24,0.2424,0.75,0.1343,13,330,343
16983,2012-12-15,4,1,12,9,0,6,0,1,0.26,0.2727,0.75,0.1045,17,203,220
17007,2012-12-16,4,1,12,9,0,0,0,2,0.36,0.3485,0.87,0.1343,19,113,132
17031,2012-12-17,4,1,12,9,0,1,1,2,0.4,0.4091,0.87,0,11,271,282
17055,2012-12-18,4,1,12,9,0,2,1,1,0.4,0.4091,0.87,0.0896,19,307,326
17079,2012-12-19,4,1,12,9,0,3,1,1,0.28,0.2879,0.75,0.1045,8,309,317
17103,2012-12-20,4,1,12,9,0,4,1,2,0.3,0.3333,0.7,0,14,303,317
17127,2012-12-21,1,1,12,9,0,5,1,2,0.32,0.2727,0.45,0.5522,2,265,267
17151,2012-12-22,1,1,12,9,0,6,0,1,0.26,0.2273,0.48,0.3881,13,77,90
17175,2012-12-23,1,1,12,9,0,0,0,1,0.2,0.2273,0.59,0.1045,7,49,56
17198,2012-12-24,1,1,12,9,0,1,1,2,0.24,0.2576,0.65,0.1045,17,68,85
17221,2012-12-25,1,1,12,9,1,2,0,2,0.24,0.2576,0.87,0,7,21,28
17245,2012-12-26,1,1,12,9,0,3,1,3,0.2,0.1818,0.86,0.3284,1,22,23
17269,2012-12-27,1,1,12,9,0,4,1,1,0.26,0.2121,0.6,0.4925,6,127,133
17293,2012-12-28,1,1,12,9,0,5,1,2,0.24,0.2121,0.6,0.2836,18,173,191
17317,2012-12-29,1,1,12,9,0,6,0,2,0.26,0.2424,0.81,0,16,33,49
17341,2012-12-30,1,1,12,9,0,0,0,1,0.24,0.2121,0.52,0.3881,9,65,74
17365,2012-12-31,1,1,12,9,0,1,1,2,0.18,0.2121,0.64,0.1045,13,144,157
