11,2011-01-01,1,0,1,10,0,6,0,1,0.38,0.3939,0.76,0.2537,12,24,36
34,2011-01-02,1,0,1,10,0,0,0,2,0.36,0.3485,0.81,0.2239,7,46,53
56,2011-01-03,1,0,1,10,0,1,1,1,0.18,0.1667,0.43,0.2537,11,33,44
79,2011-01-04,1,0,1,10,0,2,1,2,0.16,0.1364,0.69,0.3284,5,37,42
102,2011-01-05,1,0,1,10,0,3,1,1,0.22,0.197,0.37,0.3284,4,53,57
125,2011-01-06,1,0,1,10,0,4,1,1,0.2,0.2576,0.47,0,3,42,45
148,2011-01-07,1,0,1,10,0,5,1,1,0.22,0.197,0.37,0.3284,16,47,63
172,2011-01-08,1,0,1,10,0,6,0,2,0.18,0.197,0.8,0.1642,5,56,61
196,2011-01-09,1,0,1,10,0,0,0,1,0.14,0.1061,0.43,0.3881,0,49,49
220,2011-01-10,1,0,1,10,0,1,1,2,0.14,0.1212,0.5,0.2985,0,31,31
242,2011-01-11,1,0,1,10,0,2,1,2,0.2,0.2121,0.51,0.1642,3,51,54
264,2011-01-12,1,0,1,10,0,3,1,1,0.18,0.1818,0.55,0.2239,0,39,39
288,2011-01-13,1,0,1,10,0,4,1,2,0.16,0.1364,0.5,0.3582,2,36,38
311,2011-01-14,1,0,1,10,0,5,1,1,0.18,0.1818,0.55,0.194,4,40,44
335,2011-01-15,1,0,1,10,0,6,0,1,0.18,0.197,0.59,0.1642,2,57,59
359,2011-01-16,1,0,1,10,0,0,0,1,0.22,0.2121,0.51,0.2836,8,71,79
383,2011-01-17,1,0,1,10,1,1,0,2,0.16,0.1515,0.5,0.2537,7,50,57
418,2011-01-19,1,0,1,10,0,3,1,2,0.26,0.2727,0.93,0.1343,1,46,47
442,2011-01-20,1,0,1,10,0,4,1,1,0.26,0.2273,0.48,0.2985,1,56,57
466,2011-01-21,1,0,1,10,0,5,1,1,0.2,0.1667,0.47,0.4627,6,57,63
489,2011-01-22,1,0,1,10,0,6,0,2,0.04,0.0606,0.41,0.1642,3,50,53
512,2011-01-23,1,0,1,10,0,0,0,1,0.14,0.1061,0.46,0.3881,7,51,58
535,2011-01-24,1,0,1,10,0,1,1,1,0.1,0.1364,0.42,0,6,34,40
558,2011-01-25,1,0,1,10,0,2,1,2,0.22,0.2424,0.6,0.1045,6,49,55
580,2011-01-26,1,0,1,10,0,3,1,3,0.22,0.2121,0.93,0.2836,2,26,28
605,2011-01-28,1,0,1,10,0,5,1,3,0.18,0.2121,0.86,0.1045,0,49,49
628,2011-01-29,1,0,1,10,0,6,0,2,0.18,0.2121,0.64,0.1045,4,51,55
651,2011-01-30,1,0,1,10,0,0,0,2,0.18,0.2424,0.8,0,7,57,64
675,2011-01-31,1,0,1,10,0,1,1,2,0.16,0.1515,0.59,0.194,1,68,69
698,2011-02-01,1,0,2,10,0,2,1,2,0.16,0.2273,0.93,0,0,47,47
722,2011-02-02,1,0,2,10,0,3,1,2,0.22,0.2727,1,0,2,59,61
745,2011-02-03,1,0,2,10,0,4,1,1,0.18,0.1515,0.43,0.3284,2,50,52
768,2011-02-04,1,0,2,10,0,5,1,2,0.2,0.2121,0.51,0.1343,5,46,51
792,2011-02-05,1,0,2,10,0,6,0,3,0.2,0.2121,1,0.1343,3,31,34
816,2011-02-06,1,0,2,10,0,0,0,1,0.3,0.2879,0.52,0.2537,15,74,89
840,2011-02-07,1,0,2,10,0,1,1,1,0.24,0.2576,0.75,0.1045,6,49,55
864,2011-02-08,1,0,2,10,0,2,1,1,0.22,0.1818,0.47,0.5522,4,44,48
887,2011-02-09,1,0,2,10,0,3,1,1,0.14,0.1818,0.36,0,8,51,59
910,2011-02-10,1,0,2,10,0,4,1,1,0.12,0.1061,0.42,0.2985,1,34,35
932,2011-02-11,1,0,2,10,0,5,1,1,0.14,0.1364,0.69,0.194,5,39,44
956,2011-02-12,1,0,2,10,0,6,0,1,0.22,0.2121,0.41,0.2537,13,71,84
979,2011-02-13,1,0,2,10,0,0,0,1,0.3,0.2727,0.45,0.3284,19,86,105
1003,2011-02-14,1,0,2,10,0,1,1,1,0.44,0.4394,0.33,0.2239,9,46,55
1026,2011-02-15,1,0,2,10,0,2,1,1,0.24,0.2121,0.27,0.2836,5,47,52
1049,2011-02-16,1,0,2,10,0,3,1,1,0.26,0.2273,0.41,0.3881,14,55,69
1073,2011-02-17,1,0,2,10,0,4,1,1,0.38,0.3939,0.54,0.194,18,70,88
1097,2011-02-18,1,0,2,10,0,5,1,2,0.44,0.4394,0.72,0.2239,17,78,95
1121,2011-02-19,1,0,2,10,0,6,0,1,0.42,0.4242,0.16,0.5821,34,72,106
1144,2011-02-20,1,0,2,10,0,0,0,2,0.26,0.2576,0.41,0.194,34,70,104
1168,2011-02-21,1,0,2,10,1,1,0,2,0.32,0.303,0.57,0.2537,29,52,81
1186,2011-02-22,1,0,2,10,0,2,1,1,0.16,0.1818,0.69,0,0,44,44
1209,2011-02-23,1,0,2,10,0,3,1,1,0.2,0.2576,0.4,0,4,47,51
1232,2011-02-24,1,0,2,10,0,4,1,2,0.26,0.2424,0.7,0.2836,8,49,57
1255,2011-02-25,1,0,2,10,0,5,1,3,0.42,0.4242,0.94,0.3284,7,42,49
1279,2011-02-26,1,0,2,10,0,6,0,2,0.3,0.303,0.49,0.1343,14,71,85
1302,2011-02-27,1,0,2,10,0,0,0,1,0.3,0.303,0.81,0.1642,24,79,103
1324,2011-02-28,1,0,2,10,0,1,1,2,0.52,0.5,0.72,0.4925,13,79,92
1348,2011-03-01,1,0,3,10,0,2,1,1,0.24,0.2121,0.52,0.2836,13,55,68
1372,2011-03-02,1,0,3,10,0,3,1,1,0.32,0.303,0.49,0.2836,11,65,76
1396,2011-03-03,1,0,3,10,0,4,1,1,0.18,0.1818,0.29,0.194,7,49,56
1420,2011-03-04,1,0,3,10,0,5,1,1,0.24,0.2273,0.6,0.2537,10,56,66
1444,2011-03-05,1,0,3,10,0,6,0,2,0.34,0.3333,0.93,0.194,34,69,103
1467,2011-03-06,1,0,3,10,0,0,0,2,0.42,0.4242,1,0.2985,4,27,31
1490,2011-03-07,1,0,3,10,0,1,1,1,0.24,0.2121,0.6,0.2985,15,43,58
1514,2011-03-08,1,0,3,10,0,2,1,2,0.3,0.2879,0.33,0.194,25,46,71
1538,2011-03-09,1,0,3,10,0,3,1,2,0.3,0.2879,0.75,0.2537,8,49,57
1560,2011-03-10,1,0,3,10,0,4,1,3,0.4,0.4091,0,0.1642,0,17,17
1583,2011-03-11,1,0,3,10,0,5,1,2,0.32,0.303,0.57,0.2985,18,60,78
1607,2011-03-12,1,0,3,10,0,6,0,1,0.32,0.303,0.66,0.2239,21,78,99
1630,2011-03-13,1,0,3,10,0,0,0,1,0.42,0.4242,0.47,0.2537,36,86,122
1653,2011-03-14,1,0,3,10,0,1,1,1,0.34,0.3182,0.42,0.2537,27,57,84
1676,2011-03-15,1,0,3,10,0,2,1,2,0.32,0.3182,0.66,0.194,22,56,78
1699,2011-03-16,1,0,3,10,0,3,1,2,0.36,0.3485,0.81,0.1642,19,49,68
1723,2011-03-17,1,0,3,10,0,4,1,1,0.44,0.4394,0.54,0.3284,9,69,78
1746,2011-03-18,1,0,3,10,0,5,1,1,0.52,0.5,0.53,0.2836,43,74,117
1770,2011-03-19,1,0,3,10,0,6,0,1,0.44,0.4394,0.38,0.4179,55,85,140
1794,2011-03-20,1,0,3,10,0,0,0,2,0.32,0.3485,0.45,0,55,81,136
1817,2011-03-21,2,0,3,10,0,1,1,2,0.38,0.3939,0.76,0.3881,17,45,62
1841,2011-03-22,2,0,3,10,0,2,1,2,0.44,0.4394,0.54,0.2985,29,95,124
1864,2011-03-23,2,0,3,10,0,3,1,2,0.34,0.3182,0.81,0.2836,15,60,75
1888,2011-03-24,2,0,3,10,0,4,1,2,0.26,0.2273,0.93,0.3284,10,55,65
1912,2011-03-25,2,0,3,10,0,5,1,1,0.26,0.2576,0.48,0,15,53,68
1936,2011-03-26,2,0,3,10,0,6,0,1,0.26,0.2576,0.41,0.1642,32,93,125
1959,2011-03-27,2,0,3,10,0,0,0,2,0.22,0.2121,0.55,0.2239,27,59,86
1982,2011-03-28,2,0,3,10,0,1,1,1,0.24,0.2273,0.3,0.194,22,47,69
2006,2011-03-29,2,0,3,10,0,2,1,1,0.3,0.2727,0.24,0.2985,13,46,59
2030,2011-03-30,2,0,3,10,0,3,1,2,0.34,0.3182,0.46,0.2239,13,51,64
2054,2011-03-31,2,0,3,10,0,4,1,3,0.26,0.2424,0.93,0.2537,15,54,69
2078,2011-04-01,2,0,4,10,0,5,1,1,0.32,0.303,0.66,0.2836,12,63,75
2102,2011-04-02,2,0,4,10,0,6,0,2,0.36,0.3485,0.57,0.1642,41,113,154
2126,2011-04-03,2,0,4,10,0,0,0,1,0.4,0.4091,0.43,0.4179,111,104,215
2150,2011-04-04,2,0,4,10,0,1,1,2,0.54,0.5152,0.45,0.3582,35,55,90
2174,2011-04-05,2,0,4,10,0,2,1,3,0.34,0.303,0.81,0.3881,3,25,28
2198,2011-04-06,2,0,4,10,0,3,1,1,0.4,0.4091,0.37,0.3881,21,48,69
2222,2011-04-07,2,0,4,10,0,4,1,2,0.42,0.4242,0.67,0.1045,29,66,95
2246,2011-04-08,2,0,4,10,0,5,1,2,0.36,0.3333,0.71,0.2836,10,63,73
2270,2011-04-09,2,0,4,10,0,6,0,2,0.34,0.3333,0.87,0.1343,43,90,133
2294,2011-04-10,2,0,4,10,0,0,0,2,0.4,0.4091,0.87,0,69,81,150
2317,2011-04-11,2,0,4,10,0,1,1,2,0.56,0.5303,0.83,0.2985,41,55,96
2341,2011-04-12,2,0,4,10,0,2,1,3,0.5,0.4848,0.82,0.4179,6,34,40
2365,2011-04-13,2,0,4,10,0,3,1,2,0.4,0.4091,0.87,0.194,4,42,46
2389,2011-04-14,2,0,4,10,0,4,1,1,0.5,0.4848,0.51,0.194,21,68,89
2413,2011-04-15,2,0,4,10,1,5,0,1,0.5,0.4848,0.55,0.194,31,91,122
2437,2011-04-16,2,0,4,10,0,6,0,3,0.42,0.4242,0.94,0.3881,1,21,22
2461,2011-04-17,2,0,4,10,0,0,0,1,0.42,0.4242,0.44,0.4478,91,120,211
2485,2011-04-18,2,0,4,10,0,1,1,2,0.52,0.5,0.55,0.1045,41,68,109
2509,2011-04-19,2,0,4,10,0,2,1,2,0.5,0.4848,0.72,0.2239,15,60,75
2533,2011-04-20,2,0,4,10,0,3,1,1,0.62,0.6061,0.69,0.0896,45,86,131
2557,2011-04-21,2,0,4,10,0,4,1,1,0.42,0.4242,0.44,0.3582,25,73,98
2581,2011-04-22,2,0,4,10,0,5,1,2,0.36,0.3485,0.62,0.194,32,104,136
2605,2011-04-23,2,0,4,10,0,6,0,2,0.42,0.4242,0.88,0.2239,36,93,129
2629,2011-04-24,2,0,4,10,0,0,0,1,0.6,0.5758,0.78,0.1642,118,171,289
2653,2011-04-25,2,0,4,10,0,1,1,1,0.64,0.6061,0.73,0.2239,61,64,125
2677,2011-04-26,2,0,4,10,0,2,1,1,0.66,0.6212,0.69,0.3582,22,98,120
2701,2011-04-27,2,0,4,10,0,3,1,2,0.62,0.5758,0.83,0.2836,26,66,92
2725,2011-04-28,2,0,4,10,0,4,1,2,0.62,0.5606,0.88,0.2836,9,45,54
2749,2011-04-29,2,0,4,10,0,5,1,1,0.56,0.5303,0.4,0.2836,57,99,156
2773,2011-04-30,2,0,4,10,0,6,0,1,0.48,0.4697,0.44,0.3881,94,185,279
2797,2011-05-01,2,0,5,10,0,0,0,2,0.48,0.4697,0.63,0.194,109,155,264
2821,2011-05-02,2,0,5,10,0,1,1,2,0.54,0.5152,0.77,0.2239,31,77,108
2845,2011-05-03,2,0,5,10,0,2,1,2,0.64,0.6061,0.69,0.3582,36,91,127
2869,2011-05-04,2,0,5,10,0,3,1,2,0.34,0.3182,0.93,0.2836,5,26,31
2893,2011-05-05,2,0,5,10,0,4,1,1,0.5,0.4848,0.39,0.2836,30,98,128
2917,2011-05-06,2,0,5,10,0,5,1,2,0.54,0.5152,0.49,0.3284,30,97,127
2941,2011-05-07,2,0,5,10,0,6,0,1,0.56,0.5303,0.49,0.2985,90,208,298
2965,2011-05-08,2,0,5,10,0,0,0,1,0.58,0.5455,0.49,0.1343,91,153,244
2989,2011-05-09,2,0,5,10,0,1,1,1,0.56,0.5303,0.52,0.194,24,95,119
3013,2011-05-10,2,0,5,10,0,2,1,2,0.56,0.5303,0.37,0.0896,27,100,127
3037,2011-05-11,2,0,5,10,0,3,1,1,0.54,0.5152,0.68,0.0896,30,124,154
3061,2011-05-12,2,0,5,10,0,4,1,2,0.54,0.5152,0.68,0.2239,28,119,147
3085,2011-05-13,2,0,5,10,0,5,1,2,0.52,0.5,0.83,0.1343,31,99,130
3109,2011-05-14,2,0,5,10,0,6,0,2,0.52,0.5,0.94,0.1642,34,133,167
3133,2011-05-15,2,0,5,10,0,0,0,1,0.58,0.5455,0.83,0.2239,73,153,226
3157,2011-05-16,2,0,5,10,0,1,1,1,0.62,0.6061,0.65,0.0896,37,75,112
3181,2011-05-17,2,0,5,10,0,2,1,3,0.54,0.5152,0.88,0.2537,31,73,104
3205,2011-05-18,2,0,5,10,0,3,1,3,0.54,0.5152,0.88,0.2836,33,73,106
3229,2011-05-19,2,0,5,10,0,4,1,2,0.54,0.5152,0.83,0,35,95,130
3253,2011-05-20,2,0,5,10,0,5,1,1,0.56,0.5303,0.64,0.194,44,104,148
3277,2011-05-21,2,0,5,10,0,6,0,1,0.62,0.6061,0.61,0.1045,122,201,323
3301,2011-05-22,2,0,5,10,0,0,0,1,0.64,0.6061,0.65,0.1343,135,170,305
3325,2011-05-23,2,0,5,10,0,1,1,1,0.66,0.6212,0.74,0.2985,49,72,121
3349,2011-05-24,2,0,5,10,0,2,1,1,0.7,0.6515,0.61,0.3284,18,90,108
3373,2011-05-25,2,0,5,10,0,3,1,1,0.7,0.6515,0.61,0.0896,30,105,135
3397,2011-05-26,2,0,5,10,0,4,1,1,0.7,0.6667,0.74,0.2836,49,94,143
3421,2011-05-27,2,0,5,10,0,5,1,1,0.72,0.6667,0.54,0.3881,42,111,153
3445,2011-05-28,2,0,5,10,0,6,0,1,0.7,0.6515,0.65,0.2239,110,166,276
3469,2011-05-29,2,0,5,10,0,0,0,2,0.66,0.6061,0.83,0.2239,130,121,251
3493,2011-05-30,2,0,5,10,1,1,0,1,0.8,0.7576,0.55,0.2537,116,153,269
3517,2011-05-31,2,0,5,10,0,2,1,1,0.82,0.7879,0.56,0.1343,37,72,109
3541,2011-06-01,2,0,6,10,0,3,1,2,0.76,0.7424,0.75,0.2537,31,84,115
3565,2011-06-02,2,0,6,10,0,4,1,1,0.72,0.6515,0.28,0.4925,33,106,139
3589,2011-06-03,2,0,6,10,0,5,1,1,0.62,0.6212,0.33,0.2537,54,107,161
3613,2011-06-04,2,0,6,10,0,6,0,1,0.64,0.6212,0.38,0.1045,115,202,317
3637,2011-06-05,2,0,6,10,0,0,0,2,0.62,0.5909,0.73,0.0896,83,168,251
3661,2011-06-06,2,0,6,10,0,1,1,1,0.72,0.6667,0.51,0.2239,31,64,95
3685,2011-06-07,2,0,6,10,0,2,1,2,0.76,0.6818,0.48,0.194,37,86,123
3709,2011-06-08,2,0,6,10,0,3,1,1,0.82,0.7424,0.43,0.2239,27,63,90
3733,2011-06-09,2,0,6,10,0,4,1,1,0.86,0.8182,0.5,0.2836,20,74,94
3757,2011-06-10,2,0,6,10,0,5,1,1,0.78,0.7121,0.52,0,23,88,111
3781,2011-06-11,2,0,6,10,0,6,0,1,0.74,0.6818,0.58,0.1642,91,173,264
3805,2011-06-12,2,0,6,10,0,0,0,1,0.76,0.7121,0.58,0.0896,120,191,311
3829,2011-06-13,2,0,6,10,0,1,1,1,0.64,0.6212,0.41,0.3284,38,80,118
3853,2011-06-14,2,0,6,10,0,2,1,1,0.62,0.6212,0.46,0.2239,33,97,130
3877,2011-06-15,2,0,6,10,0,3,1,1,0.64,0.6212,0.47,0.1642,27,108,135
3901,2011-06-16,2,0,6,10,0,4,1,2,0.66,0.6212,0.61,0.2537,18,103,121
3925,2011-06-17,2,0,6,10,0,5,1,1,0.7,0.6515,0.58,0.194,44,126,170
3949,2011-06-18,2,0,6,10,0,6,0,1,0.72,0.6818,0.62,0.194,68,176,244
3973,2011-06-19,2,0,6,10,0,0,0,2,0.7,0.6515,0.61,0.1045,86,158,244
3997,2011-06-20,2,0,6,10,0,1,1,2,0.6,0.5758,0.78,0.2537,33,58,91
4021,2011-06-21,3,0,6,10,0,2,1,2,0.64,0.5758,0.83,0.194,41,120,161
4045,2011-06-22,3,0,6,10,0,3,1,1,0.74,0.697,0.7,0.2537,31,104,135
4069,2011-06-23,3,0,6,10,0,4,1,2,0.76,0.7273,0.66,0.1343,39,88,127
4093,2011-06-24,3,0,6,10,0,5,1,1,0.8,0.7273,0.43,0.2836,43,102,145
4117,2011-06-25,3,0,6,10,0,6,0,1,0.72,0.6515,0.45,0.194,99,203,302
4141,2011-06-26,3,0,6,10,0,0,0,1,0.72,0.6667,0.48,0.1045,136,196,332
4165,2011-06-27,3,0,6,10,0,1,1,2,0.72,0.6667,0.54,0.1343,55,95,150
4189,2011-06-28,3,0,6,10,0,2,1,1,0.8,0.7424,0.49,0.1642,45,112,157
4213,2011-06-29,3,0,6,10,0,3,1,1,0.74,0.6667,0.42,0.2836,31,95,126
4237,2011-06-30,3,0,6,10,0,4,1,1,0.72,0.6515,0.42,0.194,35,97,132
4261,2011-07-01,3,0,7,10,0,5,1,1,0.76,0.6667,0.33,0.1642,61,109,170
4285,2011-07-02,3,0,7,10,0,6,0,1,0.8,0.7121,0.36,0,103,168,271
4309,2011-07-03,3,0,7,10,0,0,0,1,0.74,0.697,0.66,0.1642,131,133,264
4333,2011-07-04,3,0,7,10,1,1,0,2,0.76,0.697,0.55,0.0896,166,114,280
4357,2011-07-05,3,0,7,10,0,2,1,1,0.76,0.697,0.52,0.1045,55,84,139
4381,2011-07-06,3,0,7,10,0,3,1,3,0.7,0.6667,0.79,0.0896,13,30,43
4405,2011-07-07,3,0,7,10,0,4,1,1,0.78,0.7424,0.62,0,29,72,101
4429,2011-07-08,3,0,7,10,0,5,1,2,0.74,0.697,0.7,0.3582,30,108,138
4453,2011-07-09,3,0,7,10,0,6,0,1,0.76,0.697,0.52,0.1642,87,177,264
4477,2011-07-10,3,0,7,10,0,0,0,1,0.76,0.697,0.55,0.1343,95,173,268
4501,2011-07-11,3,0,7,10,0,1,1,1,0.8,0.7576,0.55,0.3582,44,73,117
4525,2011-07-12,3,0,7,10,0,2,1,1,0.82,0.7727,0.52,0.1642,38,85,123
4549,2011-07-13,3,0,7,10,0,3,1,1,0.82,0.7576,0.46,0.194,33,80,113
4573,2011-07-14,3,0,7,10,0,4,1,1,0.7,0.6364,0.42,0.2537,32,95,127
4597,2011-07-15,3,0,7,10,0,5,1,2,0.66,0.6212,0.61,0.1642,59,107,166
4621,2011-07-16,3,0,7,10,0,6,0,1,0.72,0.6667,0.54,0.194,114,208,322
4645,2011-07-17,3,0,7,10,0,0,0,1,0.74,0.6818,0.6,0.2239,127,177,304
4669,2011-07-18,3,0,7,10,0,1,1,1,0.76,0.7121,0.62,0.194,52,78,130
4693,2011-07-19,3,0,7,10,0,2,1,2,0.82,0.7879,0.56,0.1642,29,112,141
4717,2011-07-20,3,0,7,10,0,3,1,1,0.76,0.7273,0.7,0,34,76,110
4741,2011-07-21,3,0,7,10,0,4,1,2,0.82,0.8636,0.71,0.2239,31,47,78
4765,2011-07-22,3,0,7,10,0,5,1,1,0.9,0.9242,0.53,0.0896,32,83,115
4789,2011-07-23,3,0,7,10,0,6,0,1,0.86,0.7879,0.41,0.2239,61,137,198
4813,2011-07-24,3,0,7,10,0,0,0,1,0.86,0.8182,0.5,0.3284,61,165,226
4837,2011-07-25,3,0,7,10,0,1,1,1,0.82,0.803,0.59,0,30,54,84
4861,2011-07-26,3,0,7,10,0,2,1,1,0.8,0.697,0.31,0.2239,42,96,138
4885,2011-07-27,3,0,7,10,0,3,1,1,0.78,0.6818,0.33,0,32,82,114
4909,2011-07-28,3,0,7,10,0,4,1,1,0.8,0.7576,0.55,0.2836,30,86,116
4933,2011-07-29,3,0,7,10,0,5,1,1,0.9,0.8485,0.42,0.2836,37,69,106
4957,2011-07-30,3,0,7,10,0,6,0,1,0.82,0.7424,0.41,0.2985,79,182,261
4981,2011-07-31,3,0,7,10,0,0,0,1,0.84,0.7424,0.36,0.1642,91,163,254
5005,2011-08-01,3,0,8,10,0,1,1,1,0.86,0.7576,0.36,0.1642,27,70,97
5029,2011-08-02,3,0,8,10,0,2,1,1,0.82,0.7273,0.36,0.2985,50,90,140
5053,2011-08-03,3,0,8,10,0,3,1,3,0.74,0.6818,0.58,0.0896,9,59,68
5077,2011-08-04,3,0,8,10,0,4,1,1,0.72,0.6667,0.71,0.2985,24,89,113
5101,2011-08-05,3,0,8,10,0,5,1,1,0.74,0.6818,0.55,0.1343,50,113,163
5125,2011-08-06,3,0,8,10,0,6,0,2,0.74,0.697,0.7,0.2836,91,199,290
5149,2011-08-07,3,0,8,10,0,0,0,1,0.8,0.803,0.66,0.1343,88,178,266
5173,2011-08-08,3,0,8,10,0,1,1,1,0.8,0.7424,0.52,0.3881,62,62,124
5197,2011-08-09,3,0,8,10,0,2,1,2,0.8,0.7727,0.59,0.2239,55,89,144
5221,2011-08-10,3,0,8,10,0,3,1,1,0.8,0.7273,0.43,0.2239,41,72,113
5245,2011-08-11,3,0,8,10,0,4,1,1,0.74,0.6515,0.37,0.2537,36,96,132
5269,2011-08-12,3,0,8,10,0,5,1,1,0.74,0.6515,0.33,0.1045,44,86,130
5293,2011-08-13,3,0,8,10,0,6,0,2,0.72,0.697,0.74,0.2239,97,163,260
5317,2011-08-14,3,0,8,10,0,0,0,1,0.7,0.6667,0.79,0.2239,67,116,183
5341,2011-08-15,3,0,8,10,0,1,1,1,0.68,0.6364,0.69,0.2836,54,87,141
5365,2011-08-16,3,0,8,10,0,2,1,1,0.7,0.6515,0.58,0.3881,28,83,111
5389,2011-08-17,3,0,8,10,0,3,1,1,0.76,0.6818,0.43,0.0896,27,91,118
5413,2011-08-18,3,0,8,10,0,4,1,1,0.74,0.697,0.66,0.2537,37,92,129
5437,2011-08-19,3,0,8,10,0,5,1,1,0.72,0.6818,0.62,0.0896,57,108,165
5461,2011-08-20,3,0,8,10,0,6,0,1,0.72,0.6818,0.62,0.1045,114,192,306
5485,2011-08-21,3,0,8,10,0,0,0,1,0.74,0.7121,0.74,0.2537,97,177,274
5509,2011-08-22,3,0,8,10,0,1,1,1,0.7,0.6515,0.48,0.2836,36,85,121
5533,2011-08-23,3,0,8,10,0,2,1,1,0.7,0.6364,0.37,0,56,92,148
5557,2011-08-24,3,0,8,10,0,3,1,1,0.7,0.6515,0.58,0.2836,51,95,146
5581,2011-08-25,3,0,8,10,0,4,1,2,0.74,0.697,0.66,0.2985,37,105,142
5605,2011-08-26,3,0,8,10,0,5,1,1,0.74,0.697,0.66,0.0896,34,89,123
5629,2011-08-27,3,0,8,10,0,6,0,2,0.7,0.6667,0.79,0.4627,51,154,205
5640,2011-08-28,3,0,8,10,0,0,0,1,0.7,0.6515,0.61,0.6119,27,115,142
5664,2011-08-29,3,0,8,10,0,1,1,1,0.66,0.6212,0.47,0.2239,42,73,115
5688,2011-08-30,3,0,8,10,0,2,1,1,0.7,0.6364,0.39,0.2239,28,109,137
5712,2011-08-31,3,0,8,10,0,3,1,1,0.7,0.6364,0.45,0.1045,33,105,138
5736,2011-09-01,3,0,9,10,0,4,1,1,0.68,0.6364,0.61,0.1343,46,92,138
5760,2011-09-02,3,0,9,10,0,5,1,2,0.64,0.6061,0.76,0.1642,34,106,140
5784,2011-09-03,3,0,9,10,0,6,0,3,0.66,0.6212,0.65,0.2537,90,168,258
5808,2011-09-04,3,0,9,10,0,0,0,1,0.7,0.6667,0.74,0.1343,150,147,297
5832,2011-09-05,3,0,9,10,1,1,0,2,0.7,0.6515,0.7,0.1642,107,137,244
5855,2011-09-06,3,0,9,10,0,2,1,3,0.54,0.5152,0.83,0.3582,16,90,106
5879,2011-09-07,3,0,9,10,0,3,1,3,0.6,0.5455,0.88,0.1343,3,63,66
5902,2011-09-08,3,0,9,10,0,4,1,2,0.64,0.5606,0.94,0.1045,8,57,65
5926,2011-09-09,3,0,9,10,0,5,1,2,0.62,0.5152,1,0,2,27,29
5950,2011-09-10,3,0,9,10,0,6,0,1,0.7,0.6515,0.65,0.2537,85,233,318
5974,2011-09-11,3,0,9,10,0,0,0,1,0.7,0.6515,0.65,0,120,214,334
5997,2011-09-12,3,0,9,10,0,1,1,1,0.68,0.6364,0.62,0.1642,40,89,129
6021,2011-09-13,3,0,9,10,0,2,1,1,0.68,0.6364,0.69,0.1343,42,93,135
6045,2011-09-14,3,0,9,10,0,3,1,1,0.7,0.6515,0.7,0.1343,27,115,142
6069,2011-09-15,3,0,9,10,0,4,1,2,0.66,0.6212,0.69,0.2537,25,96,121
6093,2011-09-16,3,0,9,10,0,5,1,2,0.5,0.4848,0.51,0.2836,36,104,140
6117,2011-09-17,3,0,9,10,0,6,0,2,0.5,0.4848,0.68,0.2836,72,177,249
6141,2011-09-18,3,0,9,10,0,0,0,1,0.5,0.4848,0.72,0.1642,82,178,260
6165,2011-09-19,3,0,9,10,0,1,1,2,0.56,0.5303,0.64,0.1343,21,84,105
6189,2011-09-20,3,0,9,10,0,2,1,3,0.56,0.5303,0.88,0.1642,4,26,30
6213,2011-09-21,3,0,9,10,0,3,1,2,0.6,0.5455,0.88,0,30,103,133
6237,2011-09-22,3,0,9,10,0,4,1,2,0.64,0.5758,0.89,0.2239,19,101,120
6261,2011-09-23,4,0,9,10,0,5,1,3,0.62,0.5152,1,0.1045,7,28,35
6285,2011-09-24,4,0,9,10,0,6,0,2,0.6,0.5455,0.88,0.0896,90,203,293
6309,2011-09-25,4,0,9,10,0,0,0,2,0.64,0.5758,0.83,0,85,190,275
6333,2011-09-26,4,0,9,10,0,1,1,2,0.64,0.5758,0.89,0.194,37,117,154
6357,2011-09-27,4,0,9,10,0,2,1,3,0.64,0.5606,0.94,0.1642,21,101,122
6381,2011-09-28,4,0,9,10,0,3,1,2,0.62,0.5455,0.94,0,20,109,129
6405,2011-09-29,4,0,9,10,0,4,1,1,0.64,0.6061,0.65,0.194,24,103,127
6429,2011-09-30,4,0,9,10,0,5,1,1,0.6,0.6061,0.64,0,46,122,168
6453,2011-10-01,4,0,10,10,0,6,0,3,0.4,0.4091,0.76,0.3582,21,100,121
6477,2011-10-02,4,0,10,10,0,0,0,2,0.36,0.3333,0.71,0.2836,60,188,248
6501,2011-10-03,4,0,10,10,0,1,1,2,0.4,0.4091,0.66,0.1045,19,82,101
6525,2011-10-04,4,0,10,10,0,2,1,1,0.48,0.4697,0.67,0.2836,19,107,126
6549,2011-10-05,4,0,10,10,0,3,1,1,0.56,0.5303,0.56,0.3881,30,103,133
6573,2011-10-06,4,0,10,10,0,4,1,1,0.52,0.5,0.52,0,24,105,129
6597,2011-10-07,4,0,10,10,0,5,1,1,0.52,0.5,0.68,0.0896,48,126,174
6621,2011-10-08,4,0,10,10,0,6,0,1,0.52,0.5,0.77,0,120,217,337
6645,2011-10-09,4,0,10,10,0,0,0,1,0.56,0.5303,0.68,0.0896,155,210,365
6669,2011-10-10,4,0,10,10,1,1,0,1,0.56,0.5303,0.73,0.1642,107,158,265
6693,2011-10-11,4,0,10,10,0,2,1,2,0.6,0.5909,0.69,0.1343,38,111,149
6717,2011-10-12,4,0,10,10,0,3,1,2,0.54,0.5152,0.88,0.3881,15,98,113
6741,2011-10-13,4,0,10,10,0,4,1,3,0.56,0.5303,1,0.1343,16,53,69
6765,2011-10-14,4,0,10,10,0,5,1,3,0.54,0.5152,0.88,0.3582,17,108,125
6789,2011-10-15,4,0,10,10,0,6,0,1,0.54,0.5152,0.45,0.4478,115,207,322
6813,2011-10-16,4,0,10,10,0,0,0,1,0.54,0.5152,0.45,0.2537,121,226,347
6837,2011-10-17,4,0,10,10,0,1,1,1,0.52,0.5,0.45,0.1642,43,92,135
6861,2011-10-18,4,0,10,10,0,2,1,2,0.56,0.5303,0.68,0,27,75,102
6884,2011-10-19,4,0,10,10,0,3,1,3,0.52,0.5,0.88,0.4925,14,109,123
6908,2011-10-20,4,0,10,10,0,4,1,1,0.46,0.4545,0.59,0.4478,25,105,130
6932,2011-10-21,4,0,10,10,0,5,1,1,0.46,0.4545,0.51,0.1642,32,106,138
6956,2011-10-22,4,0,10,10,0,6,0,2,0.44,0.4394,0.62,0.1045,87,149,236
6980,2011-10-23,4,0,10,10,0,0,0,1,0.42,0.4242,0.71,0.0896,104,185,289
7004,2011-10-24,4,0,10,10,0,1,1,2,0.46,0.4545,0.82,0.2537,47,82,129
7028,2011-10-25,4,0,10,10,0,2,1,1,0.5,0.4848,0.51,0.2537,26,102,128
7052,2011-10-26,4,0,10,10,0,3,1,2,0.52,0.5,0.62,0.2537,26,105,131
7076,2011-10-27,4,0,10,10,0,4,1,3,0.5,0.4848,0.88,0.194,10,52,62
7100,2011-10-28,4,0,10,10,0,5,1,1,0.34,0.3182,0.57,0.2239,28,102,130
7124,2011-10-29,4,0,10,10,0,6,0,3,0.26,0.2273,0.93,0.3284,0,12,12
7148,2011-10-30,4,0,10,10,0,0,0,1,0.32,0.3333,0.61,0.0896,53,125,178
7172,2011-10-31,4,0,10,10,0,1,1,2,0.36,0.3485,0.57,0.1642,18,87,105
7196,2011-11-01,4,0,11,10,0,2,1,1,0.44,0.4394,0.62,0.1343,21,114,135
7220,2011-11-02,4,0,11,10,0,3,1,1,0.4,0.4091,0.71,0.0896,25,108,133
7244,2011-11-03,4,0,11,10,0,4,1,2,0.4,0.4091,0.76,0.194,12,98,110
7268,2011-11-04,4,0,11,10,0,5,1,2,0.42,0.4242,0.71,0.3284,19,115,134
7292,2011-11-05,4,0,11,10,0,6,0,1,0.32,0.303,0.53,0.2537,56,171,227
7316,2011-11-06,4,0,11,10,0,0,0,1,0.36,0.3636,0.66,0.0896,76,186,262
7340,2011-11-07,4,0,11,10,0,1,1,1,0.36,0.3485,0.93,0.1343,28,95,123
7364,2011-11-08,4,0,11,10,0,2,1,1,0.42,0.4242,0.71,0.0896,25,104,129
7388,2011-11-09,4,0,11,10,0,3,1,1,0.4,0.4091,0.76,0.1045,16,89,105
7412,2011-11-10,4,0,11,10,0,4,1,2,0.44,0.4394,0.88,0.2239,17,100,117
7436,2011-11-11,4,0,11,10,1,5,0,1,0.32,0.2727,0.42,0.5522,38,162,200
7460,2011-11-12,4,0,11,10,0,6,0,1,0.34,0.3182,0.61,0.2836,62,170,232
7484,2011-11-13,4,0,11,10,0,0,0,1,0.44,0.4394,0.44,0.3284,63,178,241
7508,2011-11-14,4,0,11,10,0,1,1,2,0.5,0.4848,0.63,0.2836,26,85,111
7532,2011-11-15,4,0,11,10,0,2,1,2,0.56,0.5303,0.64,0.2836,23,115,138
7556,2011-11-16,4,0,11,10,0,3,1,3,0.46,0.4545,0.94,0,4,32,36
7580,2011-11-17,4,0,11,10,0,4,1,2,0.34,0.303,0.61,0.3284,7,74,81
7604,2011-11-18,4,0,11,10,0,5,1,1,0.26,0.2424,0.41,0.2836,10,105,115
7628,2011-11-19,4,0,11,10,0,6,0,1,0.32,0.303,0.45,0.2537,35,165,200
7652,2011-11-20,4,0,11,10,0,0,0,2,0.44,0.4394,0.72,0.1045,46,183,229
7676,2011-11-21,4,0,11,10,0,1,1,2,0.52,0.5,0.83,0,25,110,135
7700,2011-11-22,4,0,11,10,0,2,1,3,0.4,0.4091,0.94,0,6,46,52
7724,2011-11-23,4,0,11,10,0,3,1,2,0.52,0.5,0.94,0.194,6,70,76
7748,2011-11-24,4,0,11,10,1,4,0,1,0.36,0.3788,0.57,0,34,64,98
7772,2011-11-25,4,0,11,10,0,5,1,1,0.36,0.3485,0.71,0.1642,60,82,142
7796,2011-11-26,4,0,11,10,0,6,0,1,0.36,0.3788,0.81,0,57,84,141
7820,2011-11-27,4,0,11,10,0,0,0,1,0.46,0.4545,0.72,0.2836,58,131,189
7843,2011-11-28,4,0,11,10,0,1,1,2,0.48,0.4697,0.77,0.1343,21,86,107
7867,2011-11-29,4,0,11,10,0,2,1,3,0.56,0.5303,0.73,0.4179,2,34,36
7891,2011-11-30,4,0,11,10,0,3,1,1,0.34,0.3182,0.66,0.2239,15,95,110
7915,2011-12-01,4,0,12,10,0,4,1,1,0.32,0.303,0.53,0.2985,7,86,93
7939,2011-12-02,4,0,12,10,0,5,1,1,0.3,0.2879,0.75,0.2239,16,89,105
7963,2011-12-03,4,0,12,10,0,6,0,1,0.32,0.3333,0.61,0.1343,22,173,195
7987,2011-12-04,4,0,12,10,0,0,0,1,0.32,0.3333,0.81,0.1343,36,180,216
8011,2011-12-05,4,0,12,10,0,1,1,2,0.36,0.3636,0.87,0.0896,9,78,87
8035,2011-12-06,4,0,12,10,0,2,1,3,0.46,0.4545,0.94,0.2836,6,44,50
8059,2011-12-07,4,0,12,10,0,3,1,3,0.44,0.4394,1,0.0896,1,32,33
8083,2011-12-08,4,0,12,10,0,4,1,1,0.26,0.2273,0.52,0.3284,1,109,110
8107,2011-12-09,4,0,12,10,0,5,1,2,0.3,0.303,0.7,0.1642,11,115,126
8131,2011-12-10,4,0,12,10,0,6,0,1,0.32,0.303,0.57,0.2537,31,161,192
8155,2011-12-11,4,0,12,10,0,0,0,1,0.24,0.2879,0.44,0,30,164,194
8179,2011-12-12,4,0,12,10,0,1,1,2,0.22,0.2424,0.69,0.1045,14,91,105
8203,2011-12-13,4,0,12,10,0,2,1,1,0.3,0.303,0.52,0.1642,3,99,102
8227,2011-12-14,4,0,12,10,0,3,1,2,0.32,0.3485,0.57,0,9,133,142
8251,2011-12-15,4,0,12,10,0,4,1,2,0.4,0.4091,0.58,0.2985,4,105,109
8275,2011-12-16,4,0,12,10,0,5,1,1,0.34,0.303,0.46,0.2985,10,122,132
8299,2011-12-17,4,0,12,10,0,6,0,2,0.26,0.2424,0.52,0.2836,10,171,181
8323,2011-12-18,4,0,12,10,0,0,0,1,0.24,0.2273,0.6,0.2537,7,122,129
8347,2011-12-19,4,0,12,10,0,1,1,1,0.24,0.2273,0.67,0.194,12,96,108
8371,2011-12-20,4,0,12,10,0,2,1,2,0.42,0.4242,0.58,0.194,20,109,129
8395,2011-12-21,1,0,12,10,0,3,1,2,0.48,0.4697,0.82,0.4179,6,83,89
8419,2011-12-22,1,0,12,10,0,4,1,2,0.4,0.4091,0.82,0.0896,13,128,141
8443,2011-12-23,1,0,12,10,0,5,1,1,0.4,0.4091,0.62,0.3582,8,96,104
8467,2011-12-24,1,0,12,10,0,6,0,1,0.3,0.2576,0.42,0.4925,4,52,56
8490,2011-12-25,1,0,12,10,0,0,0,1,0.26,0.2424,0.81,0.2537,31,12,43
8513,2011-12-26,1,0,12,10,1,1,0,1,0.34,0.2879,0.42,0.5224,31,39,70
8537,2011-12-27,1,0,12,10,0,2,1,2,0.32,0.3333,0.66,0.0896,13,47,60
8560,2011-12-28,1,0,12,10,0,3,1,1,0.34,0.3182,0.57,0.2239,12,84,96
8584,2011-12-29,1,0,12,10,0,4,1,2,0.22,0.2273,0.64,0.1642,13,97,110
8608,2011-12-30,1,0,12,10,0,5,1,1,0.3,0.2879,0.65,0.2537,10,108,118
8632,2011-12-31,1,0,12,10,0,6,0,1,0.4,0.4091,0.76,0.1642,20,108,128
8656,2012-01-01,1,1,1,10,0,0,0,1,0.3,0.3182,0.81,0.1045,18,52,70
8679,2012-01-02,1,1,1,10,1,1,0,1,0.26,0.2424,0.35,0.2836,20,89,109
8703,2012-01-03,1,1,1,10,0,2,1,1,0.16,0.1212,0.47,0.4627,5,55,60
8727,2012-01-04,1,1,1,10,0,3,1,1,0.06,0.1061,0.45,0,7,57,64
8751,2012-01-05,1,1,1,10,0,4,1,2,0.24,0.2576,0.52,0.0896,5,81,86
8775,2012-01-06,1,1,1,10,0,5,1,1,0.26,0.2576,0.65,0.194,14,102,116
8799,2012-01-07,1,1,1,10,0,6,0,1,0.28,0.303,0.75,0.0896,43,160,203
8823,2012-01-08,1,1,1,10,0,0,0,1,0.34,0.3333,0.49,0.1642,27,181,208
8847,2012-01-09,1,1,1,10,0,1,1,1,0.24,0.2879,0.6,0,13,95,108
8870,2012-01-10,1,1,1,10,0,2,1,2,0.18,0.197,0.93,0.1642,3,80,83
8894,2012-01-11,1,1,1,10,0,3,1,2,0.24,0.2424,0.87,0.1343,13,84,97
8918,2012-01-12,1,1,1,10,0,4,1,1,0.34,0.3485,0.81,0.1045,6,84,90
8942,2012-01-13,1,1,1,10,0,5,1,1,0.24,0.197,0.44,0.4478,2,101,103
8966,2012-01-14,1,1,1,10,0,6,0,1,0.16,0.2273,0.47,0,14,135,149
8990,2012-01-15,1,1,1,10,0,0,0,1,0.14,0.1212,0.54,0.2836,11,115,126
9014,2012-01-16,1,1,1,10,1,1,0,2,0.14,0.1364,0.59,0.194,19,107,126
9037,2012-01-17,1,1,1,10,0,2,1,3,0.3,0.2879,0.87,0.2537,1,61,62
9061,2012-01-18,1,1,1,10,0,3,1,1,0.3,0.2727,0.42,0.4627,5,88,93
9085,2012-01-19,1,1,1,10,0,4,1,1,0.14,0.2121,0.59,0,10,98,108
9109,2012-01-20,1,1,1,10,0,5,1,2,0.22,0.2121,0.44,0.2836,1,96,97
9133,2012-01-21,1,1,1,10,0,6,0,3,0.16,0.1515,0.93,0.2537,0,45,45
9157,2012-01-22,1,1,1,10,0,0,0,2,0.16,0.1364,0.74,0.2836,9,120,129
9181,2012-01-23,1,1,1,10,0,1,1,2,0.2,0.2576,0.93,0,10,139,149
9205,2012-01-24,1,1,1,10,0,2,1,1,0.32,0.3333,0.93,0.0896,23,93,116
9229,2012-01-25,1,1,1,10,0,3,1,2,0.26,0.2273,0.7,0.3284,30,111,141
9253,2012-01-26,1,1,1,10,0,4,1,2,0.3,0.303,0.81,0.1343,16,92,108
9277,2012-01-27,1,1,1,10,0,5,1,3,0.48,0.4697,1,0.1642,9,117,126
9301,2012-01-28,1,1,1,10,0,6,0,1,0.26,0.2727,0.7,0.1343,27,164,191
9325,2012-01-29,1,1,1,10,0,0,0,1,0.24,0.2424,0.35,0.1343,38,153,191
9349,2012-01-30,1,1,1,10,0,1,1,1,0.22,0.2121,0.41,0.2836,3,82,85
9373,2012-01-31,1,1,1,10,0,2,1,2,0.32,0.3182,0.57,0.194,34,110,144
9397,2012-02-01,1,1,2,10,0,3,1,1,0.4,0.4091,0.62,0.1343,9,124,133
9421,2012-02-02,1,1,2,10,0,4,1,3,0.42,0.4242,0.77,0.1045,6,72,78
9445,2012-02-03,1,1,2,10,0,5,1,1,0.28,0.2576,0.56,0.2836,15,114,129
9469,2012-02-04,1,1,2,10,0,6,0,1,0.24,0.2576,0.87,0.1045,31,193,224
9493,2012-02-05,1,1,2,10,0,0,0,2,0.26,0.2424,0.65,0.2836,10,138,148
9516,2012-02-06,1,1,2,10,0,1,1,1,0.22,0.2424,0.75,0.1045,20,96,116
9540,2012-02-07,1,1,2,10,0,2,1,1,0.34,0.3333,0.46,0.1642,12,104,116
9564,2012-02-08,1,1,2,10,0,3,1,2,0.26,0.2576,0.7,0.2239,1,107,108
9588,2012-02-09,1,1,2,10,0,4,1,1,0.22,0.2121,0.51,0.2239,7,90,97
9612,2012-02-10,1,1,2,10,0,5,1,2,0.26,0.2727,0.48,0.1343,5,119,124
9636,2012-02-11,1,1,2,10,0,6,0,3,0.22,0.2424,0.93,0.1045,23,143,166
9660,2012-02-12,1,1,2,10,0,0,0,1,0.12,0.1061,0.42,0.3582,8,83,91
9684,2012-02-13,1,1,2,10,0,1,1,1,0.14,0.1515,0.5,0.1343,1,70,71
9708,2012-02-14,1,1,2,10,0,2,1,2,0.26,0.2727,0.6,0.1343,8,90,98
9732,2012-02-15,1,1,2,10,0,3,1,1,0.34,0.303,0.57,0.2985,12,108,120
9756,2012-02-16,1,1,2,10,0,4,1,3,0.32,0.3333,0.7,0.1343,2,42,44
9780,2012-02-17,1,1,2,10,0,5,1,1,0.34,0.3182,0.71,0.2836,13,103,116
9804,2012-02-18,1,1,2,10,0,6,0,1,0.26,0.2727,0.81,0.1045,48,157,205
9828,2012-02-19,1,1,2,10,0,0,0,2,0.26,0.2424,0.52,0.2537,49,142,191
9851,2012-02-20,1,1,2,10,1,1,0,1,0.22,0.197,0.55,0.4478,30,113,143
9874,2012-02-21,1,1,2,10,0,2,1,1,0.24,0.2273,0.7,0.194,8,77,85
9898,2012-02-22,1,1,2,10,0,3,1,1,0.34,0.3485,0.71,0.0896,17,122,139
9922,2012-02-23,1,1,2,10,0,4,1,1,0.42,0.4242,0.67,0.194,41,107,148
9946,2012-02-24,1,1,2,10,0,5,1,3,0.36,0.3485,0.81,0.1642,22,119,141
9970,2012-02-25,1,1,2,10,0,6,0,1,0.26,0.2273,0.6,0.3582,24,159,183
9994,2012-02-26,1,1,2,10,0,0,0,1,0.26,0.2576,0.41,0.1642,27,161,188
10018,2012-02-27,1,1,2,10,0,1,1,1,0.32,0.303,0.45,0.2537,16,88,104
10042,2012-02-28,1,1,2,10,0,2,1,1,0.3,0.2727,0.42,0.2985,14,118,132
10065,2012-02-29,1,1,2,10,0,3,1,3,0.3,0.303,0.81,0.1642,0,10,10
10089,2012-03-01,1,1,3,10,0,4,1,1,0.52,0.5,0.55,0.1642,11,122,133
10113,2012-03-02,1,1,3,10,0,5,1,1,0.36,0.3485,0.5,0.1642,14,118,132
10137,2012-03-03,1,1,3,10,0,6,0,2,0.4,0.4091,0.87,0,31,137,168
10161,2012-03-04,1,1,3,10,0,0,0,1,0.3,0.2727,0.49,0.3284,31,161,192
10185,2012-03-05,1,1,3,10,0,1,1,2,0.24,0.2576,0.6,0,12,74,86
10209,2012-03-06,1,1,3,10,0,2,1,1,0.24,0.2576,0.44,0,16,113,129
10233,2012-03-07,1,1,3,10,0,3,1,1,0.36,0.3333,0.5,0.2985,20,127,147
10257,2012-03-08,1,1,3,10,0,4,1,1,0.5,0.4848,0.68,0.4627,19,119,138
10281,2012-03-09,1,1,3,10,0,5,1,2,0.34,0.2879,0.36,0.4925,14,145,159
10305,2012-03-10,1,1,3,10,0,6,0,1,0.26,0.2273,0.35,0.4179,47,176,223
10328,2012-03-11,1,1,3,10,0,0,0,1,0.32,0.303,0.49,0.2836,71,147,218
10352,2012-03-12,1,1,3,10,0,1,1,1,0.4,0.4091,0.5,0.2239,39,98,137
10376,2012-03-13,1,1,3,10,0,2,1,1,0.52,0.5,0.77,0.2239,28,115,143
10400,2012-03-14,1,1,3,10,0,3,1,1,0.56,0.5303,0.56,0.1045,38,150,188
10424,2012-03-15,1,1,3,10,0,4,1,1,0.52,0.5,0.68,0.1045,34,130,164
10448,2012-03-16,1,1,3,10,0,5,1,2,0.4,0.4091,0.87,0.0896,44,136,180
10472,2012-03-17,1,1,3,10,0,6,0,2,0.5,0.4848,0.77,0.0896,140,303,443
10496,2012-03-18,1,1,3,10,0,0,0,2,0.42,0.4242,0.88,0.1045,139,212,351
10520,2012-03-19,1,1,3,10,0,1,1,1,0.52,0.5,0.72,0.1343,56,128,184
10544,2012-03-20,1,1,3,10,0,2,1,1,0.54,0.5152,0.88,0.194,44,119,163
10568,2012-03-21,2,1,3,10,0,3,1,2,0.52,0.5,0.83,0.1642,30,124,154
10592,2012-03-22,2,1,3,10,0,4,1,2,0.5,0.4848,1,0.0896,32,110,142
10616,2012-03-23,2,1,3,10,0,5,1,2,0.56,0.5303,0.88,0.1045,125,150,275
10640,2012-03-24,2,1,3,10,0,6,0,2,0.52,0.5,0.88,0.194,148,197,345
10664,2012-03-25,2,1,3,10,0,0,0,2,0.4,0.4091,0.87,0.3284,78,172,250
10688,2012-03-26,2,1,3,10,0,1,1,1,0.5,0.4848,0.36,0.5821,55,98,153
10712,2012-03-27,2,1,3,10,0,2,1,1,0.26,0.2576,0.35,0.2239,20,118,138
10736,2012-03-28,2,1,3,10,0,3,1,1,0.46,0.4545,0.41,0.4179,33,140,173
10760,2012-03-29,2,1,3,10,0,4,1,1,0.46,0.4545,0.47,0.4478,42,124,166
10784,2012-03-30,2,1,3,10,0,5,1,2,0.36,0.3636,0.57,0.1045,50,137,187
10808,2012-03-31,2,1,3,10,0,6,0,2,0.4,0.4091,0.76,0.1343,108,205,313
10832,2012-04-01,2,1,4,10,0,0,0,2,0.4,0.4091,0.71,0.1045,132,228,360
10855,2012-04-02,2,1,4,10,0,1,1,1,0.4,0.4091,0.5,0.5224,85,119,204
10879,2012-04-03,2,1,4,10,0,2,1,1,0.44,0.4394,0.33,0,77,142,219
10903,2012-04-04,2,1,4,10,0,3,1,2,0.54,0.5152,0.45,0.1343,68,99,167
10927,2012-04-05,2,1,4,10,0,4,1,1,0.42,0.4242,0.35,0.2836,88,158,246
10951,2012-04-06,2,1,4,10,0,5,1,1,0.36,0.3333,0.4,0.3284,81,157,238
10975,2012-04-07,2,1,4,10,0,6,0,1,0.42,0.4242,0.28,0.2537,187,176,363
10999,2012-04-08,2,1,4,10,0,0,0,1,0.5,0.4848,0.25,0.2239,113,186,299
11023,2012-04-09,2,1,4,10,0,1,1,1,0.5,0.4848,0.27,0.4925,65,113,178
11047,2012-04-10,2,1,4,10,0,2,1,1,0.46,0.4545,0.47,0.1642,49,132,181
11070,2012-04-11,2,1,4,10,0,3,1,2,0.34,0.303,0.49,0.3284,26,127,153
11094,2012-04-12,2,1,4,10,0,4,1,1,0.4,0.4091,0.5,0.2985,38,103,141
11118,2012-04-13,2,1,4,10,0,5,1,1,0.44,0.4394,0.38,0.194,59,133,192
11142,2012-04-14,2,1,4,10,0,6,0,1,0.46,0.4545,0.51,0.1642,139,267,406
11166,2012-04-15,2,1,4,10,0,0,0,1,0.58,0.5455,0.53,0.2239,186,235,421
11190,2012-04-16,2,1,4,10,1,1,0,1,0.62,0.6061,0.69,0.2537,75,149,224
11214,2012-04-17,2,1,4,10,0,2,1,1,0.6,0.6212,0.38,0.4179,52,165,217
11238,2012-04-18,2,1,4,10,0,3,1,3,0.48,0.4697,0.47,0.2239,31,116,147
11262,2012-04-19,2,1,4,10,0,4,1,1,0.48,0.4697,0.63,0.0896,46,143,189
11286,2012-04-20,2,1,4,10,0,5,1,1,0.5,0.4848,0.77,0.194,67,170,237
11310,2012-04-21,2,1,4,10,0,6,0,1,0.6,0.6061,0.64,0.2836,183,299,482
11334,2012-04-22,2,1,4,10,0,0,0,3,0.38,0.3939,0.82,0.3284,11,57,68
11358,2012-04-23,2,1,4,10,0,1,1,2,0.32,0.303,0.7,0.3284,12,88,100
11382,2012-04-24,2,1,4,10,0,2,1,1,0.42,0.4242,0.47,0.2985,33,129,162
11406,2012-04-25,2,1,4,10,0,3,1,1,0.52,0.5,0.34,0,44,138,182
11430,2012-04-26,2,1,4,10,0,4,1,2,0.46,0.4545,0.94,0.1642,14,125,139
11454,2012-04-27,2,1,4,10,0,5,1,1,0.44,0.4394,0.38,0.4179,64,172,236
11478,2012-04-28,2,1,4,10,0,6,0,2,0.38,0.3939,0.4,0.1642,60,231,291
11502,2012-04-29,2,1,4,10,0,0,0,1,0.42,0.4242,0.67,0.0896,127,253,380
11526,2012-04-30,2,1,4,10,0,1,1,2,0.42,0.4242,0.41,0.1642,41,116,157
11550,2012-05-01,2,1,5,10,0,2,1,1,0.62,0.5909,0.78,0.2537,30,144,174
11574,2012-05-02,2,1,5,10,0,3,1,2,0.58,0.5455,0.83,0.1045,28,147,175
11598,2012-05-03,2,1,5,10,0,4,1,2,0.52,0.5,0.77,0,36,132,168
11622,2012-05-04,2,1,5,10,0,5,1,2,0.62,0.5909,0.73,0.1343,45,154,199
11646,2012-05-05,2,1,5,10,0,6,0,1,0.66,0.6212,0.65,0.1343,148,284,432
11670,2012-05-06,2,1,5,10,0,0,0,2,0.54,0.5152,0.77,0.1045,112,221,333
11694,2012-05-07,2,1,5,10,0,1,1,2,0.52,0.5,0.77,0.194,62,128,190
11718,2012-05-08,2,1,5,10,0,2,1,2,0.58,0.5455,0.68,0.4179,46,111,157
11742,2012-05-09,2,1,5,10,0,3,1,2,0.62,0.6061,0.65,0.2537,40,113,153
11766,2012-05-10,2,1,5,10,0,4,1,1,0.5,0.4848,0.51,0.4179,42,112,154
11790,2012-05-11,2,1,5,10,0,5,1,1,0.52,0.5,0.36,0.3284,69,141,210
11814,2012-05-12,2,1,5,10,0,6,0,1,0.56,0.5303,0.49,0.0896,132,279,411
11838,2012-05-13,2,1,5,10,0,0,0,1,0.6,0.6061,0.6,0.2537,128,222,350
11862,2012-05-14,2,1,5,10,0,1,1,3,0.54,0.5152,0.88,0.2537,6,53,59
11886,2012-05-15,2,1,5,10,0,2,1,1,0.62,0.5909,0.78,0.1045,27,144,171
11910,2012-05-16,2,1,5,10,0,3,1,1,0.66,0.6212,0.61,0,43,149,192
11934,2012-05-17,2,1,5,10,0,4,1,1,0.56,0.5303,0.52,0.2537,43,162,205
11958,2012-05-18,2,1,5,10,0,5,1,1,0.6,0.6212,0.46,0.1343,74,181,255
11982,2012-05-19,2,1,5,10,0,6,0,1,0.56,0.5303,0.43,0,177,275,452
12006,2012-05-20,2,1,5,10,0,0,0,1,0.66,0.6212,0.34,0.2985,174,258,432
12030,2012-05-21,2,1,5,10,0,1,1,3,0.58,0.5455,0.88,0.2836,28,71,99
12054,2012-05-22,2,1,5,10,0,2,1,2,0.6,0.5758,0.78,0.0896,52,148,200
12078,2012-05-23,2,1,5,10,0,3,1,1,0.62,0.5909,0.78,0.0896,52,139,191
12102,2012-05-24,2,1,5,10,0,4,1,1,0.64,0.6061,0.65,0.1343,47,138,185
12126,2012-05-25,2,1,5,10,0,5,1,1,0.68,0.6364,0.79,0.1642,69,163,232
12150,2012-05-26,2,1,5,10,0,6,0,1,0.68,0.6364,0.79,0.2239,181,256,437
12174,2012-05-27,2,1,5,10,0,0,0,1,0.68,0.6364,0.74,0.2537,209,215,424
12198,2012-05-28,2,1,5,10,1,1,0,1,0.7,0.6515,0.61,0,189,175,364
12222,2012-05-29,2,1,5,10,0,2,1,1,0.74,0.697,0.7,0.2985,67,116,183
12246,2012-05-30,2,1,5,10,0,3,1,2,0.62,0.6061,0.69,0.2836,39,138,177
12270,2012-05-31,2,1,5,10,0,4,1,1,0.7,0.6364,0.39,0.3881,65,155,220
12294,2012-06-01,2,1,6,10,0,5,1,2,0.66,0.6061,0.78,0.2836,49,155,204
12318,2012-06-02,2,1,6,10,0,6,0,1,0.6,0.6212,0.53,0.2985,145,348,493
12342,2012-06-03,2,1,6,10,0,0,0,1,0.62,0.6212,0.43,0.2239,127,277,404
12366,2012-06-04,2,1,6,10,0,1,1,1,0.64,0.6212,0.41,0.4627,67,120,187
12390,2012-06-05,2,1,6,10,0,2,1,2,0.52,0.5,0.63,0.2985,58,118,176
12414,2012-06-06,2,1,6,10,0,3,1,1,0.6,0.6212,0.46,0.0896,55,148,203
12438,2012-06-07,2,1,6,10,0,4,1,1,0.6,0.6061,0.64,0.0896,56,154,210
12462,2012-06-08,2,1,6,10,0,5,1,1,0.66,0.6212,0.47,0.2537,62,187,249
12486,2012-06-09,2,1,6,10,0,6,0,1,0.7,0.6515,0.51,0.1045,168,298,466
12510,2012-06-10,2,1,6,10,0,0,0,1,0.76,0.6818,0.4,0.1045,148,265,413
12534,2012-06-11,2,1,6,10,0,1,1,1,0.72,0.6818,0.62,0.1642,52,95,147
12558,2012-06-12,2,1,6,10,0,2,1,3,0.64,0.5758,0.89,0.2836,29,96,125
12582,2012-06-13,2,1,6,10,0,3,1,2,0.64,0.6061,0.65,0.4179,64,134,198
12606,2012-06-14,2,1,6,10,0,4,1,1,0.64,0.6061,0.65,0.4179,47,132,179
12630,2012-06-15,2,1,6,10,0,5,1,1,0.64,0.6212,0.57,0.1642,56,160,216
12654,2012-06-16,2,1,6,10,0,6,0,1,0.64,0.6212,0.47,0.194,139,296,435
12678,2012-06-17,2,1,6,10,0,0,0,1,0.58,0.5455,0.64,0,148,288,436
12702,2012-06-18,2,1,6,10,0,1,1,3,0.54,0.5152,0.88,0.1045,13,78,91
12726,2012-06-19,2,1,6,10,0,2,1,1,0.64,0.6061,0.73,0.0896,44,136,180
12750,2012-06-20,2,1,6,10,0,3,1,1,0.82,0.7727,0.52,0.1343,41,126,167
12774,2012-06-21,3,1,6,10,0,4,1,1,0.84,0.7879,0.49,0.1045,36,114,150
12798,2012-06-22,3,1,6,10,0,5,1,1,0.8,0.7424,0.52,0.3582,52,133,185
12822,2012-06-23,3,1,6,10,0,6,0,1,0.74,0.6818,0.55,0.194,177,317,494
12846,2012-06-24,3,1,6,10,0,0,0,1,0.76,0.6818,0.4,0,161,291,452
12870,2012-06-25,3,1,6,10,0,1,1,1,0.76,0.697,0.55,0.1642,58,126,184
12894,2012-06-26,3,1,6,10,0,2,1,1,0.62,0.6212,0.41,0.3582,37,153,190
12918,2012-06-27,3,1,6,10,0,3,1,1,0.7,0.6364,0.37,0.2537,34,138,172
12942,2012-06-28,3,1,6,10,0,4,1,1,0.74,0.6667,0.48,0.194,40,144,184
12966,2012-06-29,3,1,6,10,0,5,1,1,0.9,0.8333,0.39,0.2985,32,139,171
12990,2012-06-30,3,1,6,10,0,6,0,1,0.88,0.7727,0.3,0.2537,96,308,404
13014,2012-07-01,3,1,7,10,0,0,0,1,0.86,0.7879,0.44,0.2985,98,268,366
13038,2012-07-02,3,1,7,10,0,1,1,1,0.8,0.7273,0.43,0.2537,70,104,174
13062,2012-07-03,3,1,7,10,0,2,1,1,0.82,0.7424,0.43,0.2239,56,153,209
13086,2012-07-04,3,1,7,10,1,3,0,1,0.8,0.7273,0.46,0,143,304,447
13110,2012-07-05,3,1,7,10,0,4,1,1,0.86,0.7879,0.44,0.3582,69,117,186
13134,2012-07-06,3,1,7,10,0,5,1,1,0.86,0.7424,0.3,0,80,130,210
13158,2012-07-07,3,1,7,10,0,6,0,1,0.92,0.8636,0.37,0.2239,100,225,325
13182,2012-07-08,3,1,7,10,0,0,0,1,0.9,0.8636,0.45,0,85,234,319
13206,2012-07-09,3,1,7,10,0,1,1,2,0.66,0.6061,0.83,0.194,58,117,175
13230,2012-07-10,3,1,7,10,0,2,1,1,0.76,0.7121,0.62,0.194,56,134,190
13254,2012-07-11,3,1,7,10,0,3,1,2,0.72,0.6818,0.62,0.1343,47,148,195
13278,2012-07-12,3,1,7,10,0,4,1,1,0.74,0.6667,0.48,0.1642,69,145,214
13302,2012-07-13,3,1,7,10,0,5,1,2,0.74,0.6667,0.48,0,78,190,268
13326,2012-07-14,3,1,7,10,0,6,0,2,0.72,0.6818,0.7,0.0896,123,278,401
13350,2012-07-15,3,1,7,10,0,0,0,1,0.76,0.7273,0.66,0.1343,141,241,382
13374,2012-07-16,3,1,7,10,0,1,1,1,0.8,0.7727,0.59,0,69,117,186
13398,2012-07-17,3,1,7,10,0,2,1,2,0.84,0.7879,0.49,0.194,37,122,159
13422,2012-07-18,3,1,7,10,0,3,1,1,0.9,0.8485,0.42,0.194,39,99,138
13446,2012-07-19,3,1,7,10,0,4,1,1,0.76,0.7121,0.58,0.194,41,157,198
13470,2012-07-20,3,1,7,10,0,5,1,2,0.7,0.6667,0.79,0.1642,51,182,233
13494,2012-07-21,3,1,7,10,0,6,0,3,0.58,0.5455,0.88,0.2537,49,219,268
13518,2012-07-22,3,1,7,10,0,0,0,2,0.66,0.6212,0.74,0,114,265,379
13542,2012-07-23,3,1,7,10,0,1,1,2,0.78,0.7424,0.62,0,63,137,200
13566,2012-07-24,3,1,7,10,0,2,1,1,0.82,0.7879,0.56,0.2985,62,156,218
13590,2012-07-25,3,1,7,10,0,3,1,1,0.74,0.6515,0.37,0,68,163,231
13614,2012-07-26,3,1,7,10,0,4,1,1,0.74,0.697,0.7,0.2239,79,143,222
13638,2012-07-27,3,1,7,10,0,5,1,1,0.84,0.7727,0.47,0,85,146,231
13662,2012-07-28,3,1,7,10,0,6,0,1,0.82,0.7727,0.52,0.2239,129,266,395
13686,2012-07-29,3,1,7,10,0,0,0,1,0.74,0.6818,0.62,0,123,258,381
13710,2012-07-30,3,1,7,10,0,1,1,2,0.74,0.697,0.66,0.2239,54,135,189
13734,2012-07-31,3,1,7,10,0,2,1,1,0.72,0.6818,0.66,0,73,154,227
13758,2012-08-01,3,1,8,10,0,3,1,1,0.72,0.6818,0.66,0.0896,61,175,236
13782,2012-08-02,3,1,8,10,0,4,1,1,0.8,0.7576,0.55,0,51,130,181
13806,2012-08-03,3,1,8,10,0,5,1,2,0.8,0.7424,0.52,0.194,82,167,249
13830,2012-08-04,3,1,8,10,0,6,0,1,0.82,0.7727,0.57,0.194,108,288,396
13854,2012-08-05,3,1,8,10,0,0,0,1,0.8,0.7727,0.59,0.4179,111,253,364
13878,2012-08-06,3,1,8,10,0,1,1,1,0.74,0.697,0.7,0.2239,54,159,213
13902,2012-08-07,3,1,8,10,0,2,1,2,0.74,0.697,0.7,0.1343,89,161,250
13926,2012-08-08,3,1,8,10,0,3,1,2,0.8,0.7424,0.52,0.1343,63,151,214
13950,2012-08-09,3,1,8,10,0,4,1,1,0.8,0.7576,0.55,0.2239,72,133,205
13974,2012-08-10,3,1,8,10,0,5,1,1,0.66,0.5909,0.89,0.1045,27,166,193
13998,2012-08-11,3,1,8,10,0,6,0,1,0.72,0.6818,0.62,0.0896,125,282,407
14022,2012-08-12,3,1,8,10,0,0,0,1,0.7,0.6515,0.51,0.1642,88,240,328
14046,2012-08-13,3,1,8,10,0,1,1,2,0.76,0.6818,0.4,0,88,111,199
14070,2012-08-14,3,1,8,10,0,2,1,1,0.7,0.6667,0.79,0.1045,53,155,208
14094,2012-08-15,3,1,8,10,0,3,1,2,0.72,0.6818,0.62,0.194,70,163,233
14118,2012-08-16,3,1,8,10,0,4,1,1,0.74,0.6667,0.48,0.1343,78,121,199
14142,2012-08-17,3,1,8,10,0,5,1,1,0.74,0.2424,0.55,0.1642,82,149,231
14166,2012-08-18,3,1,8,10,0,6,0,1,0.7,0.6515,0.54,0.1642,166,314,480
14190,2012-08-19,3,1,8,10,0,0,0,2,0.68,0.6364,0.69,0,138,287,425
14214,2012-08-20,3,1,8,10,0,1,1,2,0.64,0.6061,0.69,0.0896,69,124,193
14238,2012-08-21,3,1,8,10,0,2,1,1,0.66,0.6212,0.61,0.1045,58,120,178
14262,2012-08-22,3,1,8,10,0,3,1,1,0.7,0.6515,0.61,0.0896,66,159,225
14286,2012-08-23,3,1,8,10,0,4,1,1,0.74,0.6818,0.58,0.0896,76,157,233
14310,2012-08-24,3,1,8,10,0,5,1,2,0.76,0.6818,0.48,0,78,184,262
14334,2012-08-25,3,1,8,10,0,6,0,2,0.7,0.6515,0.65,0.2985,148,294,442
14358,2012-08-26,3,1,8,10,0,0,0,1,0.74,0.697,0.66,0.3881,127,258,385
14382,2012-08-27,3,1,8,10,0,1,1,1,0.72,0.697,0.74,0.1343,63,143,206
14406,2012-08-28,3,1,8,10,0,2,1,1,0.74,0.6818,0.62,0.2537,39,165,204
14430,2012-08-29,3,1,8,10,0,3,1,1,0.72,0.6667,0.48,0.1642,34,144,178
14454,2012-08-30,3,1,8,10,0,4,1,1,0.72,0.6667,0.54,0,73,161,234
14478,2012-08-31,3,1,8,10,0,5,1,1,0.76,0.7121,0.62,0.0896,59,197,256
14502,2012-09-01,3,1,9,10,0,6,0,2,0.78,0.7273,0.55,0.194,128,289,417
14526,2012-09-02,3,1,9,10,0,0,0,2,0.72,0.697,0.79,0,158,230,388
14550,2012-09-03,3,1,9,10,1,1,0,2,0.74,0.7121,0.74,0.2239,135,224,359
14574,2012-09-04,3,1,9,10,0,2,1,2,0.72,0.697,0.74,0.2537,42,130,172
14598,2012-09-05,3,1,9,10,0,3,1,2,0.76,0.7273,0.7,0.1642,54,181,235
14622,2012-09-06,3,1,9,10,0,4,1,3,0.66,0.5909,0.94,0.1343,9,40,49
14646,2012-09-07,3,1,9,10,0,5,1,1,0.72,0.697,0.74,0.1343,53,171,224
14670,2012-09-08,3,1,9,10,0,6,0,1,0.74,0.697,0.7,0.3881,100,322,422
14694,2012-09-09,3,1,9,10,0,0,0,1,0.64,0.6212,0.57,0.2985,172,323,495
14718,2012-09-10,3,1,9,10,0,1,1,1,0.62,0.6212,0.5,0.2836,42,168,210
14742,2012-09-11,3,1,9,10,0,2,1,1,0.62,0.6212,0.38,0,54,142,196
14766,2012-09-12,3,1,9,10,0,3,1,1,0.62,0.6061,0.61,0.1343,57,148,205
14790,2012-09-13,3,1,9,10,0,4,1,1,0.64,0.6212,0.61,0.0896,63,149,212
14814,2012-09-14,3,1,9,10,0,5,1,2,0.68,0.6364,0.65,0,75,171,246
14838,2012-09-15,3,1,9,10,0,6,0,1,0.62,0.6212,0.41,0.3881,119,323,442
14862,2012-09-16,3,1,9,10,0,0,0,1,0.62,0.6212,0.5,0.1045,160,330,490
14886,2012-09-17,3,1,9,10,0,1,1,2,0.62,0.6061,0.65,0.194,73,129,202
14910,2012-09-18,3,1,9,10,0,2,1,3,0.68,0.6364,0.79,0.6418,30,130,160
14934,2012-09-19,3,1,9,10,0,3,1,1,0.56,0.5303,0.52,0.194,23,169,192
14958,2012-09-20,3,1,9,10,0,4,1,1,0.58,0.5455,0.53,0.0896,33,157,190
14982,2012-09-21,3,1,9,10,0,5,1,1,0.62,0.6061,0.61,0.2239,44,181,225
15006,2012-09-22,3,1,9,10,0,6,0,1,0.66,0.6212,0.65,0.3284,124,350,474
15030,2012-09-23,4,1,9,10,0,0,0,1,0.54,0.5152,0.45,0.2537,138,351,489
15054,2012-09-24,4,1,9,10,0,1,1,1,0.54,0.5152,0.49,0.2239,52,146,198
15078,2012-09-25,4,1,9,10,0,2,1,1,0.56,0.5303,0.52,0.2985,45,125,170
15102,2012-09-26,4,1,9,10,0,3,1,1,0.6,0.5909,0.73,0.2836,29,156,185
15126,2012-09-27,4,1,9,10,0,4,1,2,0.7,0.6515,0.51,0.2836,40,168,208
15150,2012-09-28,4,1,9,10,0,5,1,2,0.64,0.5909,0.78,0.1343,51,194,245
15174,2012-09-29,4,1,9,10,0,6,0,1,0.54,0.5152,0.56,0.2537,134,338,472
15198,2012-09-30,4,1,9,10,0,0,0,1,0.58,0.5455,0.46,0.1642,160,319,479
15222,2012-10-01,4,1,10,10,0,1,1,1,0.54,0.5152,0.56,0,44,135,179
15246,2012-10-02,4,1,10,10,0,2,1,3,0.58,0.5455,0.88,0.1343,3,42,45
15270,2012-10-03,4,1,10,10,0,3,1,1,0.66,0.6061,0.78,0.1642,29,146,175
15294,2012-10-04,4,1,10,10,0,4,1,2,0.66,0.6061,0.83,0.1343,27,150,177
15318,2012-10-05,4,1,10,10,0,5,1,1,0.66,0.6212,0.54,0,68,192,260
15342,2012-10-06,4,1,10,10,0,6,0,1,0.62,0.6061,0.69,0.2836,198,341,539
15366,2012-10-07,4,1,10,10,0,0,0,2,0.42,0.4242,0.67,0.194,41,144,185
15390,2012-10-08,4,1,10,10,1,1,0,2,0.38,0.3939,0.68,0.1343,69,229,298
15414,2012-10-09,4,1,10,10,0,2,1,2,0.44,0.4394,0.75,0.2239,33,131,164
15438,2012-10-10,4,1,10,10,0,3,1,1,0.56,0.5303,0.52,0.2985,27,190,217
15462,2012-10-11,4,1,10,10,0,4,1,1,0.44,0.4394,0.41,0.3582,39,165,204
15486,2012-10-12,4,1,10,10,0,5,1,1,0.52,0.5,0.36,0.2985,75,200,275
15510,2012-10-13,4,1,10,10,0,6,0,1,0.4,0.4091,0.43,0,82,265,347
15534,2012-10-14,4,1,10,10,0,0,0,1,0.54,0.5152,0.56,0.194,150,278,428
15558,2012-10-15,4,1,10,10,0,1,1,2,0.6,0.5909,0.73,0.3881,43,125,168
15582,2012-10-16,4,1,10,10,0,2,1,1,0.5,0.4848,0.48,0.2836,65,157,222
15606,2012-10-17,4,1,10,10,0,3,1,2,0.46,0.4545,0.67,0,60,168,228
15630,2012-10-18,4,1,10,10,0,4,1,2,0.52,0.5,0.68,0.2239,60,158,218
15654,2012-10-19,4,1,10,10,0,5,1,2,0.58,0.5455,0.88,0.194,26,198,224
15678,2012-10-20,4,1,10,10,0,6,0,1,0.52,0.5,0.52,0.1343,111,312,423
15702,2012-10-21,4,1,10,10,0,0,0,1,0.5,0.4848,0.48,0.2985,167,276,443
15726,2012-10-22,4,1,10,10,0,1,1,1,0.5,0.4848,0.55,0,51,161,212
15750,2012-10-23,4,1,10,10,0,2,1,1,0.54,0.5152,0.6,0,50,171,221
15774,2012-10-24,4,1,10,10,0,3,1,2,0.54,0.5152,0.73,0,29,142,171
15798,2012-10-25,4,1,10,10,0,4,1,2,0.54,0.5152,0.83,0.1343,53,172,225
15822,2012-10-26,4,1,10,10,0,5,1,2,0.54,0.5152,0.88,0.1045,41,156,197
15846,2012-10-27,4,1,10,10,0,6,0,1,0.54,0.5152,0.73,0.2836,165,314,479
15870,2012-10-28,4,1,10,10,0,0,0,2,0.48,0.4697,0.51,0.4179,120,314,434
15906,2012-10-31,4,1,10,10,0,3,1,1,0.36,0.3333,0.71,0.2836,21,147,168
15930,2012-11-01,4,1,11,10,0,4,1,3,0.36,0.3485,0.62,0.194,13,133,146
15954,2012-11-02,4,1,11,10,0,5,1,1,0.38,0.3939,0.46,0.2985,21,183,204
15978,2012-11-03,4,1,11,10,0,6,0,1,0.36,0.3333,0.46,0.3881,68,260,328
16002,2012-11-04,4,1,11,10,0,0,0,1,0.34,0.3333,0.49,0.194,73,287,360
16026,2012-11-05,4,1,11,10,0,1,1,1,0.32,0.303,0.49,0.2836,30,112,142
16050,2012-11-06,4,1,11,10,0,2,1,1,0.3,0.2879,0.49,0.194,41,189,230
16074,2012-11-07,4,1,11,10,0,3,1,2,0.28,0.2576,0.56,0.2985,27,151,178
16097,2012-11-08,4,1,11,10,0,4,1,1,0.32,0.303,0.31,0.3284,13,148,161
16121,2012-11-09,4,1,11,10,0,5,1,1,0.36,0.3333,0.5,0.3284,34,163,197
16145,2012-11-10,4,1,11,10,0,6,0,1,0.4,0.4091,0.58,0,86,264,350
16169,2012-11-11,4,1,11,10,0,0,0,1,0.4,0.4091,0.69,0.1045,133,272,405
16193,2012-11-12,4,1,11,10,1,1,0,1,0.48,0.4697,0.77,0.1642,82,184,266
16217,2012-11-13,4,1,11,10,0,2,1,3,0.3,0.2727,0.75,0.3881,10,84,94
16241,2012-11-14,4,1,11,10,0,3,1,1,0.32,0.2879,0.45,0.3582,18,153,171
16265,2012-11-15,4,1,11,10,0,4,1,2,0.32,0.3333,0.66,0.1343,11,142,153
16289,2012-11-16,4,1,11,10,0,5,1,1,0.34,0.3333,0.53,0.194,33,165,198
16313,2012-11-17,4,1,11,10,0,6,0,1,0.36,0.3333,0.46,0.2537,62,258,320
16337,2012-11-18,4,1,11,10,0,0,0,1,0.34,0.303,0.66,0.2985,79,250,329
16361,2012-11-19,4,1,11,10,0,1,1,2,0.36,0.3333,0.66,0.2537,33,106,139
16385,2012-11-20,4,1,11,10,0,2,1,2,0.4,0.4091,0.66,0.0896,32,144,176
16409,2012-11-21,4,1,11,10,0,3,1,1,0.36,0.3788,0.62,0,22,150,172
16433,2012-11-22,4,1,11,10,1,4,0,1,0.36,0.3636,0.57,0.1045,65,154,219
16457,2012-11-23,4,1,11,10,0,5,1,1,0.34,0.3333,0.61,0.1642,87,114,201
16481,2012-11-24,4,1,11,10,0,6,0,2,0.26,0.2273,0.44,0.2985,46,96,142
16505,2012-11-25,4,1,11,10,0,0,0,1,0.24,0.2273,0.48,0.2537,15,124,139
16529,2012-11-26,4,1,11,10,0,1,1,1,0.32,0.3485,0.49,0,20,127,147
16553,2012-11-27,4,1,11,10,0,2,1,3,0.32,0.3182,0.81,0.194,5,52,57
16577,2012-11-28,4,1,11,10,0,3,1,1,0.3,0.3182,0.49,0.1045,17,144,161
16600,2012-11-29,4,1,11,10,0,4,1,1,0.28,0.303,0.65,0.0896,25,153,178
16624,2012-11-30,4,1,11,10,0,5,1,2,0.3,0.3333,0.65,0,10,159,169
16648,2012-12-01,4,1,12,10,0,6,0,2,0.28,0.2727,0.89,0.1642,45,211,256
16672,2012-12-02,4,1,12,10,0,0,0,2,0.3,0.3333,0.87,0,63,230,293
16696,2012-12-03,4,1,12,10,0,1,1,1,0.44,0.4394,0.77,0.1343,31,105,136
16720,2012-12-04,4,1,12,10,0,2,1,1,0.46,0.4545,0.82,0.194,26,130,156
16744,2012-12-05,4,1,12,10,0,3,1,2,0.44,0.4394,0.47,0.3582,14,127,141
16768,2012-12-06,4,1,12,10,0,4,1,1,0.24,0.2273,0.52,0.194,23,122,145
16792,2012-12-07,4,1,12,10,0,5,1,2,0.32,0.3182,0.76,0.1642,16,150,166
16816,2012-12-08,4,1,12,10,0,6,0,2,0.4,0.4091,0.87,0.1343,43,244,287
16840,2012-12-09,4,1,12,10,0,0,0,2,0.4,0.4091,0.87,0.2836,39,180,219
16864,2012-12-10,4,1,12,10,0,1,1,2,0.44,0.4394,0.94,0.2239,12,121,133
16888,2012-12-11,4,1,12,10,0,2,1,1,0.36,0.3333,0.57,0.3284,12,142,154
16912,2012-12-12,4,1,12,10,0,3,1,2,0.3,0.303,0.56,0.1642,20,116,136
16936,2012-12-13,4,1,12,10,0,4,1,1,0.32,0.303,0.45,0.2836,28,139,167
16960,2012-12-14,4,1,12,10,0,5,1,1,0.26,0.2576,0.81,0.194,28,162,190
16984,2012-12-15,4,1,12,10,0,6,0,1,0.32,0.3182,0.61,0.1642,23,250,273
17008,2012-12-16,4,1,12,10,0,0,0,2,0.36,0.3485,0.87,0.1343,42,215,257
17032,2012-12-17,4,1,12,10,0,1,1,2,0.38,0.3939,0.87,0.0896,15,120,135
17056,2012-12-18,4,1,12,10,0,2,1,1,0.44,0.4394,0.77,0.0896,22,162,184
17080,2012-12-19,4,1,12,10,0,3,1,1,0.32,0.3333,0.7,0.1045,17,147,164
17104,2012-12-20,4,1,12,10,0,4,1,2,0.32,0.3333,0.66,0,23,138,161
17128,2012-12-21,1,1,12,10,0,5,1,1,0.32,0.2879,0.42,0.4627,8,146,154
17152,2012-12-22,1,1,12,10,0,6,0,1,0.26,0.2273,0.48,0.3284,13,105,118
17176,2012-12-23,1,1,12,10,0,0,0,1,0.22,0.2273,0.64,0.194,26,67,93
17199,2012-12-24,1,1,12,10,0,1,1,2,0.26,0.303,0.65,0,21,82,103
17222,2012-12-25,1,1,12,10,1,2,0,1,0.28,0.3182,0.81,0,11,21,32
17246,2012-12-26,1,1,12,10,0,3,1,3,0.2,0.1818,0.86,0.2985,0,8,8
17270,2012-12-27,1,1,12,10,0,4,1,1,0.28,0.2273,0.56,0.5224,8,67,75
17294,2012-12-28,1,1,12,10,0,5,1,2,0.26,0.2424,0.56,0.2537,77,85,162
17318,2012-12-29,1,1,12,10,0,6,0,3,0.26,0.2424,0.81,0.1343,6,35,41
17342,2012-12-30,1,1,12,10,0,0,0,1,0.26,0.2121,0.41,0.5821,31,91,122
17366,2012-12-31,1,1,12,10,0,1,1,2,0.2,0.2121,0.69,0.1343,33,87,120
