12,2011-01-01,1,0,1,11,0,6,0,1,0.36,0.3333,0.81,0.2836,26,30,56
35,2011-01-02,1,0,1,11,0,0,0,2,0.36,0.3333,0.71,0.2537,16,54,70
57,2011-01-03,1,0,1,11,0,1,1,1,0.2,0.1818,0.4,0.3284,10,41,51
80,2011-01-04,1,0,1,11,0,2,1,1,0.22,0.2121,0.51,0.2985,7,50,57
103,2011-01-05,1,0,1,11,0,3,1,1,0.26,0.2273,0.33,0.3284,12,34,46
126,2011-01-06,1,0,1,11,0,4,1,1,0.22,0.2576,0.44,0.0896,2,57,59
149,2011-01-07,1,0,1,11,0,5,1,2,0.2,0.197,0.4,0.2239,19,48,67
173,2011-01-08,1,0,1,11,0,6,0,2,0.2,0.1818,0.69,0.3881,2,60,62
197,2011-01-09,1,0,1,11,0,0,0,1,0.16,0.1212,0.4,0.5224,2,47,49
221,2011-01-10,1,0,1,11,0,1,1,2,0.16,0.1364,0.47,0.2836,2,28,30
243,2011-01-11,1,0,1,11,0,2,1,2,0.2,0.2121,0.47,0.1343,4,31,35
265,2011-01-12,1,0,1,11,0,3,1,1,0.2,0.1818,0.51,0.3881,3,32,35
289,2011-01-13,1,0,1,11,0,4,1,2,0.2,0.1667,0.44,0.4478,4,33,37
312,2011-01-14,1,0,1,11,0,5,1,1,0.18,0.1667,0.51,0.2836,6,47,53
336,2011-01-15,1,0,1,11,0,6,0,1,0.2,0.197,0.55,0.2239,18,54,72
360,2011-01-16,1,0,1,11,0,0,0,1,0.24,0.2273,0.44,0.2537,23,70,93
384,2011-01-17,1,0,1,11,1,1,0,2,0.16,0.1515,0.55,0.194,9,55,64
419,2011-01-19,1,0,1,11,0,3,1,2,0.28,0.303,0.87,0.0896,5,47,52
443,2011-01-20,1,0,1,11,0,4,1,2,0.28,0.2727,0.45,0.1642,5,63,68
467,2011-01-21,1,0,1,11,0,5,1,1,0.22,0.1818,0.41,0.4627,6,53,59
490,2011-01-22,1,0,1,11,0,6,0,2,0.06,0.0758,0.38,0.1343,4,59,63
513,2011-01-23,1,0,1,11,0,0,0,1,0.14,0.1364,0.43,0.2239,22,77,99
536,2011-01-24,1,0,1,11,0,1,1,1,0.1,0.1212,0.46,0.1343,3,43,46
559,2011-01-25,1,0,1,11,0,2,1,2,0.24,0.2424,0.6,0.1343,6,55,61
581,2011-01-26,1,0,1,11,0,3,1,3,0.22,0.197,0.93,0.3284,6,35,41
606,2011-01-28,1,0,1,11,0,5,1,3,0.18,0.2121,0.93,0.1045,0,30,30
629,2011-01-29,1,0,1,11,0,6,0,2,0.18,0.197,0.64,0.1343,4,60,64
652,2011-01-30,1,0,1,11,0,0,0,1,0.22,0.2727,0.75,0,9,50,59
676,2011-01-31,1,0,1,11,0,1,1,2,0.16,0.1515,0.59,0.194,2,46,48
699,2011-02-01,1,0,2,11,0,2,1,2,0.18,0.2424,0.86,0,2,49,51
723,2011-02-02,1,0,2,11,0,3,1,2,0.24,0.2273,0.93,0.194,5,47,52
746,2011-02-03,1,0,2,11,0,4,1,1,0.18,0.1364,0.43,0.4478,9,55,64
769,2011-02-04,1,0,2,11,0,5,1,1,0.22,0.2273,0.51,0.1642,3,61,64
793,2011-02-05,1,0,2,11,0,6,0,3,0.22,0.2273,1,0.1343,1,46,47
817,2011-02-06,1,0,2,11,0,0,0,1,0.32,0.303,0.49,0.2537,28,89,117
841,2011-02-07,1,0,2,11,0,1,1,1,0.3,0.3182,0.65,0.0896,11,36,47
865,2011-02-08,1,0,2,11,0,2,1,1,0.22,0.1818,0.47,0.4627,1,49,50
888,2011-02-09,1,0,2,11,0,3,1,2,0.14,0.1515,0.43,0.1642,1,40,41
911,2011-02-10,1,0,2,11,0,4,1,1,0.14,0.1212,0.39,0.3582,1,44,45
933,2011-02-11,1,0,2,11,0,5,1,1,0.22,0.2273,0.47,0.1343,12,52,64
957,2011-02-12,1,0,2,11,0,6,0,1,0.3,0.2727,0.28,0.3284,30,84,114
980,2011-02-13,1,0,2,11,0,0,0,1,0.32,0.2879,0.39,0.4478,26,86,112
1004,2011-02-14,1,0,2,11,0,1,1,1,0.52,0.5,0.23,0.2537,10,43,53
1027,2011-02-15,1,0,2,11,0,2,1,1,0.26,0.2424,0.25,0.2537,11,46,57
1050,2011-02-16,1,0,2,11,0,3,1,1,0.34,0.303,0.34,0.2985,7,59,66
1074,2011-02-17,1,0,2,11,0,4,1,2,0.44,0.4394,0.44,0.2537,19,71,90
1098,2011-02-18,1,0,2,11,0,5,1,1,0.44,0.4394,0.72,0.1642,31,82,113
1122,2011-02-19,1,0,2,11,0,6,0,1,0.44,0.4394,0.16,0.5821,47,76,123
1145,2011-02-20,1,0,2,11,0,0,0,2,0.3,0.303,0.33,0.1642,72,89,161
1169,2011-02-21,1,0,2,11,1,1,0,2,0.32,0.3333,0.57,0.1045,20,70,90
1187,2011-02-22,1,0,2,11,0,2,1,1,0.16,0.2273,0.64,0,7,43,50
1210,2011-02-23,1,0,2,11,0,3,1,1,0.24,0.2576,0.41,0.1045,16,53,69
1233,2011-02-24,1,0,2,11,0,4,1,2,0.32,0.2879,0.57,0.3881,8,71,79
1256,2011-02-25,1,0,2,11,0,5,1,1,0.52,0.5,0.77,0.4478,9,50,59
1280,2011-02-26,1,0,2,11,0,6,0,1,0.3,0.3333,0.45,0,26,100,126
1303,2011-02-27,1,0,2,11,0,0,0,1,0.36,0.3485,0.62,0.1343,33,92,125
1325,2011-02-28,1,0,2,11,0,1,1,2,0.56,0.5303,0.64,0.2985,13,74,87
1349,2011-03-01,1,0,3,11,0,2,1,1,0.28,0.2727,0.45,0.2537,8,48,56
1373,2011-03-02,1,0,3,11,0,3,1,1,0.34,0.303,0.53,0.3284,8,65,73
1397,2011-03-03,1,0,3,11,0,4,1,1,0.2,0.2273,0.29,0.0896,10,40,50
1421,2011-03-04,1,0,3,11,0,5,1,1,0.28,0.2727,0.52,0.2239,16,73,89
1445,2011-03-05,1,0,3,11,0,6,0,2,0.4,0.4091,0.76,0.2239,43,116,159
1468,2011-03-06,1,0,3,11,0,0,0,2,0.42,0.4242,1,0.2239,18,44,62
1491,2011-03-07,1,0,3,11,0,1,1,1,0.26,0.2121,0.48,0.4478,19,41,60
1515,2011-03-08,1,0,3,11,0,2,1,2,0.36,0.3485,0.25,0.1642,26,52,78
1539,2011-03-09,1,0,3,11,0,3,1,2,0.32,0.2879,0.76,0.3881,15,44,59
1561,2011-03-10,1,0,3,11,0,4,1,3,0.4,0.4091,0,0.2537,6,5,11
1584,2011-03-11,1,0,3,11,0,5,1,2,0.32,0.303,0.57,0.2985,14,67,81
1608,2011-03-12,1,0,3,11,0,6,0,1,0.34,0.303,0.49,0.3284,36,83,119
1631,2011-03-13,1,0,3,11,0,0,0,1,0.44,0.4394,0.41,0.4179,88,93,181
1654,2011-03-14,1,0,3,11,0,1,1,1,0.36,0.3333,0.4,0.2537,26,45,71
1677,2011-03-15,1,0,3,11,0,2,1,2,0.34,0.3182,0.57,0.2239,27,51,78
1700,2011-03-16,1,0,3,11,0,3,1,2,0.36,0.3485,0.81,0.1343,13,62,75
1724,2011-03-17,1,0,3,11,0,4,1,1,0.44,0.4394,0.54,0.2836,20,66,86
1747,2011-03-18,1,0,3,11,0,5,1,1,0.54,0.5152,0.52,0.2836,55,104,159
1771,2011-03-19,1,0,3,11,0,6,0,1,0.46,0.4545,0.36,0.4478,90,106,196
1795,2011-03-20,1,0,3,11,0,0,0,1,0.34,0.3485,0.39,0.1045,92,111,203
1818,2011-03-21,2,0,3,11,0,1,1,2,0.42,0.4242,0.71,0.2985,32,47,79
1842,2011-03-22,2,0,3,11,0,2,1,1,0.44,0.4394,0.51,0.3284,22,64,86
1865,2011-03-23,2,0,3,11,0,3,1,2,0.34,0.3333,0.87,0.194,18,53,71
1889,2011-03-24,2,0,3,11,0,4,1,2,0.3,0.2727,0.81,0.2985,10,61,71
1913,2011-03-25,2,0,3,11,0,5,1,1,0.3,0.2879,0.45,0.2836,17,58,75
1937,2011-03-26,2,0,3,11,0,6,0,1,0.28,0.2727,0.38,0.1642,75,93,168
1960,2011-03-27,2,0,3,11,0,0,0,2,0.24,0.2424,0.48,0.1642,23,85,108
1983,2011-03-28,2,0,3,11,0,1,1,2,0.26,0.2424,0.3,0.2836,18,39,57
2007,2011-03-29,2,0,3,11,0,2,1,2,0.34,0.303,0.25,0.3881,18,63,81
2031,2011-03-30,2,0,3,11,0,3,1,2,0.34,0.3182,0.46,0.2537,26,64,90
2055,2011-03-31,2,0,3,11,0,4,1,3,0.28,0.2727,0.93,0.194,6,52,58
2079,2011-04-01,2,0,4,11,0,5,1,1,0.32,0.2879,0.61,0.3582,17,72,89
2103,2011-04-02,2,0,4,11,0,6,0,2,0.4,0.4091,0.47,0.1642,72,126,198
2127,2011-04-03,2,0,4,11,0,0,0,1,0.42,0.4242,0.41,0.2537,139,104,243
2151,2011-04-04,2,0,4,11,0,1,1,1,0.6,0.6212,0.4,0.3881,58,66,124
2175,2011-04-05,2,0,4,11,0,2,1,3,0.32,0.2879,0.81,0.4478,1,18,19
2199,2011-04-06,2,0,4,11,0,3,1,1,0.42,0.4242,0.38,0.3881,23,70,93
2223,2011-04-07,2,0,4,11,0,4,1,2,0.46,0.4545,0.55,0,36,86,122
2247,2011-04-08,2,0,4,11,0,5,1,2,0.4,0.4091,0.62,0.3881,19,79,98
2271,2011-04-09,2,0,4,11,0,6,0,2,0.36,0.3636,0.81,0,51,91,142
2295,2011-04-10,2,0,4,11,0,0,0,2,0.4,0.4091,0.87,0.1343,93,109,202
2318,2011-04-11,2,0,4,11,0,1,1,2,0.6,0.5909,0.73,0.2985,45,59,104
2342,2011-04-12,2,0,4,11,0,2,1,1,0.52,0.5,0.77,0.3582,11,38,49
2366,2011-04-13,2,0,4,11,0,3,1,2,0.42,0.4242,0.82,0.194,4,57,61
2390,2011-04-14,2,0,4,11,0,4,1,1,0.52,0.5,0.45,0.1642,28,87,115
2414,2011-04-15,2,0,4,11,1,5,0,1,0.52,0.5,0.55,0.194,41,95,136
2438,2011-04-16,2,0,4,11,0,6,0,3,0.42,0.4242,0.94,0.4478,4,27,31
2462,2011-04-17,2,0,4,11,0,0,0,1,0.46,0.4545,0.41,0.4179,119,185,304
2486,2011-04-18,2,0,4,11,0,1,1,2,0.54,0.5152,0.52,0.0896,36,87,123
2510,2011-04-19,2,0,4,11,0,2,1,2,0.54,0.5152,0.68,0.1642,19,53,72
2534,2011-04-20,2,0,4,11,0,3,1,1,0.62,0.6061,0.69,0.0896,31,87,118
2558,2011-04-21,2,0,4,11,0,4,1,1,0.44,0.4394,0.41,0.2836,34,99,133
2582,2011-04-22,2,0,4,11,0,5,1,3,0.34,0.3333,0.66,0.194,23,83,106
2606,2011-04-23,2,0,4,11,0,6,0,2,0.46,0.4545,0.88,0.2239,68,164,232
2630,2011-04-24,2,0,4,11,0,0,0,1,0.66,0.6212,0.65,0.1343,124,193,317
2654,2011-04-25,2,0,4,11,0,1,1,1,0.64,0.6061,0.73,0.2239,53,94,147
2678,2011-04-26,2,0,4,11,0,2,1,1,0.68,0.6364,0.65,0.3881,40,132,172
2702,2011-04-27,2,0,4,11,0,3,1,2,0.64,0.5909,0.78,0.2836,53,103,156
2726,2011-04-28,2,0,4,11,0,4,1,2,0.62,0.5758,0.83,0.2836,10,74,84
2750,2011-04-29,2,0,4,11,0,5,1,1,0.6,0.6212,0.38,0.2239,49,108,157
2774,2011-04-30,2,0,4,11,0,6,0,1,0.5,0.4848,0.42,0.3582,120,201,321
2798,2011-05-01,2,0,5,11,0,0,0,1,0.46,0.4545,0.82,0.1045,109,141,250
2822,2011-05-02,2,0,5,11,0,1,1,1,0.58,0.5455,0.73,0.2985,34,96,130
2846,2011-05-03,2,0,5,11,0,2,1,2,0.66,0.6212,0.65,0.3284,20,120,140
2870,2011-05-04,2,0,5,11,0,3,1,1,0.4,0.4091,0.82,0.3284,3,69,72
2894,2011-05-05,2,0,5,11,0,4,1,1,0.52,0.5,0.36,0.4478,43,105,148
2918,2011-05-06,2,0,5,11,0,5,1,2,0.54,0.5152,0.49,0.3284,42,123,165
2942,2011-05-07,2,0,5,11,0,6,0,1,0.56,0.5303,0.43,0,132,215,347
2966,2011-05-08,2,0,5,11,0,0,0,1,0.58,0.5455,0.49,0.0896,142,198,340
2990,2011-05-09,2,0,5,11,0,1,1,1,0.6,0.6212,0.46,0.2239,26,99,125
3014,2011-05-10,2,0,5,11,0,2,1,2,0.56,0.5303,0.43,0.1343,17,108,125
3038,2011-05-11,2,0,5,11,0,3,1,1,0.56,0.5303,0.64,0.0896,18,123,141
3062,2011-05-12,2,0,5,11,0,4,1,1,0.58,0.5455,0.6,0.2239,43,136,179
3086,2011-05-13,2,0,5,11,0,5,1,2,0.52,0.5,0.83,0.1642,56,90,146
3110,2011-05-14,2,0,5,11,0,6,0,2,0.52,0.5,0.94,0.1343,72,207,279
3134,2011-05-15,2,0,5,11,0,0,0,1,0.6,0.5758,0.78,0.2239,120,202,322
3158,2011-05-16,2,0,5,11,0,1,1,1,0.64,0.6212,0.57,0,56,129,185
3182,2011-05-17,2,0,5,11,0,2,1,2,0.56,0.5303,0.83,0.4179,26,104,130
3206,2011-05-18,2,0,5,11,0,3,1,2,0.54,0.5152,0.94,0.0896,6,17,23
3230,2011-05-19,2,0,5,11,0,4,1,3,0.54,0.5152,0.88,0.1642,53,111,164
3254,2011-05-20,2,0,5,11,0,5,1,2,0.58,0.5455,0.6,0.194,63,133,196
3278,2011-05-21,2,0,5,11,0,6,0,1,0.64,0.6212,0.53,0.1343,173,245,418
3302,2011-05-22,2,0,5,11,0,0,0,1,0.7,0.6515,0.54,0.194,164,209,373
3326,2011-05-23,2,0,5,11,0,1,1,1,0.68,0.6364,0.69,0.3881,73,107,180
3350,2011-05-24,2,0,5,11,0,2,1,1,0.74,0.6667,0.51,0.2239,33,142,175
3374,2011-05-25,2,0,5,11,0,3,1,1,0.74,0.6667,0.51,0.0896,36,104,140
3398,2011-05-26,2,0,5,11,0,4,1,1,0.74,0.697,0.66,0.2239,36,124,160
3422,2011-05-27,2,0,5,11,0,5,1,2,0.74,0.6818,0.55,0.3284,40,126,166
3446,2011-05-28,2,0,5,11,0,6,0,1,0.7,0.6515,0.65,0.2239,171,178,349
3470,2011-05-29,2,0,5,11,0,0,0,2,0.66,0.6061,0.83,0.2836,139,180,319
3494,2011-05-30,2,0,5,11,1,1,0,1,0.82,0.7727,0.52,0,153,168,321
3518,2011-05-31,2,0,5,11,0,2,1,1,0.86,0.803,0.47,0,28,78,106
3542,2011-06-01,2,0,6,11,0,3,1,2,0.82,0.803,0.59,0.2239,26,86,112
3566,2011-06-02,2,0,6,11,0,4,1,1,0.74,0.6515,0.28,0.3881,42,123,165
3590,2011-06-03,2,0,6,11,0,5,1,1,0.64,0.6212,0.31,0.3284,57,135,192
3614,2011-06-04,2,0,6,11,0,6,0,1,0.66,0.6212,0.36,0.1343,120,249,369
3638,2011-06-05,2,0,6,11,0,0,0,2,0.64,0.6061,0.69,0.1045,121,214,335
3662,2011-06-06,2,0,6,11,0,1,1,1,0.74,0.6667,0.42,0.1343,39,72,111
3686,2011-06-07,2,0,6,11,0,2,1,2,0.76,0.697,0.52,0.2537,38,113,151
3710,2011-06-08,2,0,6,11,0,3,1,1,0.84,0.7576,0.41,0.194,28,106,134
3734,2011-06-09,2,0,6,11,0,4,1,1,0.9,0.8485,0.42,0.2239,36,82,118
3758,2011-06-10,2,0,6,11,0,5,1,1,0.82,0.7576,0.46,0,46,107,153
3782,2011-06-11,2,0,6,11,0,6,0,1,0.76,0.7121,0.62,0.1343,110,215,325
3806,2011-06-12,2,0,6,11,0,0,0,1,0.78,0.7273,0.55,0.1045,131,236,367
3830,2011-06-13,2,0,6,11,0,1,1,1,0.66,0.6212,0.41,0.2985,53,106,159
3854,2011-06-14,2,0,6,11,0,2,1,1,0.64,0.6212,0.41,0.2836,40,103,143
3878,2011-06-15,2,0,6,11,0,3,1,1,0.68,0.6364,0.36,0,49,115,164
3902,2011-06-16,2,0,6,11,0,4,1,2,0.68,0.6364,0.61,0.2985,33,117,150
3926,2011-06-17,2,0,6,11,0,5,1,1,0.68,0.6364,0.69,0.2537,43,138,181
3950,2011-06-18,2,0,6,11,0,6,0,1,0.72,0.6818,0.62,0.1343,134,270,404
3974,2011-06-19,2,0,6,11,0,0,0,2,0.72,0.6667,0.58,0.0896,141,236,377
3998,2011-06-20,2,0,6,11,0,1,1,2,0.6,0.5758,0.78,0.1045,27,67,94
4022,2011-06-21,3,0,6,11,0,2,1,1,0.66,0.6061,0.83,0.1642,52,119,171
4046,2011-06-22,3,0,6,11,0,3,1,1,0.74,0.697,0.7,0.1642,37,108,145
4070,2011-06-23,3,0,6,11,0,4,1,3,0.76,0.7273,0.66,0.2537,28,108,136
4094,2011-06-24,3,0,6,11,0,5,1,1,0.8,0.7121,0.38,0.3284,56,147,203
4118,2011-06-25,3,0,6,11,0,6,0,1,0.74,0.6667,0.42,0,122,209,331
4142,2011-06-26,3,0,6,11,0,0,0,1,0.72,0.6515,0.45,0.1343,127,219,346
4166,2011-06-27,3,0,6,11,0,1,1,2,0.7,0.6515,0.58,0,55,95,150
4190,2011-06-28,3,0,6,11,0,2,1,1,0.82,0.7576,0.46,0,49,118,167
4214,2011-06-29,3,0,6,11,0,3,1,1,0.76,0.6667,0.35,0.2239,53,117,170
4238,2011-06-30,3,0,6,11,0,4,1,1,0.74,0.6515,0.37,0.1343,47,122,169
4262,2011-07-01,3,0,7,11,0,5,1,1,0.8,0.697,0.26,0,68,146,214
4286,2011-07-02,3,0,7,11,0,6,0,1,0.8,0.7121,0.36,0.0896,144,213,357
4310,2011-07-03,3,0,7,11,0,0,0,1,0.76,0.7121,0.62,0.1045,215,175,390
4334,2011-07-04,3,0,7,11,1,1,0,2,0.76,0.697,0.55,0.0896,177,172,349
4358,2011-07-05,3,0,7,11,0,2,1,1,0.78,0.697,0.46,0.1045,75,97,172
4382,2011-07-06,3,0,7,11,0,3,1,2,0.72,0.697,0.74,0,24,103,127
4406,2011-07-07,3,0,7,11,0,4,1,1,0.82,0.7727,0.52,0.1343,30,112,142
4430,2011-07-08,3,0,7,11,0,5,1,2,0.74,0.7121,0.74,0.2537,61,104,165
4454,2011-07-09,3,0,7,11,0,6,0,1,0.78,0.697,0.46,0.2985,101,189,290
4478,2011-07-10,3,0,7,11,0,0,0,1,0.78,0.7273,0.55,0.194,110,177,287
4502,2011-07-11,3,0,7,11,0,1,1,1,0.82,0.7879,0.56,0.2985,39,89,128
4526,2011-07-12,3,0,7,11,0,2,1,1,0.82,0.7727,0.52,0.1642,39,86,125
4550,2011-07-13,3,0,7,11,0,3,1,1,0.84,0.7424,0.39,0.1642,55,110,165
4574,2011-07-14,3,0,7,11,0,4,1,1,0.72,0.6515,0.37,0.2239,38,110,148
4598,2011-07-15,3,0,7,11,0,5,1,1,0.7,0.6515,0.54,0.1343,73,137,210
4622,2011-07-16,3,0,7,11,0,6,0,1,0.74,0.6667,0.48,0.2239,171,225,396
4646,2011-07-17,3,0,7,11,0,0,0,1,0.76,0.697,0.55,0.2836,147,244,391
4670,2011-07-18,3,0,7,11,0,1,1,1,0.8,0.7576,0.55,0.0896,42,99,141
4694,2011-07-19,3,0,7,11,0,2,1,1,0.82,0.803,0.59,0,29,98,127
4718,2011-07-20,3,0,7,11,0,3,1,1,0.8,0.7879,0.63,0.0896,26,116,142
4742,2011-07-21,3,0,7,11,0,4,1,2,0.86,0.8939,0.63,0.2985,27,79,106
4766,2011-07-22,3,0,7,11,0,5,1,1,0.9,0.8939,0.5,0.1045,23,86,109
4790,2011-07-23,3,0,7,11,0,6,0,1,0.9,0.8182,0.37,0.194,62,154,216
4814,2011-07-24,3,0,7,11,0,0,0,1,0.84,0.803,0.53,0.2537,74,169,243
4838,2011-07-25,3,0,7,11,0,1,1,2,0.84,0.8333,0.59,0.194,24,83,107
4862,2011-07-26,3,0,7,11,0,2,1,1,0.82,0.7121,0.3,0,49,102,151
4886,2011-07-27,3,0,7,11,0,3,1,1,0.8,0.697,0.31,0,42,94,136
4910,2011-07-28,3,0,7,11,0,4,1,1,0.84,0.8182,0.56,0.2836,41,113,154
4934,2011-07-29,3,0,7,11,0,5,1,1,0.92,0.8788,0.4,0.2985,43,118,161
4958,2011-07-30,3,0,7,11,0,6,0,1,0.84,0.7424,0.36,0.194,111,206,317
4982,2011-07-31,3,0,7,11,0,0,0,1,0.86,0.7424,0.28,0.1642,112,163,275
5006,2011-08-01,3,0,8,11,0,1,1,1,0.88,0.7727,0.32,0.1642,53,66,119
5030,2011-08-02,3,0,8,11,0,2,1,1,0.84,0.7273,0.32,0.4179,32,96,128
5054,2011-08-03,3,0,8,11,0,3,1,2,0.74,0.6818,0.58,0.1045,29,93,122
5078,2011-08-04,3,0,8,11,0,4,1,2,0.74,0.697,0.66,0.2239,37,112,149
5102,2011-08-05,3,0,8,11,0,5,1,2,0.76,0.697,0.52,0.2537,44,103,147
5126,2011-08-06,3,0,8,11,0,6,0,1,0.78,0.7424,0.62,0.2239,138,211,349
5150,2011-08-07,3,0,8,11,0,0,0,1,0.82,0.8333,0.63,0,113,156,269
5174,2011-08-08,3,0,8,11,0,1,1,1,0.82,0.7424,0.48,0.3582,90,89,179
5198,2011-08-09,3,0,8,11,0,2,1,1,0.8,0.7727,0.59,0.2239,61,88,149
5222,2011-08-10,3,0,8,11,0,3,1,1,0.8,0.7121,0.41,0.3881,54,95,149
5246,2011-08-11,3,0,8,11,0,4,1,1,0.76,0.6667,0.35,0.2537,59,128,187
5270,2011-08-12,3,0,8,11,0,5,1,1,0.76,0.6667,0.29,0,48,108,156
5294,2011-08-13,3,0,8,11,0,6,0,2,0.74,0.697,0.7,0.194,122,192,314
5318,2011-08-14,3,0,8,11,0,0,0,1,0.7,0.6667,0.79,0.194,81,117,198
5342,2011-08-15,3,0,8,11,0,1,1,2,0.72,0.6818,0.62,0.2537,41,112,153
5366,2011-08-16,3,0,8,11,0,2,1,1,0.74,0.6667,0.51,0.2239,40,110,150
5390,2011-08-17,3,0,8,11,0,3,1,1,0.78,0.697,0.43,0.1045,20,108,128
5414,2011-08-18,3,0,8,11,0,4,1,1,0.76,0.7121,0.58,0.2537,44,97,141
5438,2011-08-19,3,0,8,11,0,5,1,2,0.72,0.6818,0.66,0.0896,45,120,165
5462,2011-08-20,3,0,8,11,0,6,0,1,0.72,0.6667,0.58,0,115,223,338
5486,2011-08-21,3,0,8,11,0,0,0,1,0.8,0.7879,0.63,0.2836,132,181,313
5510,2011-08-22,3,0,8,11,0,1,1,1,0.72,0.6515,0.34,0.3284,46,85,131
5534,2011-08-23,3,0,8,11,0,2,1,1,0.7,0.6364,0.34,0.1045,62,124,186
5558,2011-08-24,3,0,8,11,0,3,1,1,0.72,0.6667,0.54,0.2985,57,128,185
5582,2011-08-25,3,0,8,11,0,4,1,3,0.7,0.6667,0.79,0,39,112,151
5606,2011-08-26,3,0,8,11,0,5,1,2,0.76,0.7121,0.62,0,63,151,214
5630,2011-08-27,3,0,8,11,0,6,0,3,0.66,0.5909,0.89,0.4179,15,73,88
5641,2011-08-28,3,0,8,11,0,0,0,1,0.7,0.6515,0.58,0.3881,59,178,237
5665,2011-08-29,3,0,8,11,0,1,1,1,0.66,0.6212,0.47,0.1642,38,100,138
5689,2011-08-30,3,0,8,11,0,2,1,1,0.72,0.6515,0.37,0.194,60,115,175
5713,2011-08-31,3,0,8,11,0,3,1,1,0.72,0.6515,0.42,0.1343,28,143,171
5737,2011-09-01,3,0,9,11,0,4,1,1,0.72,0.6667,0.51,0.1343,51,141,192
5761,2011-09-02,3,0,9,11,0,5,1,2,0.66,0.6212,0.74,0.1045,51,141,192
5785,2011-09-03,3,0,9,11,0,6,0,3,0.66,0.6212,0.69,0.2836,66,128,194
5809,2011-09-04,3,0,9,11,0,0,0,1,0.74,0.697,0.7,0.1642,174,163,337
5833,2011-09-05,3,0,9,11,1,1,0,2,0.7,0.6667,0.74,0.1642,101,207,308
5856,2011-09-06,3,0,9,11,0,2,1,3,0.54,0.5152,0.83,0.3881,11,78,89
5880,2011-09-07,3,0,9,11,0,3,1,3,0.6,0.5152,0.94,0,1,9,10
5903,2011-09-08,3,0,9,11,0,4,1,2,0.64,0.5606,0.94,0.2239,16,82,98
5927,2011-09-09,3,0,9,11,0,5,1,2,0.62,0.5455,0.94,0,6,66,72
5951,2011-09-10,3,0,9,11,0,6,0,1,0.72,0.6818,0.62,0.2537,108,252,360
5975,2011-09-11,3,0,9,11,0,0,0,1,0.7,0.6515,0.65,0,144,258,402
5998,2011-09-12,3,0,9,11,0,1,1,1,0.7,0.6515,0.58,0.194,34,131,165
6022,2011-09-13,3,0,9,11,0,2,1,1,0.7,0.6515,0.61,0.1642,33,120,153
6046,2011-09-14,3,0,9,11,0,3,1,1,0.72,0.6818,0.66,0.1642,43,121,164
6070,2011-09-15,3,0,9,11,0,4,1,2,0.68,0.6364,0.65,0.1343,39,120,159
6094,2011-09-16,3,0,9,11,0,5,1,2,0.5,0.4848,0.51,0.1343,40,139,179
6118,2011-09-17,3,0,9,11,0,6,0,2,0.52,0.5,0.68,0.2239,119,248,367
6142,2011-09-18,3,0,9,11,0,0,0,1,0.52,0.5,0.68,0.2239,116,201,317
6166,2011-09-19,3,0,9,11,0,1,1,2,0.58,0.5455,0.64,0.1642,41,98,139
6190,2011-09-20,3,0,9,11,0,2,1,3,0.56,0.5303,0.88,0.1642,8,48,56
6214,2011-09-21,3,0,9,11,0,3,1,2,0.62,0.5758,0.83,0.1642,42,138,180
6238,2011-09-22,3,0,9,11,0,4,1,2,0.64,0.5758,0.89,0.194,23,142,165
6262,2011-09-23,4,0,9,11,0,5,1,3,0.62,0.5152,1,0.1045,1,20,21
6286,2011-09-24,4,0,9,11,0,6,0,2,0.62,0.5758,0.83,0.0896,118,268,386
6310,2011-09-25,4,0,9,11,0,0,0,2,0.66,0.6061,0.78,0.1343,131,230,361
6334,2011-09-26,4,0,9,11,0,1,1,1,0.68,0.6364,0.79,0.2239,43,116,159
6358,2011-09-27,4,0,9,11,0,2,1,2,0.66,0.5909,0.89,0.1045,26,97,123
6382,2011-09-28,4,0,9,11,0,3,1,2,0.66,0.6061,0.83,0.1045,24,127,151
6406,2011-09-29,4,0,9,11,0,4,1,1,0.62,0.6061,0.61,0.194,36,122,158
6430,2011-09-30,4,0,9,11,0,5,1,1,0.64,0.6212,0.57,0.0896,49,168,217
6454,2011-10-01,4,0,10,11,0,6,0,3,0.38,0.3939,0.82,0.3284,30,102,132
6478,2011-10-02,4,0,10,11,0,0,0,2,0.38,0.3939,0.66,0.2537,74,218,292
6502,2011-10-03,4,0,10,11,0,1,1,2,0.4,0.4091,0.71,0.2239,26,100,126
6526,2011-10-04,4,0,10,11,0,2,1,1,0.54,0.5152,0.64,0.2836,22,102,124
6550,2011-10-05,4,0,10,11,0,3,1,1,0.6,0.6212,0.46,0.2836,32,138,170
6574,2011-10-06,4,0,10,11,0,4,1,1,0.54,0.5152,0.49,0,29,115,144
6598,2011-10-07,4,0,10,11,0,5,1,1,0.56,0.5303,0.63,0,80,150,230
6622,2011-10-08,4,0,10,11,0,6,0,1,0.58,0.5455,0.56,0,176,221,397
6646,2011-10-09,4,0,10,11,0,0,0,1,0.62,0.6212,0.53,0.0896,189,234,423
6670,2011-10-10,4,0,10,11,1,1,0,1,0.62,0.6061,0.69,0.0896,139,183,322
6694,2011-10-11,4,0,10,11,0,2,1,2,0.6,0.5909,0.73,0.1642,31,92,123
6718,2011-10-12,4,0,10,11,0,3,1,3,0.54,0.5152,0.94,0.3284,18,102,120
6742,2011-10-13,4,0,10,11,0,4,1,2,0.62,0.5758,0.83,0,8,76,84
6766,2011-10-14,4,0,10,11,0,5,1,3,0.52,0.5,0.88,0.1642,11,76,87
6790,2011-10-15,4,0,10,11,0,6,0,1,0.56,0.5303,0.4,0.3881,153,221,374
6814,2011-10-16,4,0,10,11,0,0,0,1,0.56,0.5303,0.35,0.2836,159,218,377
6838,2011-10-17,4,0,10,11,0,1,1,1,0.56,0.5303,0.43,0,35,131,166
6862,2011-10-18,4,0,10,11,0,2,1,2,0.6,0.6212,0.49,0.1045,35,112,147
6885,2011-10-19,4,0,10,11,0,3,1,3,0.52,0.5,0.94,0.2537,33,116,149
6909,2011-10-20,4,0,10,11,0,4,1,1,0.48,0.4697,0.55,0.5224,30,99,129
6933,2011-10-21,4,0,10,11,0,5,1,1,0.5,0.4848,0.45,0.2239,39,135,174
6957,2011-10-22,4,0,10,11,0,6,0,2,0.44,0.4394,0.62,0.1045,110,172,282
6981,2011-10-23,4,0,10,11,0,0,0,1,0.46,0.4545,0.72,0.1642,131,202,333
7005,2011-10-24,4,0,10,11,0,1,1,2,0.5,0.4848,0.72,0.1642,59,109,168
7029,2011-10-25,4,0,10,11,0,2,1,1,0.52,0.5,0.48,0.2836,46,120,166
7053,2011-10-26,4,0,10,11,0,3,1,1,0.52,0.5,0.59,0.3284,23,132,155
7077,2011-10-27,4,0,10,11,0,4,1,3,0.5,0.4848,0.88,0.1343,8,44,52
7101,2011-10-28,4,0,10,11,0,5,1,1,0.36,0.3485,0.5,0.2239,40,128,168
7125,2011-10-29,4,0,10,11,0,6,0,3,0.26,0.2273,0.93,0.3881,1,26,27
7149,2011-10-30,4,0,10,11,0,0,0,1,0.36,0.3485,0.53,0.2239,58,182,240
7173,2011-10-31,4,0,10,11,0,1,1,1,0.4,0.4091,0.5,0.1343,31,97,128
7197,2011-11-01,4,0,11,11,0,2,1,1,0.46,0.4545,0.63,0.1045,16,101,117
7221,2011-11-02,4,0,11,11,0,3,1,1,0.42,0.4242,0.71,0.1343,27,117,144
7245,2011-11-03,4,0,11,11,0,4,1,1,0.44,0.4394,0.67,0.194,12,108,120
7269,2011-11-04,4,0,11,11,0,5,1,2,0.44,0.4394,0.67,0.4478,34,128,162
7293,2011-11-05,4,0,11,11,0,6,0,1,0.36,0.3636,0.46,0.1045,69,169,238
7317,2011-11-06,4,0,11,11,0,0,0,1,0.42,0.4242,0.58,0.0896,104,216,320
7341,2011-11-07,4,0,11,11,0,1,1,1,0.42,0.4242,0.77,0.1045,28,100,128
7365,2011-11-08,4,0,11,11,0,2,1,1,0.46,0.4545,0.63,0.1343,21,126,147
7389,2011-11-09,4,0,11,11,0,3,1,1,0.46,0.4545,0.67,0.1642,21,131,152
7413,2011-11-10,4,0,11,11,0,4,1,2,0.46,0.4545,0.67,0.3881,9,99,108
7437,2011-11-11,4,0,11,11,1,5,0,1,0.34,0.2879,0.42,0.4925,20,150,170
7461,2011-11-12,4,0,11,11,0,6,0,1,0.38,0.3939,0.54,0.2836,102,213,315
7485,2011-11-13,4,0,11,11,0,0,0,1,0.46,0.4545,0.4,0.4179,108,187,295
7509,2011-11-14,4,0,11,11,0,1,1,2,0.54,0.5152,0.6,0.2836,22,106,128
7533,2011-11-15,4,0,11,11,0,2,1,2,0.56,0.5303,0.64,0.194,18,116,134
7557,2011-11-16,4,0,11,11,0,3,1,3,0.46,0.4545,0.94,0.0896,7,53,60
7581,2011-11-17,4,0,11,11,0,4,1,3,0.32,0.303,0.66,0.3284,4,93,97
7605,2011-11-18,4,0,11,11,0,5,1,1,0.3,0.303,0.36,0.1343,18,122,140
7629,2011-11-19,4,0,11,11,0,6,0,1,0.36,0.3788,0.4,0,50,183,233
7653,2011-11-20,4,0,11,11,0,0,0,2,0.5,0.4848,0.63,0.1045,74,212,286
7677,2011-11-21,4,0,11,11,0,1,1,2,0.52,0.5,0.83,0.1045,16,112,128
7701,2011-11-22,4,0,11,11,0,2,1,3,0.4,0.4091,0.94,0.1343,4,28,32
7725,2011-11-23,4,0,11,11,0,3,1,2,0.5,0.4848,0.72,0.4179,9,107,116
7749,2011-11-24,4,0,11,11,1,4,0,1,0.42,0.4242,0.41,0.2985,52,90,142
7773,2011-11-25,4,0,11,11,0,5,1,1,0.4,0.4091,0.66,0.1045,99,127,226
7797,2011-11-26,4,0,11,11,0,6,0,1,0.4,0.4091,0.62,0.1045,107,123,230
7821,2011-11-27,4,0,11,11,0,0,0,1,0.5,0.4848,0.63,0.3582,83,157,240
7844,2011-11-28,4,0,11,11,0,1,1,2,0.52,0.5,0.68,0.1045,11,107,118
7868,2011-11-29,4,0,11,11,0,2,1,3,0.5,0.4848,0.88,0.2985,1,10,11
7892,2011-11-30,4,0,11,11,0,3,1,1,0.38,0.3939,0.54,0.2985,10,112,122
7916,2011-12-01,4,0,12,11,0,4,1,1,0.34,0.3182,0.49,0.2537,7,95,102
7940,2011-12-02,4,0,12,11,0,5,1,1,0.34,0.3333,0.66,0.1642,18,142,160
7964,2011-12-03,4,0,12,11,0,6,0,1,0.32,0.3333,0.57,0.0896,48,227,275
7988,2011-12-04,4,0,12,11,0,0,0,1,0.34,0.3333,0.81,0.1642,48,206,254
8012,2011-12-05,4,0,12,11,0,1,1,2,0.36,0.3636,0.87,0.0896,17,106,123
8036,2011-12-06,4,0,12,11,0,2,1,3,0.46,0.4545,0.94,0.2537,4,28,32
8060,2011-12-07,4,0,12,11,0,3,1,3,0.44,0.4394,1,0.0896,3,47,50
8084,2011-12-08,4,0,12,11,0,4,1,1,0.28,0.2727,0.52,0.2537,6,100,106
8108,2011-12-09,4,0,12,11,0,5,1,1,0.32,0.303,0.7,0.2537,15,121,136
8132,2011-12-10,4,0,12,11,0,6,0,1,0.32,0.2879,0.53,0.4179,44,192,236
8156,2011-12-11,4,0,12,11,0,0,0,1,0.26,0.303,0.35,0,31,166,197
8180,2011-12-12,4,0,12,11,0,1,1,2,0.26,0.2879,0.6,0.0896,15,100,115
8204,2011-12-13,4,0,12,11,0,2,1,1,0.34,0.3182,0.46,0.2537,9,115,124
8228,2011-12-14,4,0,12,11,0,3,1,2,0.34,0.3636,0.55,0,12,103,115
8252,2011-12-15,4,0,12,11,0,4,1,2,0.4,0.4091,0.62,0.4179,9,126,135
8276,2011-12-16,4,0,12,11,0,5,1,2,0.34,0.303,0.42,0.2985,9,135,144
8300,2011-12-17,4,0,12,11,0,6,0,2,0.28,0.2576,0.45,0.3284,21,188,209
8324,2011-12-18,4,0,12,11,0,0,0,2,0.24,0.2273,0.6,0.2239,20,168,188
8348,2011-12-19,4,0,12,11,0,1,1,1,0.26,0.2424,0.65,0.2537,22,105,127
8372,2011-12-20,4,0,12,11,0,2,1,2,0.4,0.4091,0.62,0.1642,13,116,129
8396,2011-12-21,1,0,12,11,0,3,1,2,0.48,0.4697,0.82,0.4179,3,53,56
8420,2011-12-22,1,0,12,11,0,4,1,2,0.44,0.4394,0.77,0,10,135,145
8444,2011-12-23,1,0,12,11,0,5,1,1,0.4,0.4091,0.58,0.4478,26,148,174
8468,2011-12-24,1,0,12,11,0,6,0,1,0.32,0.2879,0.39,0.3582,9,62,71
8491,2011-12-25,1,0,12,11,0,0,0,1,0.3,0.303,0.7,0.1642,43,42,85
8514,2011-12-26,1,0,12,11,1,1,0,1,0.34,0.2879,0.46,0.5821,40,51,91
8538,2011-12-27,1,0,12,11,0,2,1,3,0.32,0.3333,0.66,0.1045,6,24,30
8561,2011-12-28,1,0,12,11,0,3,1,1,0.36,0.3333,0.46,0.3582,18,93,111
8585,2011-12-29,1,0,12,11,0,4,1,2,0.24,0.2576,0.6,0.0896,23,99,122
8609,2011-12-30,1,0,12,11,0,5,1,1,0.32,0.3182,0.66,0.194,45,126,171
8633,2011-12-31,1,0,12,11,0,6,0,1,0.42,0.4242,0.71,0.1642,65,152,217
8657,2012-01-01,1,1,1,11,0,0,0,1,0.34,0.3333,0.76,0.1343,40,98,138
8680,2012-01-02,1,1,1,11,1,1,0,1,0.26,0.2121,0.35,0.4925,33,142,175
8704,2012-01-03,1,1,1,11,0,2,1,1,0.18,0.1364,0.37,0.5224,12,63,75
8728,2012-01-04,1,1,1,11,0,3,1,2,0.08,0.1212,0.42,0.0896,6,40,46
8752,2012-01-05,1,1,1,11,0,4,1,1,0.3,0.3333,0.49,0,6,78,84
8776,2012-01-06,1,1,1,11,0,5,1,1,0.3,0.303,0.56,0.1642,8,130,138
8800,2012-01-07,1,1,1,11,0,6,0,1,0.34,0.3182,0.57,0.2239,74,250,324
8824,2012-01-08,1,1,1,11,0,0,0,1,0.36,0.3485,0.46,0.2239,55,201,256
8848,2012-01-09,1,1,1,11,0,1,1,2,0.26,0.2879,0.56,0.0896,6,82,88
8871,2012-01-10,1,1,1,11,0,2,1,1,0.42,0.4242,0.38,0.2985,8,93,101
8895,2012-01-11,1,1,1,11,0,3,1,2,0.26,0.2879,0.87,0.0896,9,90,99
8919,2012-01-12,1,1,1,11,0,4,1,2,0.34,0.3485,0.81,0.1045,18,101,119
8943,2012-01-13,1,1,1,11,0,5,1,1,0.24,0.1818,0.38,0.6119,12,102,114
8967,2012-01-14,1,1,1,11,0,6,0,1,0.2,0.197,0.4,0.194,28,150,178
8991,2012-01-15,1,1,1,11,0,0,0,1,0.16,0.1515,0.47,0.2239,21,144,165
9015,2012-01-16,1,1,1,11,1,1,0,1,0.16,0.1515,0.59,0.2537,21,158,179
9038,2012-01-17,1,1,1,11,0,2,1,2,0.34,0.3485,0.87,0.1045,2,73,75
9062,2012-01-18,1,1,1,11,0,3,1,1,0.3,0.2727,0.42,0.3881,4,110,114
9086,2012-01-19,1,1,1,11,0,4,1,1,0.16,0.1667,0.55,0.1642,6,93,99
9110,2012-01-20,1,1,1,11,0,5,1,2,0.2,0.1818,0.32,0.3582,6,117,123
9134,2012-01-21,1,1,1,11,0,6,0,2,0.18,0.2121,0.86,0.1045,1,62,63
9158,2012-01-22,1,1,1,11,0,0,0,3,0.16,0.1515,0.8,0.2537,18,115,133
9182,2012-01-23,1,1,1,11,0,1,1,2,0.2,0.2273,0.93,0.0896,5,57,62
9206,2012-01-24,1,1,1,11,0,2,1,1,0.34,0.3333,0.87,0.1343,30,123,153
9230,2012-01-25,1,1,1,11,0,3,1,2,0.3,0.2727,0.61,0.2985,52,105,157
9254,2012-01-26,1,1,1,11,0,4,1,2,0.3,0.3182,0.87,0.1045,11,100,111
9278,2012-01-27,1,1,1,11,0,5,1,2,0.48,0.4697,0.94,0.1343,10,95,105
9302,2012-01-28,1,1,1,11,0,6,0,1,0.3,0.303,0.56,0.1343,55,241,296
9326,2012-01-29,1,1,1,11,0,0,0,1,0.28,0.2727,0.28,0.2239,57,198,255
9350,2012-01-30,1,1,1,11,0,1,1,1,0.26,0.2576,0.38,0,6,93,99
9374,2012-01-31,1,1,1,11,0,2,1,1,0.4,0.4091,0.37,0.2836,14,125,139
9398,2012-02-01,1,1,2,11,0,3,1,1,0.4,0.4091,0.58,0.1642,27,116,143
9422,2012-02-02,1,1,2,11,0,4,1,3,0.4,0.4091,0.82,0.2537,6,99,105
9446,2012-02-03,1,1,2,11,0,5,1,1,0.32,0.303,0.53,0.2985,15,149,164
9470,2012-02-04,1,1,2,11,0,6,0,1,0.3,0.3333,0.7,0,46,224,270
9494,2012-02-05,1,1,2,11,0,0,0,2,0.26,0.2576,0.7,0.194,22,160,182
9517,2012-02-06,1,1,2,11,0,1,1,1,0.26,0.2727,0.7,0.1343,12,104,116
9541,2012-02-07,1,1,2,11,0,2,1,1,0.36,0.3485,0.46,0.194,9,120,129
9565,2012-02-08,1,1,2,11,0,3,1,2,0.26,0.2576,0.65,0.2239,5,97,102
9589,2012-02-09,1,1,2,11,0,4,1,1,0.24,0.2273,0.52,0.2239,4,95,99
9613,2012-02-10,1,1,2,11,0,5,1,2,0.28,0.2879,0.45,0.1045,19,134,153
9637,2012-02-11,1,1,2,11,0,6,0,2,0.24,0.2576,0.81,0.1045,26,157,183
9661,2012-02-12,1,1,2,11,0,0,0,1,0.12,0.1061,0.42,0.2985,3,121,124
9685,2012-02-13,1,1,2,11,0,1,1,1,0.22,0.2273,0.37,0.194,5,85,90
9709,2012-02-14,1,1,2,11,0,2,1,2,0.3,0.303,0.45,0.1642,5,107,112
9733,2012-02-15,1,1,2,11,0,3,1,1,0.36,0.3333,0.53,0.2836,13,125,138
9757,2012-02-16,1,1,2,11,0,4,1,3,0.32,0.3333,0.7,0.1045,2,69,71
9781,2012-02-17,1,1,2,11,0,5,1,1,0.36,0.3333,0.62,0.4179,9,133,142
9805,2012-02-18,1,1,2,11,0,6,0,1,0.32,0.3333,0.57,0.1343,102,184,286
9829,2012-02-19,1,1,2,11,0,0,0,2,0.26,0.2273,0.56,0.3284,82,144,226
9852,2012-02-20,1,1,2,11,1,1,0,1,0.26,0.2273,0.48,0.3582,45,163,208
9875,2012-02-21,1,1,2,11,0,2,1,2,0.26,0.2424,0.7,0.2836,5,81,86
9899,2012-02-22,1,1,2,11,0,3,1,1,0.36,0.3485,0.66,0.1642,22,149,171
9923,2012-02-23,1,1,2,11,0,4,1,1,0.48,0.4697,0.48,0.2836,54,128,182
9947,2012-02-24,1,1,2,11,0,5,1,2,0.36,0.3636,0.81,0.1045,27,136,163
9971,2012-02-25,1,1,2,11,0,6,0,1,0.3,0.2576,0.39,0.6119,23,187,210
9995,2012-02-26,1,1,2,11,0,0,0,1,0.28,0.2576,0.41,0.2836,43,184,227
10019,2012-02-27,1,1,2,11,0,1,1,1,0.36,0.3333,0.43,0.2537,11,92,103
10043,2012-02-28,1,1,2,11,0,2,1,1,0.34,0.3182,0.36,0.2537,8,155,163
10066,2012-02-29,1,1,2,11,0,3,1,3,0.3,0.2879,0.87,0.194,1,9,10
10090,2012-03-01,1,1,3,11,0,4,1,1,0.56,0.5303,0.43,0.194,19,149,168
10114,2012-03-02,1,1,3,11,0,5,1,1,0.38,0.3939,0.46,0.194,40,154,194
10138,2012-03-03,1,1,3,11,0,6,0,2,0.4,0.4091,0.87,0.0896,33,181,214
10162,2012-03-04,1,1,3,11,0,0,0,1,0.32,0.2879,0.45,0.3881,64,192,256
10186,2012-03-05,1,1,3,11,0,1,1,2,0.26,0.2727,0.56,0.1343,17,86,103
10210,2012-03-06,1,1,3,11,0,2,1,1,0.26,0.2576,0.41,0.1642,20,110,130
10234,2012-03-07,1,1,3,11,0,3,1,1,0.42,0.4242,0.38,0.2985,33,128,161
10258,2012-03-08,1,1,3,11,0,4,1,2,0.54,0.5152,0.6,0.4627,48,156,204
10282,2012-03-09,1,1,3,11,0,5,1,2,0.36,0.3333,0.34,0.3582,17,170,187
10306,2012-03-10,1,1,3,11,0,6,0,1,0.3,0.2727,0.33,0.3284,56,218,274
10329,2012-03-11,1,1,3,11,0,0,0,1,0.36,0.3333,0.43,0.2836,90,209,299
10353,2012-03-12,1,1,3,11,0,1,1,1,0.44,0.4394,0.44,0.2239,39,111,150
10377,2012-03-13,1,1,3,11,0,2,1,1,0.54,0.5152,0.73,0.2836,64,155,219
10401,2012-03-14,1,1,3,11,0,3,1,2,0.62,0.6212,0.41,0.1642,65,155,220
10425,2012-03-15,1,1,3,11,0,4,1,1,0.56,0.5303,0.6,0.1343,60,151,211
10449,2012-03-16,1,1,3,11,0,5,1,2,0.44,0.4394,0.77,0,40,167,207
10473,2012-03-17,1,1,3,11,0,6,0,2,0.52,0.5,0.77,0.1343,226,359,585
10497,2012-03-18,1,1,3,11,0,0,0,2,0.44,0.4394,0.82,0.1642,129,239,368
10521,2012-03-19,1,1,3,11,0,1,1,1,0.56,0.5303,0.68,0.1642,56,145,201
10545,2012-03-20,1,1,3,11,0,2,1,1,0.58,0.5455,0.83,0.1343,74,156,230
10569,2012-03-21,2,1,3,11,0,3,1,2,0.52,0.5,0.83,0.1642,38,154,192
10593,2012-03-22,2,1,3,11,0,4,1,2,0.52,0.5,0.94,0,53,166,219
10617,2012-03-23,2,1,3,11,0,5,1,2,0.62,0.5909,0.73,0.1045,131,187,318
10641,2012-03-24,2,1,3,11,0,6,0,2,0.5,0.4848,0.94,0.194,98,175,273
10665,2012-03-25,2,1,3,11,0,0,0,2,0.4,0.4091,0.94,0.2537,106,217,323
10689,2012-03-26,2,1,3,11,0,1,1,1,0.48,0.4697,0.31,0.5821,47,131,178
10713,2012-03-27,2,1,3,11,0,2,1,1,0.3,0.303,0.31,0.1642,34,141,175
10737,2012-03-28,2,1,3,11,0,3,1,1,0.5,0.4848,0.42,0.3881,54,168,222
10761,2012-03-29,2,1,3,11,0,4,1,1,0.5,0.4848,0.45,0.4179,54,166,220
10785,2012-03-30,2,1,3,11,0,5,1,2,0.36,0.3788,0.53,0,48,153,201
10809,2012-03-31,2,1,3,11,0,6,0,1,0.46,0.4545,0.72,0.1343,184,279,463
10833,2012-04-01,2,1,4,11,0,0,0,2,0.4,0.4091,0.71,0.194,180,271,451
10856,2012-04-02,2,1,4,11,0,1,1,1,0.42,0.4242,0.47,0.4478,81,128,209
10880,2012-04-03,2,1,4,11,0,2,1,1,0.48,0.4697,0.23,0,91,167,258
10904,2012-04-04,2,1,4,11,0,3,1,2,0.6,0.6212,0.43,0.3582,61,152,213
10928,2012-04-05,2,1,4,11,0,4,1,2,0.42,0.4242,0.38,0.2239,109,159,268
10952,2012-04-06,2,1,4,11,0,5,1,1,0.4,0.4091,0.37,0.2985,112,179,291
10976,2012-04-07,2,1,4,11,0,6,0,1,0.44,0.4394,0.24,0.2985,251,244,495
11000,2012-04-08,2,1,4,11,0,0,0,1,0.5,0.4848,0.25,0.2836,195,209,404
11024,2012-04-09,2,1,4,11,0,1,1,1,0.52,0.5,0.27,0.4179,96,127,223
11048,2012-04-10,2,1,4,11,0,2,1,1,0.5,0.4848,0.36,0,78,161,239
11071,2012-04-11,2,1,4,11,0,3,1,2,0.38,0.3939,0.43,0.3284,38,142,180
11095,2012-04-12,2,1,4,11,0,4,1,1,0.42,0.4242,0.47,0.2985,50,174,224
11119,2012-04-13,2,1,4,11,0,5,1,1,0.46,0.4545,0.36,0.1343,75,158,233
11143,2012-04-14,2,1,4,11,0,6,0,1,0.52,0.5,0.45,0.194,207,357,564
11167,2012-04-15,2,1,4,11,0,0,0,1,0.62,0.6212,0.46,0.2985,227,301,528
11191,2012-04-16,2,1,4,11,1,1,0,1,0.64,0.6061,0.65,0.2537,115,136,251
11215,2012-04-17,2,1,4,11,0,2,1,1,0.6,0.6212,0.33,0.4179,65,174,239
11239,2012-04-18,2,1,4,11,0,3,1,3,0.46,0.4545,0.47,0.2537,14,105,119
11263,2012-04-19,2,1,4,11,0,4,1,1,0.52,0.5,0.48,0,46,183,229
11287,2012-04-20,2,1,4,11,0,5,1,1,0.54,0.5152,0.68,0.1642,64,190,254
11311,2012-04-21,2,1,4,11,0,6,0,1,0.62,0.6061,0.61,0.3284,260,348,608
11335,2012-04-22,2,1,4,11,0,0,0,3,0.38,0.3939,0.87,0.2985,7,70,77
11359,2012-04-23,2,1,4,11,0,1,1,2,0.32,0.2879,0.7,0.3582,10,91,101
11383,2012-04-24,2,1,4,11,0,2,1,1,0.46,0.4545,0.31,0.3881,27,157,184
11407,2012-04-25,2,1,4,11,0,3,1,1,0.52,0.5,0.32,0.1343,42,177,219
11431,2012-04-26,2,1,4,11,0,4,1,2,0.46,0.4545,0.94,0.2239,16,135,151
11455,2012-04-27,2,1,4,11,0,5,1,1,0.44,0.4394,0.38,0.3284,47,186,233
11479,2012-04-28,2,1,4,11,0,6,0,2,0.38,0.3939,0.4,0.1045,96,262,358
11503,2012-04-29,2,1,4,11,0,0,0,1,0.46,0.4545,0.51,0,128,283,411
11527,2012-04-30,2,1,4,11,0,1,1,2,0.44,0.4394,0.44,0.1045,52,111,163
11551,2012-05-01,2,1,5,11,0,2,1,2,0.66,0.6212,0.65,0.2836,50,179,229
11575,2012-05-02,2,1,5,11,0,3,1,2,0.58,0.5455,0.81,0.1343,39,145,184
11599,2012-05-03,2,1,5,11,0,4,1,1,0.54,0.5152,0.77,0,34,167,201
11623,2012-05-04,2,1,5,11,0,5,1,2,0.7,0.6515,0.61,0,77,181,258
11647,2012-05-05,2,1,5,11,0,6,0,1,0.7,0.6515,0.58,0.0896,221,354,575
11671,2012-05-06,2,1,5,11,0,0,0,1,0.56,0.5303,0.73,0.1045,144,270,414
11695,2012-05-07,2,1,5,11,0,1,1,2,0.54,0.5152,0.73,0.194,64,149,213
11719,2012-05-08,2,1,5,11,0,2,1,2,0.6,0.6061,0.64,0.3881,60,157,217
11743,2012-05-09,2,1,5,11,0,3,1,2,0.62,0.6212,0.59,0.2985,45,156,201
11767,2012-05-10,2,1,5,11,0,4,1,1,0.52,0.5,0.48,0.5224,77,179,256
11791,2012-05-11,2,1,5,11,0,5,1,1,0.56,0.5303,0.35,0.2537,88,203,291
11815,2012-05-12,2,1,5,11,0,6,0,1,0.62,0.6212,0.41,0.0896,157,365,522
11839,2012-05-13,2,1,5,11,0,0,0,1,0.62,0.6212,0.57,0.2537,150,278,428
11863,2012-05-14,2,1,5,11,0,1,1,2,0.56,0.5303,0.83,0.2239,12,67,79
11887,2012-05-15,2,1,5,11,0,2,1,1,0.64,0.5909,0.78,0.194,38,186,224
11911,2012-05-16,2,1,5,11,0,3,1,1,0.7,0.6515,0.54,0.1343,55,212,267
11935,2012-05-17,2,1,5,11,0,4,1,1,0.58,0.5455,0.49,0.2239,77,202,279
11959,2012-05-18,2,1,5,11,0,5,1,1,0.62,0.6212,0.43,0,109,225,334
11983,2012-05-19,2,1,5,11,0,6,0,1,0.62,0.6212,0.38,0.0896,235,351,586
12007,2012-05-20,2,1,5,11,0,0,0,1,0.66,0.6212,0.36,0.3284,258,323,581
12031,2012-05-21,2,1,5,11,0,1,1,2,0.6,0.5606,0.83,0.1642,24,82,106
12055,2012-05-22,2,1,5,11,0,2,1,2,0.6,0.5758,0.78,0,39,150,189
12079,2012-05-23,2,1,5,11,0,3,1,1,0.64,0.6061,0.73,0,46,151,197
12103,2012-05-24,2,1,5,11,0,4,1,1,0.66,0.6212,0.65,0.1343,61,160,221
12127,2012-05-25,2,1,5,11,0,5,1,1,0.68,0.6364,0.79,0.1343,90,193,283
12151,2012-05-26,2,1,5,11,0,6,0,1,0.7,0.6667,0.74,0.194,208,312,520
12175,2012-05-27,2,1,5,11,0,0,0,1,0.72,0.6818,0.66,0.2239,268,251,519
12199,2012-05-28,2,1,5,11,1,1,0,1,0.72,0.6818,0.66,0.1343,254,222,476
12223,2012-05-29,2,1,5,11,0,2,1,1,0.76,0.7121,0.62,0.2985,50,147,197
12247,2012-05-30,2,1,5,11,0,3,1,2,0.66,0.6212,0.65,0.194,53,155,208
12271,2012-05-31,2,1,5,11,0,4,1,1,0.72,0.6515,0.37,0.2836,65,153,218
12295,2012-06-01,2,1,6,11,0,5,1,2,0.7,0.6667,0.74,0.2836,42,193,235
12319,2012-06-02,2,1,6,11,0,6,0,1,0.58,0.5455,0.46,0.2836,179,357,536
12343,2012-06-03,2,1,6,11,0,0,0,1,0.64,0.6212,0.41,0.2537,199,312,511
12367,2012-06-04,2,1,6,11,0,1,1,1,0.64,0.6212,0.38,0.4925,71,168,239
12391,2012-06-05,2,1,6,11,0,2,1,2,0.56,0.5303,0.56,0.194,65,162,227
12415,2012-06-06,2,1,6,11,0,3,1,1,0.62,0.6212,0.43,0.0896,65,161,226
12439,2012-06-07,2,1,6,11,0,4,1,1,0.66,0.6212,0.47,0.2239,67,170,237
12463,2012-06-08,2,1,6,11,0,5,1,1,0.7,0.6364,0.42,0.2537,65,199,264
12487,2012-06-09,2,1,6,11,0,6,0,1,0.76,0.6667,0.35,0,218,351,569
12511,2012-06-10,2,1,6,11,0,0,0,1,0.76,0.6818,0.45,0.0896,184,315,499
12535,2012-06-11,2,1,6,11,0,1,1,2,0.76,0.6818,0.48,0.2239,59,143,202
12559,2012-06-12,2,1,6,11,0,2,1,3,0.66,0.6061,0.83,0.3582,8,57,65
12583,2012-06-13,2,1,6,11,0,3,1,2,0.66,0.6212,0.54,0.4478,64,182,246
12607,2012-06-14,2,1,6,11,0,4,1,1,0.66,0.6212,0.57,0.2537,60,168,228
12631,2012-06-15,2,1,6,11,0,5,1,1,0.66,0.6212,0.5,0.194,106,180,286
12655,2012-06-16,2,1,6,11,0,6,0,1,0.66,0.6212,0.39,0.1642,213,353,566
12679,2012-06-17,2,1,6,11,0,0,0,1,0.62,0.6212,0.57,0.1045,196,350,546
12703,2012-06-18,2,1,6,11,0,1,1,2,0.54,0.5152,0.88,0.1642,25,96,121
12727,2012-06-19,2,1,6,11,0,2,1,1,0.66,0.6212,0.69,0.1343,56,174,230
12751,2012-06-20,2,1,6,11,0,3,1,1,0.84,0.7879,0.49,0.194,54,134,188
12775,2012-06-21,3,1,6,11,0,4,1,1,0.86,0.7879,0.41,0.1343,40,121,161
12799,2012-06-22,3,1,6,11,0,5,1,1,0.8,0.7424,0.49,0.1642,76,160,236
12823,2012-06-23,3,1,6,11,0,6,0,1,0.76,0.6818,0.48,0.2239,167,349,516
12847,2012-06-24,3,1,6,11,0,0,0,1,0.76,0.6818,0.4,0.1343,215,291,506
12871,2012-06-25,3,1,6,11,0,1,1,1,0.8,0.7273,0.43,0.3284,54,127,181
12895,2012-06-26,3,1,6,11,0,2,1,1,0.64,0.6212,0.36,0.4179,46,189,235
12919,2012-06-27,3,1,6,11,0,3,1,1,0.74,0.6515,0.3,0.3284,64,145,209
12943,2012-06-28,3,1,6,11,0,4,1,1,0.8,0.697,0.31,0.194,41,170,211
12967,2012-06-29,3,1,6,11,0,5,1,2,0.9,0.8485,0.42,0.2836,51,137,188
12991,2012-06-30,3,1,6,11,0,6,0,1,0.88,0.7727,0.3,0.2537,102,350,452
13015,2012-07-01,3,1,7,11,0,0,0,1,0.88,0.803,0.39,0.2239,121,256,377
13039,2012-07-02,3,1,7,11,0,1,1,1,0.84,0.7273,0.28,0.2985,67,134,201
13063,2012-07-03,3,1,7,11,0,2,1,1,0.86,0.7576,0.34,0.194,66,151,217
13087,2012-07-04,3,1,7,11,1,3,0,1,0.82,0.7576,0.46,0.1343,164,321,485
13111,2012-07-05,3,1,7,11,0,4,1,1,0.9,0.8182,0.35,0.2985,107,137,244
13135,2012-07-06,3,1,7,11,0,5,1,1,0.84,0.7273,0.32,0.0896,92,141,233
13159,2012-07-07,3,1,7,11,0,6,0,1,0.94,0.8788,0.38,0.194,122,245,367
13183,2012-07-08,3,1,7,11,0,0,0,1,0.92,0.8939,0.42,0.2985,120,269,389
13207,2012-07-09,3,1,7,11,0,1,1,2,0.72,0.6818,0.62,0.1343,72,144,216
13231,2012-07-10,3,1,7,11,0,2,1,1,0.8,0.7273,0.46,0.194,92,157,249
13255,2012-07-11,3,1,7,11,0,3,1,2,0.76,0.7121,0.58,0.1343,56,173,229
13279,2012-07-12,3,1,7,11,0,4,1,1,0.76,0.6818,0.45,0.1045,49,166,215
13303,2012-07-13,3,1,7,11,0,5,1,2,0.76,0.6818,0.45,0.1343,68,220,288
13327,2012-07-14,3,1,7,11,0,6,0,2,0.72,0.6818,0.7,0.1045,143,296,439
13351,2012-07-15,3,1,7,11,0,0,0,1,0.82,0.7727,0.52,0.1642,170,281,451
13375,2012-07-16,3,1,7,11,0,1,1,1,0.84,0.803,0.53,0.2239,57,125,182
13399,2012-07-17,3,1,7,11,0,2,1,2,0.86,0.803,0.47,0,60,146,206
13423,2012-07-18,3,1,7,11,0,3,1,1,0.9,0.8485,0.42,0,47,136,183
13447,2012-07-19,3,1,7,11,0,4,1,1,0.8,0.7576,0.55,0.1045,54,162,216
13471,2012-07-20,3,1,7,11,0,5,1,3,0.72,0.697,0.74,0.194,51,161,212
13495,2012-07-21,3,1,7,11,0,6,0,2,0.6,0.5606,0.83,0.2537,80,225,305
13519,2012-07-22,3,1,7,11,0,0,0,2,0.66,0.6212,0.74,0,191,314,505
13543,2012-07-23,3,1,7,11,0,1,1,2,0.8,0.7424,0.52,0.1642,69,129,198
13567,2012-07-24,3,1,7,11,0,2,1,2,0.84,0.803,0.53,0.3284,45,156,201
13591,2012-07-25,3,1,7,11,0,3,1,1,0.76,0.6667,0.33,0,79,202,281
13615,2012-07-26,3,1,7,11,0,4,1,1,0.8,0.803,0.66,0.2239,69,143,212
13639,2012-07-27,3,1,7,11,0,5,1,1,0.84,0.7727,0.47,0.3284,67,184,251
13663,2012-07-28,3,1,7,11,0,6,0,1,0.84,0.7424,0.39,0.2239,162,295,457
13687,2012-07-29,3,1,7,11,0,0,0,1,0.76,0.697,0.55,0.2239,183,326,509
13711,2012-07-30,3,1,7,11,0,1,1,2,0.78,0.7273,0.55,0.1343,69,146,215
13735,2012-07-31,3,1,7,11,0,2,1,1,0.76,0.7121,0.58,0,54,170,224
13759,2012-08-01,3,1,8,11,0,3,1,1,0.76,0.7121,0.58,0.0896,54,180,234
13783,2012-08-02,3,1,8,11,0,4,1,1,0.82,0.7727,0.52,0.1045,59,167,226
13807,2012-08-03,3,1,8,11,0,5,1,2,0.84,0.7879,0.49,0.2836,77,186,263
13831,2012-08-04,3,1,8,11,0,6,0,1,0.86,0.803,0.47,0.2537,155,315,470
13855,2012-08-05,3,1,8,11,0,0,0,1,0.82,0.7879,0.56,0.4179,155,282,437
13879,2012-08-06,3,1,8,11,0,1,1,1,0.76,0.7273,0.66,0.1343,108,152,260
13903,2012-08-07,3,1,8,11,0,2,1,2,0.76,0.7273,0.66,0.0896,84,130,214
13927,2012-08-08,3,1,8,11,0,3,1,2,0.8,0.7424,0.52,0,80,159,239
13951,2012-08-09,3,1,8,11,0,4,1,1,0.84,0.7576,0.44,0,94,166,260
13975,2012-08-10,3,1,8,11,0,5,1,3,0.68,0.6364,0.79,0.1343,73,178,251
13999,2012-08-11,3,1,8,11,0,6,0,1,0.74,0.697,0.66,0.1642,203,296,499
14023,2012-08-12,3,1,8,11,0,0,0,1,0.74,0.6667,0.42,0.1642,167,282,449
14047,2012-08-13,3,1,8,11,0,1,1,1,0.76,0.6818,0.4,0.0896,94,151,245
14071,2012-08-14,3,1,8,11,0,2,1,1,0.74,0.6818,0.62,0,69,127,196
14095,2012-08-15,3,1,8,11,0,3,1,2,0.74,0.6818,0.58,0.194,80,155,235
14119,2012-08-16,3,1,8,11,0,4,1,1,0.76,0.6667,0.37,0.0896,83,191,274
14143,2012-08-17,3,1,8,11,0,5,1,1,0.76,0.2424,0.52,0.2836,98,205,303
14167,2012-08-18,3,1,8,11,0,6,0,1,0.72,0.6667,0.51,0,180,356,536
14191,2012-08-19,3,1,8,11,0,0,0,3,0.64,0.5909,0.78,0.1642,83,189,272
14215,2012-08-20,3,1,8,11,0,1,1,1,0.66,0.6212,0.65,0.1045,90,151,241
14239,2012-08-21,3,1,8,11,0,2,1,1,0.7,0.6515,0.54,0,61,195,256
14263,2012-08-22,3,1,8,11,0,3,1,1,0.72,0.6667,0.58,0.0896,71,196,267
14287,2012-08-23,3,1,8,11,0,4,1,1,0.76,0.6818,0.48,0.0896,86,192,278
14311,2012-08-24,3,1,8,11,0,5,1,2,0.76,0.6818,0.48,0.1045,69,212,281
14335,2012-08-25,3,1,8,11,0,6,0,2,0.72,0.6818,0.62,0.2836,143,314,457
14359,2012-08-26,3,1,8,11,0,0,0,1,0.74,0.697,0.66,0.3582,150,332,482
14383,2012-08-27,3,1,8,11,0,1,1,1,0.74,0.697,0.66,0.194,47,182,229
14407,2012-08-28,3,1,8,11,0,2,1,1,0.78,0.7273,0.55,0.2537,47,171,218
14431,2012-08-29,3,1,8,11,0,3,1,1,0.72,0.6515,0.45,0,67,186,253
14455,2012-08-30,3,1,8,11,0,4,1,1,0.76,0.6818,0.4,0.0896,85,191,276
14479,2012-08-31,3,1,8,11,0,5,1,1,0.86,0.7424,0.28,0.2985,88,221,309
14503,2012-09-01,3,1,9,11,0,6,0,2,0.8,0.7576,0.55,0.2239,219,273,492
14527,2012-09-02,3,1,9,11,0,0,0,2,0.74,0.697,0.7,0,226,263,489
14551,2012-09-03,3,1,9,11,1,1,0,2,0.74,0.697,0.7,0.2836,187,272,459
14575,2012-09-04,3,1,9,11,0,2,1,2,0.74,0.697,0.7,0.2836,39,159,198
14599,2012-09-05,3,1,9,11,0,3,1,2,0.78,0.7424,0.62,0.1642,61,156,217
14623,2012-09-06,3,1,9,11,0,4,1,3,0.7,0.6667,0.84,0.1642,10,52,62
14647,2012-09-07,3,1,9,11,0,5,1,1,0.76,0.7121,0.62,0.1343,81,215,296
14671,2012-09-08,3,1,9,11,0,6,0,1,0.76,0.7121,0.62,0.4478,173,405,578
14695,2012-09-09,3,1,9,11,0,0,0,1,0.66,0.6212,0.47,0.2537,194,391,585
14719,2012-09-10,3,1,9,11,0,1,1,1,0.62,0.6212,0.43,0.2985,69,167,236
14743,2012-09-11,3,1,9,11,0,2,1,1,0.64,0.6212,0.33,0.0896,60,187,247
14767,2012-09-12,3,1,9,11,0,3,1,1,0.66,0.6212,0.5,0.194,51,181,232
14791,2012-09-13,3,1,9,11,0,4,1,1,0.66,0.6212,0.5,0.1642,71,183,254
14815,2012-09-14,3,1,9,11,0,5,1,2,0.68,0.6364,0.61,0.1045,84,196,280
14839,2012-09-15,3,1,9,11,0,6,0,1,0.64,0.6212,0.38,0.3881,228,399,627
14863,2012-09-16,3,1,9,11,0,0,0,1,0.64,0.6212,0.47,0.1642,183,376,559
14887,2012-09-17,3,1,9,11,0,1,1,2,0.62,0.6061,0.69,0.2239,61,191,252
14911,2012-09-18,3,1,9,11,0,2,1,2,0.68,0.6364,0.79,0.6418,36,115,151
14935,2012-09-19,3,1,9,11,0,3,1,1,0.6,0.6212,0.43,0.2537,44,203,247
14959,2012-09-20,3,1,9,11,0,4,1,1,0.62,0.6212,0.43,0,37,206,243
14983,2012-09-21,3,1,9,11,0,5,1,1,0.66,0.6212,0.57,0.2239,79,242,321
15007,2012-09-22,3,1,9,11,0,6,0,1,0.7,0.6515,0.58,0.2836,189,437,626
15031,2012-09-23,4,1,9,11,0,0,0,1,0.56,0.5303,0.46,0.2537,186,384,570
15055,2012-09-24,4,1,9,11,0,1,1,1,0.56,0.5303,0.37,0.194,71,167,238
15079,2012-09-25,4,1,9,11,0,2,1,1,0.6,0.6212,0.46,0.2985,63,155,218
15103,2012-09-26,4,1,9,11,0,3,1,1,0.64,0.6212,0.61,0.2537,46,181,227
15127,2012-09-27,4,1,9,11,0,4,1,2,0.72,0.6667,0.51,0.1642,67,227,294
15151,2012-09-28,4,1,9,11,0,5,1,2,0.66,0.6212,0.69,0,109,252,361
15175,2012-09-29,4,1,9,11,0,6,0,1,0.56,0.5303,0.52,0.2836,217,446,663
15199,2012-09-30,4,1,9,11,0,0,0,1,0.6,0.6212,0.43,0.2239,222,369,591
15223,2012-10-01,4,1,10,11,0,1,1,1,0.58,0.5455,0.46,0,76,196,272
15247,2012-10-02,4,1,10,11,0,2,1,3,0.58,0.5455,0.94,0.1343,7,92,99
15271,2012-10-03,4,1,10,11,0,3,1,1,0.66,0.6061,0.78,0.1642,52,178,230
15295,2012-10-04,4,1,10,11,0,4,1,2,0.7,0.6515,0.7,0.1045,38,176,214
15319,2012-10-05,4,1,10,11,0,5,1,1,0.7,0.6515,0.48,0.194,90,214,304
15343,2012-10-06,4,1,10,11,0,6,0,1,0.64,0.6061,0.65,0.2537,258,389,647
15367,2012-10-07,4,1,10,11,0,0,0,2,0.42,0.4242,0.71,0.1045,76,260,336
15391,2012-10-08,4,1,10,11,1,1,0,2,0.4,0.4091,0.62,0.0896,72,236,308
15415,2012-10-09,4,1,10,11,0,2,1,2,0.48,0.4697,0.69,0.194,37,156,193
15439,2012-10-10,4,1,10,11,0,3,1,1,0.54,0.5152,0.52,0.194,53,238,291
15463,2012-10-11,4,1,10,11,0,4,1,1,0.46,0.4545,0.36,0,76,175,251
15487,2012-10-12,4,1,10,11,0,5,1,1,0.54,0.5152,0.37,0.3582,61,252,313
15511,2012-10-13,4,1,10,11,0,6,0,1,0.42,0.4242,0.35,0.1343,192,335,527
15535,2012-10-14,4,1,10,11,0,0,0,1,0.56,0.5303,0.52,0.2985,156,338,494
15559,2012-10-15,4,1,10,11,0,1,1,2,0.6,0.5909,0.73,0.3881,88,175,263
15583,2012-10-16,4,1,10,11,0,2,1,1,0.5,0.4848,0.45,0.4179,56,172,228
15607,2012-10-17,4,1,10,11,0,3,1,2,0.5,0.4848,0.51,0.0896,78,156,234
15631,2012-10-18,4,1,10,11,0,4,1,2,0.56,0.5303,0.56,0.2239,79,189,268
15655,2012-10-19,4,1,10,11,0,5,1,1,0.6,0.5606,0.83,0.194,41,211,252
15679,2012-10-20,4,1,10,11,0,6,0,1,0.54,0.5152,0.52,0.2239,204,408,612
15703,2012-10-21,4,1,10,11,0,0,0,1,0.52,0.5,0.44,0.3284,191,356,547
15727,2012-10-22,4,1,10,11,0,1,1,1,0.56,0.5303,0.37,0.1642,63,148,211
15751,2012-10-23,4,1,10,11,0,2,1,1,0.6,0.6212,0.53,0,52,201,253
15775,2012-10-24,4,1,10,11,0,3,1,1,0.58,0.5455,0.64,0,47,189,236
15799,2012-10-25,4,1,10,11,0,4,1,2,0.54,0.5152,0.83,0.1045,57,181,238
15823,2012-10-26,4,1,10,11,0,5,1,2,0.56,0.5303,0.78,0.1642,68,222,290
15847,2012-10-27,4,1,10,11,0,6,0,1,0.56,0.5303,0.64,0.2836,197,388,585
15871,2012-10-28,4,1,10,11,0,0,0,2,0.5,0.4848,0.51,0.3881,110,352,462
15907,2012-10-31,4,1,10,11,0,3,1,2,0.36,0.3485,0.66,0.2239,37,152,189
15931,2012-11-01,4,1,11,11,0,4,1,3,0.36,0.3485,0.62,0.194,14,156,170
15955,2012-11-02,4,1,11,11,0,5,1,1,0.42,0.4242,0.41,0.4179,42,179,221
15979,2012-11-03,4,1,11,11,0,6,0,2,0.36,0.3333,0.46,0.3881,56,284,340
16003,2012-11-04,4,1,11,11,0,0,0,1,0.38,0.3939,0.46,0.2239,134,311,445
16027,2012-11-05,4,1,11,11,0,1,1,1,0.34,0.3182,0.46,0.2239,31,119,150
16051,2012-11-06,4,1,11,11,0,2,1,1,0.32,0.3333,0.45,0.1343,39,177,216
16075,2012-11-07,4,1,11,11,0,3,1,2,0.32,0.2879,0.51,0.3582,15,132,147
16098,2012-11-08,4,1,11,11,0,4,1,1,0.36,0.3333,0.29,0.3881,16,155,171
16122,2012-11-09,4,1,11,11,0,5,1,1,0.4,0.4091,0.47,0.2985,66,185,251
16146,2012-11-10,4,1,11,11,0,6,0,1,0.4,0.4091,0.58,0.1045,143,323,466
16170,2012-11-11,4,1,11,11,0,0,0,1,0.46,0.4545,0.59,0.1343,180,324,504
16194,2012-11-12,4,1,11,11,1,1,0,1,0.52,0.5,0.72,0.1642,112,255,367
16218,2012-11-13,4,1,11,11,0,2,1,1,0.32,0.303,0.7,0.2537,22,133,155
16242,2012-11-14,4,1,11,11,0,3,1,1,0.32,0.303,0.49,0.2537,25,126,151
16266,2012-11-15,4,1,11,11,0,4,1,2,0.34,0.3333,0.61,0.1343,28,138,166
16290,2012-11-16,4,1,11,11,0,5,1,1,0.38,0.3939,0.43,0.2239,33,185,218
16314,2012-11-17,4,1,11,11,0,6,0,1,0.38,0.3939,0.43,0.194,80,343,423
16338,2012-11-18,4,1,11,11,0,0,0,1,0.38,0.3939,0.62,0.2836,92,267,359
16362,2012-11-19,4,1,11,11,0,1,1,2,0.38,0.3939,0.66,0.2537,33,164,197
16386,2012-11-20,4,1,11,11,0,2,1,2,0.42,0.4242,0.67,0.0896,45,160,205
16410,2012-11-21,4,1,11,11,0,3,1,1,0.4,0.4091,0.5,0.194,43,198,241
16434,2012-11-22,4,1,11,11,1,4,0,1,0.42,0.4242,0.41,0.0896,89,143,232
16458,2012-11-23,4,1,11,11,0,5,1,1,0.4,0.4091,0.5,0.194,121,130,251
16482,2012-11-24,4,1,11,11,0,6,0,2,0.28,0.2576,0.41,0.2985,55,131,186
16506,2012-11-25,4,1,11,11,0,0,0,2,0.26,0.2576,0.41,0.2239,49,155,204
16530,2012-11-26,4,1,11,11,0,1,1,1,0.4,0.4091,0.37,0.2985,18,112,130
16554,2012-11-27,4,1,11,11,0,2,1,3,0.3,0.2727,0.87,0.2985,6,59,65
16578,2012-11-28,4,1,11,11,0,3,1,1,0.32,0.3182,0.45,0.1642,19,127,146
16601,2012-11-29,4,1,11,11,0,4,1,1,0.36,0.3485,0.37,0.2239,13,150,163
16625,2012-11-30,4,1,11,11,0,5,1,2,0.34,0.3485,0.53,0.0896,31,170,201
16649,2012-12-01,4,1,12,11,0,6,0,2,0.32,0.3333,0.76,0.1045,74,318,392
16673,2012-12-02,4,1,12,11,0,0,0,2,0.32,0.3182,0.81,0.1642,81,274,355
16697,2012-12-03,4,1,12,11,0,1,1,1,0.48,0.4697,0.77,0.1343,51,182,233
16721,2012-12-04,4,1,12,11,0,2,1,1,0.48,0.4697,0.77,0.194,24,183,207
16745,2012-12-05,4,1,12,11,0,3,1,1,0.44,0.4394,0.44,0.2836,11,161,172
16769,2012-12-06,4,1,12,11,0,4,1,1,0.26,0.2576,0.48,0.1642,16,162,178
16793,2012-12-07,4,1,12,11,0,5,1,2,0.32,0.3182,0.76,0.194,20,183,203
16817,2012-12-08,4,1,12,11,0,6,0,2,0.4,0.4091,0.87,0.1045,63,341,404
16841,2012-12-09,4,1,12,11,0,0,0,2,0.4,0.4091,0.87,0.2985,40,210,250
16865,2012-12-10,4,1,12,11,0,1,1,3,0.46,0.4545,0.94,0.2239,8,126,134
16889,2012-12-11,4,1,12,11,0,2,1,2,0.36,0.3333,0.53,0.3582,28,145,173
16913,2012-12-12,4,1,12,11,0,3,1,2,0.32,0.303,0.49,0.2239,24,148,172
16937,2012-12-13,4,1,12,11,0,4,1,1,0.34,0.3182,0.42,0.2537,25,164,189
16961,2012-12-14,4,1,12,11,0,5,1,1,0.32,0.303,0.65,0.194,31,180,211
16985,2012-12-15,4,1,12,11,0,6,0,1,0.34,0.3485,0.61,0.0896,66,327,393
17009,2012-12-16,4,1,12,11,0,0,0,2,0.36,0.3485,0.87,0.1343,47,248,295
17033,2012-12-17,4,1,12,11,0,1,1,2,0.4,0.4091,0.87,0.0896,22,148,170
17057,2012-12-18,4,1,12,11,0,2,1,1,0.48,0.4697,0.63,0.2239,58,211,269
17081,2012-12-19,4,1,12,11,0,3,1,1,0.4,0.4091,0.54,0.2239,31,169,200
17105,2012-12-20,4,1,12,11,0,4,1,2,0.34,0.3182,0.57,0.2239,22,168,190
17129,2012-12-21,1,1,12,11,0,5,1,2,0.32,0.2879,0.42,0.4179,12,150,162
17153,2012-12-22,1,1,12,11,0,6,0,1,0.28,0.2576,0.41,0.3582,29,130,159
17177,2012-12-23,1,1,12,11,0,0,0,1,0.24,0.2273,0.52,0.194,48,104,152
17200,2012-12-24,1,1,12,11,0,1,1,2,0.26,0.2576,0.6,0.1642,20,104,124
17223,2012-12-25,1,1,12,11,1,2,0,1,0.3,0.3182,0.75,0.0896,43,43,86
17247,2012-12-26,1,1,12,11,0,3,1,3,0.2,0.1667,0.86,0.4627,0,10,10
17271,2012-12-27,1,1,12,11,0,4,1,2,0.28,0.2424,0.56,0.4478,23,80,103
17295,2012-12-28,1,1,12,11,0,5,1,2,0.28,0.2727,0.52,0.2239,71,107,178
17319,2012-12-29,1,1,12,11,0,6,0,3,0.2,0.2424,0.93,0.0896,7,38,45
17343,2012-12-30,1,1,12,11,0,0,0,1,0.26,0.2273,0.41,0.4179,33,103,136
17367,2012-12-31,1,1,12,11,0,1,1,2,0.22,0.2273,0.6,0.194,43,114,157
