13,2011-01-01,1,0,1,12,0,6,0,1,0.42,0.4242,0.77,0.2836,29,55,84
36,2011-01-02,1,0,1,12,0,0,0,2,0.36,0.3333,0.66,0.2985,20,73,93
58,2011-01-03,1,0,1,12,0,1,1,1,0.22,0.2121,0.35,0.2985,13,48,61
81,2011-01-04,1,0,1,12,0,2,1,1,0.22,0.2273,0.51,0.1642,12,66,78
104,2011-01-05,1,0,1,12,0,3,1,1,0.26,0.2273,0.33,0.3284,5,74,79
127,2011-01-06,1,0,1,12,0,4,1,1,0.26,0.2879,0.35,0,6,78,84
150,2011-01-07,1,0,1,12,0,5,1,2,0.2,0.197,0.37,0.2537,9,50,59
174,2011-01-08,1,0,1,12,0,6,0,2,0.2,0.1818,0.59,0.3582,8,90,98
198,2011-01-09,1,0,1,12,0,0,0,1,0.18,0.1364,0.37,0.4478,4,79,83
222,2011-01-10,1,0,1,12,0,1,1,2,0.2,0.1818,0.4,0.2836,5,47,52
244,2011-01-11,1,0,1,12,0,2,1,2,0.2,0.2273,0.51,0.1045,2,55,57
266,2011-01-12,1,0,1,12,0,3,1,1,0.2,0.1515,0.47,0.5821,3,52,55
290,2011-01-13,1,0,1,12,0,4,1,1,0.2,0.1667,0.44,0.4179,3,49,52
313,2011-01-14,1,0,1,12,0,5,1,1,0.2,0.197,0.44,0.2537,2,59,61
337,2011-01-15,1,0,1,12,0,6,0,1,0.24,0.2273,0.48,0.2239,15,74,89
361,2011-01-16,1,0,1,12,0,0,0,1,0.24,0.2121,0.41,0.2836,29,75,104
385,2011-01-17,1,0,1,12,1,1,0,2,0.18,0.197,0.47,0.1343,10,70,80
397,2011-01-18,1,0,1,12,0,2,1,2,0.2,0.1818,0.86,0.3284,0,3,3
420,2011-01-19,1,0,1,12,0,3,1,2,0.3,0.3182,0.81,0.0896,5,65,70
444,2011-01-20,1,0,1,12,0,4,1,2,0.3,0.3333,0.42,0,7,77,84
468,2011-01-21,1,0,1,12,0,5,1,1,0.22,0.1818,0.27,0.5821,11,67,78
491,2011-01-22,1,0,1,12,0,6,0,2,0.06,0.1061,0.38,0.1045,10,60,70
514,2011-01-23,1,0,1,12,0,0,0,1,0.16,0.1212,0.37,0.4627,24,92,116
537,2011-01-24,1,0,1,12,0,1,1,2,0.12,0.1364,0.42,0.194,11,52,63
560,2011-01-25,1,0,1,12,0,2,1,2,0.26,0.2879,0.56,0.0896,21,85,106
582,2011-01-26,1,0,1,12,0,3,1,3,0.22,0.197,0.93,0.3284,7,41,48
607,2011-01-28,1,0,1,12,0,5,1,3,0.18,0.2121,0.93,0.1045,1,28,29
630,2011-01-29,1,0,1,12,0,6,0,2,0.2,0.197,0.59,0.194,12,66,78
653,2011-01-30,1,0,1,12,0,0,0,1,0.3,0.3182,0.52,0.1045,10,87,97
677,2011-01-31,1,0,1,12,0,1,1,2,0.18,0.2121,0.55,0.1045,6,62,68
700,2011-02-01,1,0,2,12,0,2,1,2,0.2,0.2576,0.86,0,2,53,55
724,2011-02-02,1,0,2,12,0,3,1,2,0.24,0.2273,0.93,0.2239,3,61,64
747,2011-02-03,1,0,2,12,0,4,1,1,0.2,0.1818,0.4,0.3582,2,67,69
770,2011-02-04,1,0,2,12,0,5,1,2,0.24,0.2424,0.48,0.1642,8,78,86
794,2011-02-05,1,0,2,12,0,6,0,3,0.22,0.2273,1,0.1642,10,42,52
818,2011-02-06,1,0,2,12,0,0,0,1,0.34,0.3333,0.46,0,48,126,174
842,2011-02-07,1,0,2,12,0,1,1,2,0.32,0.3485,0.62,0,7,59,66
866,2011-02-08,1,0,2,12,0,2,1,1,0.24,0.197,0.38,0.4925,2,63,65
889,2011-02-09,1,0,2,12,0,3,1,2,0.18,0.1818,0.4,0.2239,4,57,61
912,2011-02-10,1,0,2,12,0,4,1,1,0.16,0.1364,0.34,0.3881,4,65,69
934,2011-02-11,1,0,2,12,0,5,1,1,0.22,0.2273,0.47,0.1343,7,64,71
958,2011-02-12,1,0,2,12,0,6,0,1,0.3,0.2727,0.39,0.4627,27,93,120
981,2011-02-13,1,0,2,12,0,0,0,1,0.36,0.3182,0.32,0.4627,58,94,152
1005,2011-02-14,1,0,2,12,0,1,1,1,0.56,0.5303,0.22,0.4478,27,99,126
1028,2011-02-15,1,0,2,12,0,2,1,1,0.28,0.2727,0.24,0.2537,6,65,71
1051,2011-02-16,1,0,2,12,0,3,1,1,0.38,0.3939,0.32,0.3284,14,72,86
1075,2011-02-17,1,0,2,12,0,4,1,1,0.48,0.4697,0.41,0.2239,15,86,101
1099,2011-02-18,1,0,2,12,0,5,1,1,0.5,0.4848,0.59,0.194,59,126,185
1123,2011-02-19,1,0,2,12,0,6,0,1,0.44,0.4394,0.18,0.4925,38,81,119
1146,2011-02-20,1,0,2,12,0,0,0,1,0.3,0.3182,0.33,0.1045,62,120,182
1170,2011-02-21,1,0,2,12,1,1,0,2,0.32,0.3182,0.66,0.194,26,67,93
1188,2011-02-22,1,0,2,12,0,2,1,1,0.2,0.2273,0.59,0.1045,7,48,55
1211,2011-02-23,1,0,2,12,0,3,1,1,0.26,0.2879,0.35,0.0896,11,56,67
1234,2011-02-24,1,0,2,12,0,4,1,2,0.36,0.3333,0.53,0.3582,10,85,95
1257,2011-02-25,1,0,2,12,0,5,1,3,0.54,0.5152,0.6,0.4627,20,95,115
1281,2011-02-26,1,0,2,12,0,6,0,2,0.32,0.3182,0.45,0.1642,45,115,160
1304,2011-02-27,1,0,2,12,0,0,0,1,0.4,0.4091,0.54,0.0896,61,132,193
1326,2011-02-28,1,0,2,12,0,1,1,2,0.56,0.5303,0.64,0.2985,0,36,36
1350,2011-03-01,1,0,3,12,0,2,1,1,0.3,0.303,0.39,0.1343,6,80,86
1374,2011-03-02,1,0,3,12,0,3,1,1,0.4,0.4091,0.43,0.194,20,62,82
1398,2011-03-03,1,0,3,12,0,4,1,1,0.22,0.2273,0.25,0.1343,7,65,72
1422,2011-03-04,1,0,3,12,0,5,1,1,0.32,0.303,0.43,0.1642,10,87,97
1446,2011-03-05,1,0,3,12,0,6,0,2,0.44,0.4394,0.67,0.2537,46,121,167
1469,2011-03-06,1,0,3,12,0,0,0,2,0.46,0.4545,0.94,0.3284,10,69,79
1492,2011-03-07,1,0,3,12,0,1,1,1,0.3,0.2727,0.42,0.4179,28,68,96
1516,2011-03-08,1,0,3,12,0,2,1,2,0.36,0.3788,0.23,0,29,70,99
1540,2011-03-09,1,0,3,12,0,3,1,2,0.32,0.303,0.76,0.2537,14,84,98
1562,2011-03-10,1,0,3,12,0,4,1,3,0.42,0.4242,0,0.2239,4,30,34
1585,2011-03-11,1,0,3,12,0,5,1,2,0.34,0.3182,0.53,0.2537,15,96,111
1609,2011-03-12,1,0,3,12,0,6,0,1,0.34,0.3182,0.53,0.2836,51,107,158
1632,2011-03-13,1,0,3,12,0,0,0,1,0.46,0.4545,0.38,0.3881,74,120,194
1655,2011-03-14,1,0,3,12,0,1,1,1,0.38,0.3939,0.37,0,40,54,94
1678,2011-03-15,1,0,3,12,0,2,1,2,0.36,0.3485,0.5,0.2239,32,70,102
1701,2011-03-16,1,0,3,12,0,3,1,2,0.4,0.4091,0.71,0.1045,23,65,88
1725,2011-03-17,1,0,3,12,0,4,1,1,0.5,0.4848,0.45,0.2239,24,81,105
1748,2011-03-18,1,0,3,12,0,5,1,2,0.56,0.5303,0.49,0.3582,72,123,195
1772,2011-03-19,1,0,3,12,0,6,0,1,0.46,0.4545,0.33,0.4179,126,141,267
1796,2011-03-20,1,0,3,12,0,0,0,1,0.36,0.3636,0.4,0.1045,120,108,228
1819,2011-03-21,2,0,3,12,0,1,1,2,0.44,0.4394,0.77,0.2537,25,56,81
1843,2011-03-22,2,0,3,12,0,2,1,1,0.46,0.4545,0.47,0.2537,35,86,121
1866,2011-03-23,2,0,3,12,0,3,1,2,0.34,0.3182,0.87,0.2239,14,73,87
1890,2011-03-24,2,0,3,12,0,4,1,2,0.3,0.2727,0.7,0.3284,12,82,94
1914,2011-03-25,2,0,3,12,0,5,1,1,0.32,0.303,0.42,0.2537,37,108,145
1938,2011-03-26,2,0,3,12,0,6,0,1,0.3,0.2879,0.36,0.194,98,129,227
1961,2011-03-27,2,0,3,12,0,0,0,2,0.26,0.2576,0.44,0.2239,43,120,163
1984,2011-03-28,2,0,3,12,0,1,1,2,0.26,0.2727,0.25,0,8,71,79
2008,2011-03-29,2,0,3,12,0,2,1,1,0.34,0.3333,0.25,0.1642,29,77,106
2032,2011-03-30,2,0,3,12,0,3,1,2,0.34,0.3333,0.46,0.1642,15,65,80
2056,2011-03-31,2,0,3,12,0,4,1,3,0.28,0.2727,0.93,0.194,17,73,90
2080,2011-04-01,2,0,4,12,0,5,1,1,0.34,0.303,0.53,0.3582,15,80,95
2104,2011-04-02,2,0,4,12,0,6,0,3,0.32,0.3333,0.81,0.1343,84,100,184
2128,2011-04-03,2,0,4,12,0,0,0,1,0.44,0.4394,0.38,0.2836,166,147,313
2152,2011-04-04,2,0,4,12,0,1,1,1,0.64,0.6212,0.36,0.4627,59,98,157
2176,2011-04-05,2,0,4,12,0,2,1,2,0.34,0.303,0.71,0.3881,6,32,38
2200,2011-04-06,2,0,4,12,0,3,1,1,0.44,0.4394,0.41,0.2537,22,112,134
2224,2011-04-07,2,0,4,12,0,4,1,2,0.46,0.4545,0.55,0,39,114,153
2248,2011-04-08,2,0,4,12,0,5,1,3,0.38,0.3939,0.66,0.2239,29,51,80
2272,2011-04-09,2,0,4,12,0,6,0,2,0.36,0.3485,0.81,0.1343,79,123,202
2296,2011-04-10,2,0,4,12,0,0,0,2,0.42,0.4242,0.88,0.1343,94,136,230
2319,2011-04-11,2,0,4,12,0,1,1,2,0.6,0.5909,0.73,0.3284,37,97,134
2343,2011-04-12,2,0,4,12,0,2,1,2,0.56,0.5303,0.64,0.4627,9,83,92
2367,2011-04-13,2,0,4,12,0,3,1,3,0.42,0.4242,0.82,0.2537,12,83,95
2391,2011-04-14,2,0,4,12,0,4,1,1,0.54,0.5152,0.42,0.1343,35,110,145
2415,2011-04-15,2,0,4,12,1,5,0,1,0.52,0.5,0.55,0.2836,45,155,200
2439,2011-04-16,2,0,4,12,0,6,0,2,0.46,0.4545,0.88,0.5821,6,26,32
2463,2011-04-17,2,0,4,12,0,0,0,1,0.46,0.4545,0.38,0.3881,167,187,354
2487,2011-04-18,2,0,4,12,0,1,1,2,0.56,0.5303,0.49,0.0896,60,124,184
2511,2011-04-19,2,0,4,12,0,2,1,2,0.54,0.5152,0.64,0.0896,19,84,103
2535,2011-04-20,2,0,4,12,0,3,1,1,0.7,0.6515,0.48,0.3881,28,117,145
2559,2011-04-21,2,0,4,12,0,4,1,1,0.46,0.4545,0.38,0.1642,49,150,199
2583,2011-04-22,2,0,4,12,0,5,1,3,0.34,0.3333,0.76,0.1343,19,61,80
2607,2011-04-23,2,0,4,12,0,6,0,1,0.52,0.5,0.83,0.4179,94,197,291
2631,2011-04-24,2,0,4,12,0,0,0,1,0.68,0.6364,0.65,0.2537,168,220,388
2655,2011-04-25,2,0,4,12,0,1,1,1,0.66,0.6212,0.74,0.2537,48,140,188
2679,2011-04-26,2,0,4,12,0,2,1,1,0.7,0.6515,0.61,0.4179,40,146,186
2703,2011-04-27,2,0,4,12,0,3,1,1,0.66,0.6061,0.78,0.3284,38,135,173
2727,2011-04-28,2,0,4,12,0,4,1,2,0.62,0.5909,0.78,0.2537,23,84,107
2751,2011-04-29,2,0,4,12,0,5,1,1,0.56,0.5303,0.37,0.2836,63,160,223
2775,2011-04-30,2,0,4,12,0,6,0,1,0.52,0.5,0.42,0.3881,178,238,416
2799,2011-05-01,2,0,5,12,0,0,0,2,0.48,0.4697,0.77,0.1045,109,172,281
2823,2011-05-02,2,0,5,12,0,1,1,1,0.62,0.6061,0.69,0.2239,40,147,187
2847,2011-05-03,2,0,5,12,0,2,1,2,0.68,0.6364,0.61,0.4925,48,169,217
2871,2011-05-04,2,0,5,12,0,3,1,2,0.44,0.4394,0.62,0.3582,19,105,124
2895,2011-05-05,2,0,5,12,0,4,1,1,0.52,0.5,0.34,0.3582,27,169,196
2919,2011-05-06,2,0,5,12,0,5,1,1,0.56,0.5303,0.49,0.3582,48,198,246
2943,2011-05-07,2,0,5,12,0,6,0,1,0.6,0.6212,0.4,0.194,129,244,373
2967,2011-05-08,2,0,5,12,0,0,0,1,0.6,0.6212,0.46,0.0896,139,243,382
2991,2011-05-09,2,0,5,12,0,1,1,1,0.6,0.6212,0.43,0.194,35,160,195
3015,2011-05-10,2,0,5,12,0,2,1,2,0.6,0.6212,0.38,0,47,170,217
3039,2011-05-11,2,0,5,12,0,3,1,1,0.6,0.6212,0.56,0,41,185,226
3063,2011-05-12,2,0,5,12,0,4,1,1,0.58,0.5455,0.6,0.2239,43,164,207
3087,2011-05-13,2,0,5,12,0,5,1,2,0.52,0.5,0.88,0.194,53,170,223
3111,2011-05-14,2,0,5,12,0,6,0,3,0.52,0.5,1,0.0896,75,204,279
3135,2011-05-15,2,0,5,12,0,0,0,1,0.62,0.5909,0.73,0.2985,120,247,367
3159,2011-05-16,2,0,5,12,0,1,1,1,0.66,0.6212,0.54,0.0896,72,137,209
3183,2011-05-17,2,0,5,12,0,2,1,3,0.56,0.5303,0.83,0.4179,38,115,153
3207,2011-05-18,2,0,5,12,0,3,1,1,0.56,0.5303,0.94,0.2985,12,42,54
3231,2011-05-19,2,0,5,12,0,4,1,2,0.58,0.5455,0.78,0.1045,38,130,168
3255,2011-05-20,2,0,5,12,0,5,1,2,0.6,0.6212,0.56,0.2537,69,186,255
3279,2011-05-21,2,0,5,12,0,6,0,1,0.66,0.6212,0.5,0,222,271,493
3303,2011-05-22,2,0,5,12,0,0,0,2,0.72,0.6667,0.51,0.194,146,255,401
3327,2011-05-23,2,0,5,12,0,1,1,1,0.68,0.6364,0.69,0.3881,65,139,204
3351,2011-05-24,2,0,5,12,0,2,1,1,0.76,0.6818,0.45,0.3881,41,129,170
3375,2011-05-25,2,0,5,12,0,3,1,1,0.74,0.6818,0.55,0.1343,32,178,210
3399,2011-05-26,2,0,5,12,0,4,1,1,0.78,0.7424,0.59,0.3284,53,141,194
3423,2011-05-27,2,0,5,12,0,5,1,2,0.76,0.697,0.55,0.2985,53,190,243
3447,2011-05-28,2,0,5,12,0,6,0,1,0.72,0.6667,0.58,0.2537,145,213,358
3471,2011-05-29,2,0,5,12,0,0,0,2,0.7,0.6667,0.74,0.2239,216,186,402
3495,2011-05-30,2,0,5,12,1,1,0,1,0.86,0.803,0.47,0.1045,179,187,366
3519,2011-05-31,2,0,5,12,0,2,1,1,0.86,0.803,0.47,0.1343,37,125,162
3543,2011-06-01,2,0,6,12,0,3,1,1,0.86,0.8333,0.53,0,32,137,169
3567,2011-06-02,2,0,6,12,0,4,1,1,0.76,0.6667,0.25,0.4627,39,193,232
3591,2011-06-03,2,0,6,12,0,5,1,1,0.66,0.6212,0.27,0.2836,51,208,259
3615,2011-06-04,2,0,6,12,0,6,0,1,0.7,0.6364,0.32,0.1642,150,270,420
3639,2011-06-05,2,0,6,12,0,0,0,2,0.64,0.6061,0.69,0.1045,123,212,335
3663,2011-06-06,2,0,6,12,0,1,1,1,0.76,0.6667,0.37,0.1642,25,128,153
3687,2011-06-07,2,0,6,12,0,2,1,2,0.8,0.7273,0.46,0.2836,42,141,183
3711,2011-06-08,2,0,6,12,0,3,1,1,0.88,0.8182,0.42,0.1343,15,134,149
3735,2011-06-09,2,0,6,12,0,4,1,1,0.92,0.8485,0.35,0.194,40,100,140
3759,2011-06-10,2,0,6,12,0,5,1,1,0.84,0.7576,0.44,0.1343,40,167,207
3783,2011-06-11,2,0,6,12,0,6,0,1,0.8,0.7576,0.55,0.2239,112,235,347
3807,2011-06-12,2,0,6,12,0,0,0,1,0.82,0.7576,0.46,0,176,244,420
3831,2011-06-13,2,0,6,12,0,1,1,1,0.66,0.6212,0.41,0.2836,35,161,196
3855,2011-06-14,2,0,6,12,0,2,1,1,0.64,0.6212,0.41,0.3582,30,139,169
3879,2011-06-15,2,0,6,12,0,3,1,1,0.7,0.6364,0.34,0.2239,33,178,211
3903,2011-06-16,2,0,6,12,0,4,1,1,0.72,0.6667,0.54,0.3881,41,165,206
3927,2011-06-17,2,0,6,12,0,5,1,1,0.7,0.6515,0.65,0.2537,49,194,243
3951,2011-06-18,2,0,6,12,0,6,0,1,0.74,0.697,0.66,0.0896,162,258,420
3975,2011-06-19,2,0,6,12,0,0,0,2,0.74,0.6818,0.55,0.0896,141,255,396
3999,2011-06-20,2,0,6,12,0,1,1,2,0.62,0.6061,0.69,0.1045,33,129,162
4023,2011-06-21,3,0,6,12,0,2,1,1,0.7,0.6667,0.74,0.1642,40,149,189
4047,2011-06-22,3,0,6,12,0,3,1,2,0.8,0.7727,0.59,0.2239,44,144,188
4071,2011-06-23,3,0,6,12,0,4,1,2,0.76,0.7273,0.66,0.2836,30,130,160
4095,2011-06-24,3,0,6,12,0,5,1,1,0.8,0.7121,0.41,0.2836,51,150,201
4119,2011-06-25,3,0,6,12,0,6,0,1,0.74,0.6515,0.4,0.2836,140,252,392
4143,2011-06-26,3,0,6,12,0,0,0,1,0.74,0.6515,0.4,0.1642,175,268,443
4167,2011-06-27,3,0,6,12,0,1,1,2,0.72,0.6667,0.54,0,40,130,170
4191,2011-06-28,3,0,6,12,0,2,1,1,0.84,0.7727,0.47,0.2239,41,161,202
4215,2011-06-29,3,0,6,12,0,3,1,1,0.76,0.6667,0.35,0.2537,55,188,243
4239,2011-06-30,3,0,6,12,0,4,1,1,0.76,0.6667,0.35,0.1642,50,183,233
4263,2011-07-01,3,0,7,12,0,5,1,1,0.8,0.697,0.26,0,83,180,263
4287,2011-07-02,3,0,7,12,0,6,0,1,0.82,0.7121,0.3,0.1343,142,232,374
4311,2011-07-03,3,0,7,12,0,0,0,1,0.8,0.7576,0.55,0.1045,198,206,404
4335,2011-07-04,3,0,7,12,1,1,0,2,0.78,0.7121,0.52,0,237,210,447
4359,2011-07-05,3,0,7,12,0,2,1,1,0.8,0.7273,0.43,0.1045,71,130,201
4383,2011-07-06,3,0,7,12,0,3,1,2,0.74,0.697,0.66,0.0896,38,114,152
4407,2011-07-07,3,0,7,12,0,4,1,1,0.84,0.7727,0.41,0,32,139,171
4431,2011-07-08,3,0,7,12,0,5,1,2,0.76,0.7273,0.7,0.2836,49,164,213
4455,2011-07-09,3,0,7,12,0,6,0,1,0.8,0.7273,0.46,0.2537,145,221,366
4479,2011-07-10,3,0,7,12,0,0,0,1,0.82,0.7576,0.46,0.2836,133,244,377
4503,2011-07-11,3,0,7,12,0,1,1,1,0.84,0.803,0.53,0.2836,40,108,148
4527,2011-07-12,3,0,7,12,0,2,1,1,0.86,0.7879,0.44,0.2985,38,125,163
4551,2011-07-13,3,0,7,12,0,3,1,1,0.84,0.7576,0.41,0.2836,40,134,174
4575,2011-07-14,3,0,7,12,0,4,1,1,0.74,0.6515,0.35,0.2537,51,172,223
4599,2011-07-15,3,0,7,12,0,5,1,1,0.7,0.6515,0.48,0.194,61,177,238
4623,2011-07-16,3,0,7,12,0,6,0,1,0.76,0.6818,0.43,0.2836,187,276,463
4647,2011-07-17,3,0,7,12,0,0,0,1,0.76,0.697,0.55,0.2836,177,243,420
4671,2011-07-18,3,0,7,12,0,1,1,1,0.8,0.7727,0.59,0.194,39,126,165
4695,2011-07-19,3,0,7,12,0,2,1,1,0.84,0.8182,0.56,0.0896,26,127,153
4719,2011-07-20,3,0,7,12,0,3,1,1,0.82,0.803,0.59,0,28,121,149
4743,2011-07-21,3,0,7,12,0,4,1,1,0.88,0.8939,0.56,0.3284,29,106,135
4767,2011-07-22,3,0,7,12,0,5,1,1,0.94,0.9545,0.48,0.1642,20,95,115
4791,2011-07-23,3,0,7,12,0,6,0,1,0.92,0.8636,0.37,0.1045,71,164,235
4815,2011-07-24,3,0,7,12,0,0,0,1,0.9,0.8636,0.45,0.1642,85,161,246
4839,2011-07-25,3,0,7,12,0,1,1,2,0.84,0.8333,0.59,0.194,17,50,67
4863,2011-07-26,3,0,7,12,0,2,1,1,0.84,0.7273,0.28,0,25,122,147
4887,2011-07-27,3,0,7,12,0,3,1,1,0.82,0.7121,0.3,0.2836,37,132,169
4911,2011-07-28,3,0,7,12,0,4,1,1,0.84,0.803,0.53,0.2537,35,151,186
4935,2011-07-29,3,0,7,12,0,5,1,1,0.96,0.8636,0.31,0.2836,40,95,135
4959,2011-07-30,3,0,7,12,0,6,0,1,0.84,0.7273,0.32,0.1642,111,230,341
4983,2011-07-31,3,0,7,12,0,0,0,1,0.9,0.7727,0.25,0.194,146,192,338
5007,2011-08-01,3,0,8,12,0,1,1,1,0.9,0.803,0.33,0.2537,53,115,168
5031,2011-08-02,3,0,8,12,0,2,1,1,0.86,0.7424,0.3,0.2836,45,112,157
5055,2011-08-03,3,0,8,12,0,3,1,3,0.76,0.697,0.55,0.1343,19,142,161
5079,2011-08-04,3,0,8,12,0,4,1,2,0.76,0.7121,0.62,0.2239,53,152,205
5103,2011-08-05,3,0,8,12,0,5,1,1,0.76,0.697,0.52,0.2537,57,159,216
5127,2011-08-06,3,0,8,12,0,6,0,1,0.8,0.7576,0.55,0.2239,130,252,382
5151,2011-08-07,3,0,8,12,0,0,0,1,0.9,0.8485,0.42,0.2985,161,209,370
5175,2011-08-08,3,0,8,12,0,1,1,1,0.82,0.7576,0.46,0.2537,48,134,182
5199,2011-08-09,3,0,8,12,0,2,1,1,0.82,0.7879,0.56,0.194,60,125,185
5223,2011-08-10,3,0,8,12,0,3,1,1,0.82,0.7273,0.38,0.2985,74,166,240
5247,2011-08-11,3,0,8,12,0,4,1,1,0.78,0.6818,0.31,0.2537,50,164,214
5271,2011-08-12,3,0,8,12,0,5,1,1,0.8,0.697,0.27,0,55,167,222
5295,2011-08-13,3,0,8,12,0,6,0,2,0.66,0.5909,0.89,0.1642,175,246,421
5319,2011-08-14,3,0,8,12,0,0,0,2,0.7,0.6667,0.79,0.2239,98,183,281
5343,2011-08-15,3,0,8,12,0,1,1,1,0.74,0.6818,0.58,0.2836,62,116,178
5367,2011-08-16,3,0,8,12,0,2,1,1,0.76,0.6818,0.48,0.3284,42,120,162
5391,2011-08-17,3,0,8,12,0,3,1,1,0.8,0.7273,0.43,0.2836,26,163,189
5415,2011-08-18,3,0,8,12,0,4,1,1,0.8,0.7424,0.52,0.2836,34,139,173
5439,2011-08-19,3,0,8,12,0,5,1,2,0.74,0.6818,0.62,0.0896,54,168,222
5463,2011-08-20,3,0,8,12,0,6,0,1,0.74,0.6818,0.58,0.1343,156,253,409
5487,2011-08-21,3,0,8,12,0,0,0,1,0.82,0.803,0.59,0.2836,135,239,374
5511,2011-08-22,3,0,8,12,0,1,1,1,0.74,0.6515,0.35,0.3881,54,153,207
5535,2011-08-23,3,0,8,12,0,2,1,1,0.7,0.6364,0.39,0.0896,60,177,237
5559,2011-08-24,3,0,8,12,0,3,1,1,0.74,0.6818,0.55,0.3284,60,175,235
5583,2011-08-25,3,0,8,12,0,4,1,3,0.7,0.6667,0.79,0,9,32,41
5607,2011-08-26,3,0,8,12,0,5,1,2,0.76,0.7273,0.66,0.1045,70,173,243
5631,2011-08-27,3,0,8,12,0,6,0,3,0.66,0.6061,0.83,0.4925,11,65,76
5642,2011-08-28,3,0,8,12,0,0,0,1,0.74,0.6667,0.51,0.3881,88,218,306
5666,2011-08-29,3,0,8,12,0,1,1,2,0.68,0.6364,0.44,0.1642,48,159,207
5690,2011-08-30,3,0,8,12,0,2,1,1,0.72,0.6515,0.37,0,65,172,237
5714,2011-08-31,3,0,8,12,0,3,1,1,0.74,0.6667,0.43,0.1343,68,192,260
5738,2011-09-01,3,0,9,12,0,4,1,2,0.72,0.6667,0.51,0.1343,64,165,229
5762,2011-09-02,3,0,9,12,0,5,1,2,0.66,0.6212,0.69,0.2239,82,178,260
5786,2011-09-03,3,0,9,12,0,6,0,1,0.7,0.6515,0.61,0.2239,97,160,257
5810,2011-09-04,3,0,9,12,0,0,0,1,0.76,0.7273,0.66,0.1642,214,221,435
5834,2011-09-05,3,0,9,12,1,1,0,2,0.72,0.6818,0.7,0.194,141,212,353
5857,2011-09-06,3,0,9,12,0,2,1,3,0.54,0.5152,0.83,0.3881,16,51,67
5881,2011-09-07,3,0,9,12,0,3,1,3,0.56,0.5303,0.94,0,1,21,22
5904,2011-09-08,3,0,9,12,0,4,1,2,0.66,0.5909,0.94,0.2239,17,85,102
5928,2011-09-09,3,0,9,12,0,5,1,1,0.64,0.5606,0.94,0,4,71,75
5952,2011-09-10,3,0,9,12,0,6,0,1,0.72,0.6818,0.62,0.2239,144,260,404
5976,2011-09-11,3,0,9,12,0,0,0,1,0.7,0.6515,0.65,0,113,298,411
5999,2011-09-12,3,0,9,12,0,1,1,1,0.72,0.6667,0.51,0.194,37,147,184
6023,2011-09-13,3,0,9,12,0,2,1,1,0.72,0.6667,0.58,0.2239,43,144,187
6047,2011-09-14,3,0,9,12,0,3,1,1,0.74,0.6818,0.58,0.2239,56,156,212
6071,2011-09-15,3,0,9,12,0,4,1,2,0.66,0.6212,0.69,0.2985,31,148,179
6095,2011-09-16,3,0,9,12,0,5,1,2,0.52,0.5,0.45,0,39,212,251
6119,2011-09-17,3,0,9,12,0,6,0,2,0.52,0.5,0.67,0.2239,115,257,372
6143,2011-09-18,3,0,9,12,0,0,0,1,0.54,0.5152,0.64,0.1343,135,229,364
6167,2011-09-19,3,0,9,12,0,1,1,2,0.58,0.5455,0.6,0.0896,51,138,189
6191,2011-09-20,3,0,9,12,0,2,1,2,0.56,0.5303,0.94,0.1642,13,47,60
6215,2011-09-21,3,0,9,12,0,3,1,2,0.64,0.5909,0.78,0.0896,42,151,193
6239,2011-09-22,3,0,9,12,0,4,1,2,0.66,0.6061,0.83,0.1642,25,151,176
6263,2011-09-23,4,0,9,12,0,5,1,3,0.62,0.5455,0.94,0.1045,1,28,29
6287,2011-09-24,4,0,9,12,0,6,0,2,0.62,0.5758,0.83,0.0896,141,266,407
6311,2011-09-25,4,0,9,12,0,0,0,2,0.66,0.6061,0.78,0,143,270,413
6335,2011-09-26,4,0,9,12,0,1,1,2,0.68,0.6364,0.79,0.1642,48,161,209
6359,2011-09-27,4,0,9,12,0,2,1,2,0.66,0.5909,0.89,0.1343,33,129,162
6383,2011-09-28,4,0,9,12,0,3,1,2,0.68,0.6364,0.79,0,25,159,184
6407,2011-09-29,4,0,9,12,0,4,1,1,0.66,0.6212,0.61,0.1642,38,157,195
6431,2011-09-30,4,0,9,12,0,5,1,2,0.64,0.6212,0.57,0.194,59,195,254
6455,2011-10-01,4,0,10,12,0,6,0,2,0.4,0.4091,0.82,0.2537,28,130,158
6479,2011-10-02,4,0,10,12,0,0,0,2,0.4,0.4091,0.62,0.194,78,243,321
6503,2011-10-03,4,0,10,12,0,1,1,2,0.4,0.4091,0.71,0.1343,29,118,147
6527,2011-10-04,4,0,10,12,0,2,1,1,0.56,0.5303,0.56,0.2985,39,160,199
6551,2011-10-05,4,0,10,12,0,3,1,1,0.62,0.6212,0.43,0.3284,34,180,214
6575,2011-10-06,4,0,10,12,0,4,1,1,0.56,0.5303,0.49,0.0896,46,180,226
6599,2011-10-07,4,0,10,12,0,5,1,1,0.6,0.6212,0.53,0,61,174,235
6623,2011-10-08,4,0,10,12,0,6,0,1,0.62,0.6212,0.35,0,191,255,446
6647,2011-10-09,4,0,10,12,0,0,0,1,0.64,0.6212,0.44,0.0896,212,243,455
6671,2011-10-10,4,0,10,12,1,1,0,2,0.7,0.6515,0.48,0.0896,164,201,365
6695,2011-10-11,4,0,10,12,0,2,1,2,0.6,0.5909,0.73,0.1642,51,130,181
6719,2011-10-12,4,0,10,12,0,3,1,3,0.54,0.5152,0.88,0.3284,9,53,62
6743,2011-10-13,4,0,10,12,0,4,1,2,0.62,0.5606,0.88,0,10,95,105
6767,2011-10-14,4,0,10,12,0,5,1,3,0.52,0.5,0.88,0.1642,13,62,75
6791,2011-10-15,4,0,10,12,0,6,0,1,0.58,0.5455,0.35,0.5522,195,261,456
6815,2011-10-16,4,0,10,12,0,0,0,1,0.58,0.5455,0.35,0.2537,167,277,444
6839,2011-10-17,4,0,10,12,0,1,1,1,0.56,0.5303,0.4,0.0896,39,166,205
6863,2011-10-18,4,0,10,12,0,2,1,2,0.62,0.6212,0.43,0.0896,42,159,201
6886,2011-10-19,4,0,10,12,0,3,1,3,0.52,0.5,0.94,0.3284,13,117,130
6910,2011-10-20,4,0,10,12,0,4,1,1,0.48,0.4697,0.48,0.5224,28,171,199
6934,2011-10-21,4,0,10,12,0,5,1,1,0.5,0.4848,0.45,0.2985,47,193,240
6958,2011-10-22,4,0,10,12,0,6,0,1,0.46,0.4545,0.55,0.0896,132,211,343
6982,2011-10-23,4,0,10,12,0,0,0,1,0.5,0.4848,0.59,0.2537,164,249,413
7006,2011-10-24,4,0,10,12,0,1,1,2,0.52,0.5,0.68,0.1045,64,156,220
7030,2011-10-25,4,0,10,12,0,2,1,1,0.54,0.5152,0.39,0.3582,35,165,200
7054,2011-10-26,4,0,10,12,0,3,1,3,0.58,0.5455,0.53,0.2239,39,155,194
7078,2011-10-27,4,0,10,12,0,4,1,3,0.5,0.4848,0.88,0.1343,8,45,53
7102,2011-10-28,4,0,10,12,0,5,1,2,0.38,0.3939,0.4,0.1642,46,167,213
7126,2011-10-29,4,0,10,12,0,6,0,3,0.24,0.197,0.87,0.4925,6,44,50
7150,2011-10-30,4,0,10,12,0,0,0,1,0.38,0.3939,0.5,0.194,85,229,314
7174,2011-10-31,4,0,10,12,0,1,1,1,0.42,0.4242,0.44,0.2239,30,140,170
7198,2011-11-01,4,0,11,12,0,2,1,1,0.5,0.4848,0.48,0.0896,23,153,176
7222,2011-11-02,4,0,11,12,0,3,1,1,0.46,0.4545,0.55,0.1642,32,157,189
7246,2011-11-03,4,0,11,12,0,4,1,1,0.5,0.4848,0.51,0.194,17,162,179
7270,2011-11-04,4,0,11,12,0,5,1,2,0.48,0.4697,0.55,0.4925,44,153,197
7294,2011-11-05,4,0,11,12,0,6,0,1,0.36,0.3485,0.46,0.1642,137,235,372
7318,2011-11-06,4,0,11,12,0,0,0,1,0.44,0.4394,0.54,0,120,226,346
7342,2011-11-07,4,0,11,12,0,1,1,1,0.46,0.4545,0.67,0,21,158,179
7366,2011-11-08,4,0,11,12,0,2,1,1,0.52,0.5,0.52,0.1343,28,175,203
7390,2011-11-09,4,0,11,12,0,3,1,1,0.5,0.4848,0.51,0.1642,24,156,180
7414,2011-11-10,4,0,11,12,0,4,1,2,0.42,0.4242,0.67,0.3582,18,149,167
7438,2011-11-11,4,0,11,12,1,5,0,1,0.34,0.2879,0.42,0.4627,41,198,239
7462,2011-11-12,4,0,11,12,0,6,0,1,0.44,0.4394,0.44,0.2836,142,224,366
7486,2011-11-13,4,0,11,12,0,0,0,2,0.52,0.5,0.29,0.4179,112,242,354
7510,2011-11-14,4,0,11,12,0,1,1,1,0.56,0.5303,0.56,0.2985,36,166,202
7534,2011-11-15,4,0,11,12,0,2,1,2,0.54,0.5152,0.68,0,28,148,176
7558,2011-11-16,4,0,11,12,0,3,1,3,0.46,0.4545,1,0,5,49,54
7582,2011-11-17,4,0,11,12,0,4,1,2,0.34,0.303,0.53,0.2985,6,115,121
7606,2011-11-18,4,0,11,12,0,5,1,1,0.32,0.3333,0.33,0,22,143,165
7630,2011-11-19,4,0,11,12,0,6,0,1,0.4,0.4091,0.35,0.2836,93,218,311
7654,2011-11-20,4,0,11,12,0,0,0,2,0.5,0.4848,0.63,0.1343,70,234,304
7678,2011-11-21,4,0,11,12,0,1,1,2,0.5,0.4848,0.77,0.1343,24,138,162
7702,2011-11-22,4,0,11,12,0,2,1,3,0.4,0.4091,1,0.0896,3,18,21
7726,2011-11-23,4,0,11,12,0,3,1,1,0.48,0.4697,0.55,0.4179,9,151,160
7750,2011-11-24,4,0,11,12,1,4,0,1,0.46,0.4545,0.36,0.2239,62,88,150
7774,2011-11-25,4,0,11,12,0,5,1,1,0.46,0.4545,0.51,0.1045,126,146,272
7798,2011-11-26,4,0,11,12,0,6,0,1,0.44,0.4394,0.51,0,137,172,309
7822,2011-11-27,4,0,11,12,0,0,0,1,0.54,0.5152,0.56,0.2836,63,193,256
7845,2011-11-28,4,0,11,12,0,1,1,1,0.56,0.5303,0.6,0.1045,13,165,178
7869,2011-11-29,4,0,11,12,0,2,1,3,0.42,0.4242,0.82,0.4179,1,17,18
7893,2011-11-30,4,0,11,12,0,3,1,2,0.36,0.3333,0.53,0.2836,12,148,160
7917,2011-12-01,4,0,12,12,0,4,1,1,0.36,0.3485,0.46,0.2239,9,139,148
7941,2011-12-02,4,0,12,12,0,5,1,1,0.36,0.3485,0.57,0.1343,18,186,204
7965,2011-12-03,4,0,12,12,0,6,0,1,0.36,0.3788,0.5,0,78,280,358
7989,2011-12-04,4,0,12,12,0,0,0,1,0.36,0.3485,0.81,0.1642,82,247,329
8013,2011-12-05,4,0,12,12,0,1,1,2,0.4,0.4091,0.76,0.1045,29,125,154
8037,2011-12-06,4,0,12,12,0,2,1,3,0.46,0.4545,1,0.2239,5,50,55
8061,2011-12-07,4,0,12,12,0,3,1,3,0.44,0.4394,1,0.1343,4,29,33
8085,2011-12-08,4,0,12,12,0,4,1,1,0.28,0.2576,0.52,0.3284,8,148,156
8109,2011-12-09,4,0,12,12,0,5,1,1,0.36,0.3333,0.57,0.2985,27,146,173
8133,2011-12-10,4,0,12,12,0,6,0,1,0.32,0.2879,0.45,0.4179,48,235,283
8157,2011-12-11,4,0,12,12,0,0,0,1,0.26,0.303,0.35,0,42,246,288
8181,2011-12-12,4,0,12,12,0,1,1,1,0.28,0.2879,0.52,0.1045,7,138,145
8205,2011-12-13,4,0,12,12,0,2,1,1,0.36,0.3333,0.43,0.3582,20,147,167
8229,2011-12-14,4,0,12,12,0,3,1,2,0.36,0.3636,0.57,0.0896,6,138,144
8253,2011-12-15,4,0,12,12,0,4,1,2,0.46,0.4545,0.59,0.4925,17,140,157
8277,2011-12-16,4,0,12,12,0,5,1,2,0.34,0.303,0.42,0.3582,10,163,173
8301,2011-12-17,4,0,12,12,0,6,0,2,0.28,0.2576,0.45,0.2836,28,216,244
8325,2011-12-18,4,0,12,12,0,0,0,1,0.26,0.2576,0.6,0.2239,26,202,228
8349,2011-12-19,4,0,12,12,0,1,1,1,0.3,0.2727,0.61,0.3284,13,128,141
8373,2011-12-20,4,0,12,12,0,2,1,2,0.44,0.4394,0.54,0.1343,16,159,175
8397,2011-12-21,1,0,12,12,0,3,1,3,0.46,0.4545,0.88,0.3881,3,58,61
8421,2011-12-22,1,0,12,12,0,4,1,2,0.48,0.4697,0.55,0,22,180,202
8445,2011-12-23,1,0,12,12,0,5,1,1,0.4,0.4091,0.54,0.5224,14,156,170
8469,2011-12-24,1,0,12,12,0,6,0,1,0.34,0.3182,0.39,0.2836,15,79,94
8492,2011-12-25,1,0,12,12,0,0,0,1,0.3,0.2727,0.75,0.2985,25,41,66
8515,2011-12-26,1,0,12,12,1,1,0,1,0.36,0.3182,0.43,0.4627,34,66,100
8539,2011-12-27,1,0,12,12,0,2,1,3,0.3,0.3182,0.81,0.0896,8,16,24
8562,2011-12-28,1,0,12,12,0,3,1,1,0.34,0.2879,0.46,0.5522,32,108,140
8586,2011-12-29,1,0,12,12,0,4,1,2,0.26,0.2727,0.56,0.1045,12,118,130
8610,2011-12-30,1,0,12,12,0,5,1,1,0.32,0.3333,0.57,0.1343,38,159,197
8634,2011-12-31,1,0,12,12,0,6,0,1,0.52,0.5,0.39,0.2985,93,180,273
8658,2012-01-01,1,1,1,12,0,0,0,1,0.4,0.4091,0.62,0.2836,58,143,201
8681,2012-01-02,1,1,1,12,1,1,0,1,0.28,0.2727,0.36,0.2537,41,161,202
8705,2012-01-03,1,1,1,12,0,2,1,1,0.18,0.1364,0.37,0.5224,4,70,74
8729,2012-01-04,1,1,1,12,0,3,1,2,0.1,0.1061,0.46,0.194,9,75,84
8753,2012-01-05,1,1,1,12,0,4,1,1,0.3,0.2879,0.49,0.2537,6,114,120
8777,2012-01-06,1,1,1,12,0,5,1,1,0.36,0.3333,0.5,0.2537,23,168,191
8801,2012-01-07,1,1,1,12,0,6,0,1,0.4,0.4091,0.43,0.2239,100,276,376
8825,2012-01-08,1,1,1,12,0,0,0,1,0.38,0.3939,0.43,0.2239,78,273,351
8849,2012-01-09,1,1,1,12,0,1,1,2,0.26,0.2727,0.56,0.1045,10,93,103
8872,2012-01-10,1,1,1,12,0,2,1,1,0.42,0.4242,0.38,0.2985,13,127,140
8896,2012-01-11,1,1,1,12,0,3,1,3,0.3,0.3333,0.81,0,4,51,55
8920,2012-01-12,1,1,1,12,0,4,1,2,0.34,0.3485,0.81,0.1045,14,130,144
8944,2012-01-13,1,1,1,12,0,5,1,1,0.24,0.197,0.38,0.4925,14,140,154
8968,2012-01-14,1,1,1,12,0,6,0,1,0.22,0.2121,0.41,0.2537,30,189,219
8992,2012-01-15,1,1,1,12,0,0,0,1,0.18,0.1667,0.4,0.2985,42,192,234
9016,2012-01-16,1,1,1,12,1,1,0,1,0.2,0.1818,0.55,0.3284,20,165,185
9039,2012-01-17,1,1,1,12,0,2,1,2,0.32,0.303,0.87,0.2836,3,83,86
9063,2012-01-18,1,1,1,12,0,3,1,1,0.3,0.2576,0.39,0.4925,6,155,161
9087,2012-01-19,1,1,1,12,0,4,1,1,0.2,0.197,0.51,0.194,5,106,111
9111,2012-01-20,1,1,1,12,0,5,1,2,0.2,0.1818,0.34,0.3284,5,119,124
9135,2012-01-21,1,1,1,12,0,6,0,2,0.2,0.2121,0.8,0.1642,5,62,67
9159,2012-01-22,1,1,1,12,0,0,0,2,0.16,0.1515,0.8,0.2239,24,161,185
9183,2012-01-23,1,1,1,12,0,1,1,2,0.22,0.2727,0.93,0,10,52,62
9207,2012-01-24,1,1,1,12,0,2,1,1,0.34,0.3333,0.87,0.1642,25,150,175
9231,2012-01-25,1,1,1,12,0,3,1,1,0.32,0.3333,0.53,0.1343,46,147,193
9255,2012-01-26,1,1,1,12,0,4,1,2,0.34,0.3333,0.81,0.1343,29,136,165
9279,2012-01-27,1,1,1,12,0,5,1,2,0.5,0.4848,0.88,0.1642,25,155,180
9303,2012-01-28,1,1,1,12,0,6,0,1,0.3,0.2879,0.61,0.2836,70,244,314
9327,2012-01-29,1,1,1,12,0,0,0,1,0.32,0.303,0.26,0.2239,73,215,288
9351,2012-01-30,1,1,1,12,0,1,1,1,0.26,0.2273,0.35,0.3881,5,129,134
9375,2012-01-31,1,1,1,12,0,2,1,1,0.4,0.4091,0.43,0.2985,13,181,194
9399,2012-02-01,1,1,2,12,0,3,1,1,0.44,0.4394,0.54,0.1045,26,153,179
9423,2012-02-02,1,1,2,12,0,4,1,1,0.42,0.4242,0.82,0,8,140,148
9447,2012-02-03,1,1,2,12,0,5,1,1,0.34,0.3333,0.46,0.1343,25,191,216
9471,2012-02-04,1,1,2,12,0,6,0,2,0.3,0.3182,0.7,0.0896,40,260,300
9495,2012-02-05,1,1,2,12,0,0,0,2,0.26,0.2576,0.65,0.194,25,223,248
9518,2012-02-06,1,1,2,12,0,1,1,1,0.32,0.3182,0.61,0.1642,19,131,150
9542,2012-02-07,1,1,2,12,0,2,1,1,0.4,0.4091,0.4,0.3284,9,163,172
9566,2012-02-08,1,1,2,12,0,3,1,2,0.28,0.2576,0.65,0.2836,14,124,138
9590,2012-02-09,1,1,2,12,0,4,1,1,0.26,0.2273,0.48,0.3284,10,148,158
9614,2012-02-10,1,1,2,12,0,5,1,2,0.3,0.303,0.42,0.1343,8,168,176
9638,2012-02-11,1,1,2,12,0,6,0,2,0.26,0.2576,0.81,0.1642,25,196,221
9662,2012-02-12,1,1,2,12,0,0,0,1,0.14,0.0758,0.39,0.6418,7,133,140
9686,2012-02-13,1,1,2,12,0,1,1,1,0.28,0.2576,0.28,0.3284,7,111,118
9710,2012-02-14,1,1,2,12,0,2,1,2,0.3,0.2879,0.52,0.2239,10,162,172
9734,2012-02-15,1,1,2,12,0,3,1,1,0.38,0.3939,0.46,0.3881,11,152,163
9758,2012-02-16,1,1,2,12,0,4,1,3,0.32,0.3333,0.76,0.0896,1,44,45
9782,2012-02-17,1,1,2,12,0,5,1,1,0.38,0.3939,0.46,0.3881,21,177,198
9806,2012-02-18,1,1,2,12,0,6,0,1,0.36,0.3485,0.43,0.194,128,241,369
9830,2012-02-19,1,1,2,12,0,0,0,2,0.28,0.2727,0.52,0.2537,71,184,255
9853,2012-02-20,1,1,2,12,1,1,0,1,0.28,0.2727,0.45,0.2239,65,216,281
9876,2012-02-21,1,1,2,12,0,2,1,2,0.3,0.2727,0.56,0.3881,16,147,163
9900,2012-02-22,1,1,2,12,0,3,1,1,0.4,0.4091,0.62,0.2836,21,186,207
9924,2012-02-23,1,1,2,12,0,4,1,1,0.5,0.4848,0.42,0.2537,25,199,224
9948,2012-02-24,1,1,2,12,0,5,1,2,0.4,0.4091,0.76,0.1343,27,201,228
9972,2012-02-25,1,1,2,12,0,6,0,1,0.32,0.2727,0.29,0.6567,41,217,258
9996,2012-02-26,1,1,2,12,0,0,0,1,0.3,0.303,0.39,0.1343,49,256,305
10020,2012-02-27,1,1,2,12,0,1,1,1,0.4,0.4091,0.37,0.2985,13,164,177
10044,2012-02-28,1,1,2,12,0,2,1,1,0.36,0.3485,0.34,0.1343,19,164,183
10067,2012-02-29,1,1,2,12,0,3,1,3,0.32,0.303,0.93,0.3284,1,69,70
10091,2012-03-01,1,1,3,12,0,4,1,1,0.56,0.5303,0.37,0.2239,16,204,220
10115,2012-03-02,1,1,3,12,0,5,1,1,0.4,0.4091,0.43,0.1642,40,194,234
10139,2012-03-03,1,1,3,12,0,6,0,2,0.42,0.4242,0.67,0.2537,47,252,299
10163,2012-03-04,1,1,3,12,0,0,0,1,0.34,0.303,0.42,0.3582,71,256,327
10187,2012-03-05,1,1,3,12,0,1,1,2,0.26,0.303,0.52,0,15,122,137
10211,2012-03-06,1,1,3,12,0,2,1,1,0.26,0.2727,0.41,0.1045,9,129,138
10235,2012-03-07,1,1,3,12,0,3,1,1,0.44,0.4394,0.38,0.3881,40,175,215
10259,2012-03-08,1,1,3,12,0,4,1,2,0.56,0.5303,0.6,0.4478,27,224,251
10283,2012-03-09,1,1,3,12,0,5,1,1,0.36,0.3333,0.34,0.4179,27,174,201
10307,2012-03-10,1,1,3,12,0,6,0,1,0.3,0.2727,0.33,0.3284,88,241,329
10330,2012-03-11,1,1,3,12,0,0,0,1,0.4,0.4091,0.37,0.2985,146,264,410
10354,2012-03-12,1,1,3,12,0,1,1,1,0.48,0.4697,0.39,0.2239,59,162,221
10378,2012-03-13,1,1,3,12,0,2,1,1,0.6,0.6061,0.6,0.2836,47,197,244
10402,2012-03-14,1,1,3,12,0,3,1,2,0.64,0.6212,0.29,0,55,212,267
10426,2012-03-15,1,1,3,12,0,4,1,2,0.62,0.6212,0.5,0.1343,59,206,265
10450,2012-03-16,1,1,3,12,0,5,1,2,0.44,0.4394,0.82,0.1343,72,222,294
10474,2012-03-17,1,1,3,12,0,6,0,1,0.56,0.5303,0.68,0.1642,286,365,651
10498,2012-03-18,1,1,3,12,0,0,0,2,0.44,0.4394,0.88,0.1343,222,281,503
10522,2012-03-19,1,1,3,12,0,1,1,1,0.6,0.6061,0.64,0.2537,71,211,282
10546,2012-03-20,1,1,3,12,0,2,1,1,0.6,0.5758,0.78,0.2537,56,205,261
10570,2012-03-21,2,1,3,12,0,3,1,2,0.54,0.5152,0.77,0,58,171,229
10594,2012-03-22,2,1,3,12,0,4,1,2,0.54,0.5152,0.88,0.194,48,224,272
10618,2012-03-23,2,1,3,12,0,5,1,2,0.66,0.6212,0.61,0.2239,199,272,471
10642,2012-03-24,2,1,3,12,0,6,0,3,0.52,0.5,0.94,0.2239,61,122,183
10666,2012-03-25,2,1,3,12,0,0,0,2,0.4,0.4091,0.94,0.2239,122,238,360
10690,2012-03-26,2,1,3,12,0,1,1,1,0.48,0.4697,0.33,0.5224,63,216,279
10714,2012-03-27,2,1,3,12,0,2,1,1,0.32,0.3182,0.31,0.1642,34,186,220
10738,2012-03-28,2,1,3,12,0,3,1,2,0.54,0.5152,0.39,0.3582,50,218,268
10762,2012-03-29,2,1,3,12,0,4,1,1,0.5,0.4848,0.42,0.4925,64,228,292
10786,2012-03-30,2,1,3,12,0,5,1,2,0.38,0.3939,0.54,0,62,208,270
10810,2012-03-31,2,1,3,12,0,6,0,1,0.48,0.4697,0.67,0,263,358,621
10834,2012-04-01,2,1,4,12,0,0,0,2,0.42,0.4242,0.67,0.2239,187,258,445
10857,2012-04-02,2,1,4,12,0,1,1,1,0.44,0.4394,0.44,0.4478,100,181,281
10881,2012-04-03,2,1,4,12,0,2,1,1,0.52,0.5,0.25,0,101,230,331
10905,2012-04-04,2,1,4,12,0,3,1,2,0.6,0.6212,0.46,0.4179,73,210,283
10929,2012-04-05,2,1,4,12,0,4,1,1,0.44,0.4394,0.33,0,66,210,276
10953,2012-04-06,2,1,4,12,0,5,1,1,0.42,0.4242,0.35,0.2985,113,224,337
10977,2012-04-07,2,1,4,12,0,6,0,1,0.46,0.4545,0.23,0.3881,320,270,590
11001,2012-04-08,2,1,4,12,0,0,0,1,0.54,0.5152,0.24,0.2537,198,259,457
11025,2012-04-09,2,1,4,12,0,1,1,1,0.54,0.5152,0.28,0.7164,94,186,280
11049,2012-04-10,2,1,4,12,0,2,1,1,0.54,0.5152,0.22,0.2836,75,184,259
11072,2012-04-11,2,1,4,12,0,3,1,2,0.36,0.3333,0.46,0.3881,35,147,182
11096,2012-04-12,2,1,4,12,0,4,1,1,0.46,0.4545,0.41,0.4478,60,199,259
11120,2012-04-13,2,1,4,12,0,5,1,1,0.5,0.4848,0.31,0,104,218,322
11144,2012-04-14,2,1,4,12,0,6,0,1,0.58,0.5455,0.35,0.2537,274,404,678
11168,2012-04-15,2,1,4,12,0,0,0,1,0.64,0.6212,0.44,0.2836,275,360,635
11192,2012-04-16,2,1,4,12,1,1,0,1,0.68,0.6364,0.57,0.2537,75,196,271
11216,2012-04-17,2,1,4,12,0,2,1,1,0.6,0.6212,0.33,0.3582,65,179,244
11240,2012-04-18,2,1,4,12,0,3,1,3,0.46,0.4545,0.51,0.1045,15,95,110
11264,2012-04-19,2,1,4,12,0,4,1,1,0.54,0.5152,0.49,0,51,213,264
11288,2012-04-20,2,1,4,12,0,5,1,1,0.58,0.5455,0.53,0.194,102,260,362
11312,2012-04-21,2,1,4,12,0,6,0,1,0.64,0.6212,0.57,0.2239,262,378,640
11336,2012-04-22,2,1,4,12,0,0,0,3,0.38,0.3939,0.87,0.3284,5,56,61
11360,2012-04-23,2,1,4,12,0,1,1,3,0.34,0.303,0.71,0.3582,12,117,129
11384,2012-04-24,2,1,4,12,0,2,1,1,0.48,0.4697,0.29,0.3881,36,188,224
11408,2012-04-25,2,1,4,12,0,3,1,1,0.54,0.5152,0.28,0.2836,49,220,269
11432,2012-04-26,2,1,4,12,0,4,1,2,0.52,0.5,0.83,0.1343,24,180,204
11456,2012-04-27,2,1,4,12,0,5,1,1,0.46,0.4545,0.36,0.3582,63,244,307
11480,2012-04-28,2,1,4,12,0,6,0,2,0.38,0.3939,0.43,0,105,276,381
11504,2012-04-29,2,1,4,12,0,0,0,1,0.48,0.4697,0.44,0.1045,223,361,584
11528,2012-04-30,2,1,4,12,0,1,1,2,0.44,0.4394,0.47,0.1343,45,180,225
11552,2012-05-01,2,1,5,12,0,2,1,2,0.7,0.6515,0.58,0.2239,41,228,269
11576,2012-05-02,2,1,5,12,0,3,1,2,0.58,0.5455,0.83,0.2239,35,210,245
11600,2012-05-03,2,1,5,12,0,4,1,1,0.56,0.5303,0.73,0.1343,64,237,301
11624,2012-05-04,2,1,5,12,0,5,1,3,0.62,0.5909,0.78,0.3582,46,125,171
11648,2012-05-05,2,1,5,12,0,6,0,1,0.72,0.6667,0.58,0.1045,220,330,550
11672,2012-05-06,2,1,5,12,0,0,0,2,0.6,0.6061,0.64,0.0896,207,351,558
11696,2012-05-07,2,1,5,12,0,1,1,2,0.56,0.5303,0.68,0.2239,74,189,263
11720,2012-05-08,2,1,5,12,0,2,1,2,0.62,0.6061,0.65,0.3284,60,203,263
11744,2012-05-09,2,1,5,12,0,3,1,2,0.62,0.6212,0.57,0.2239,58,222,280
11768,2012-05-10,2,1,5,12,0,4,1,1,0.52,0.5,0.48,0.4179,65,207,272
11792,2012-05-11,2,1,5,12,0,5,1,1,0.56,0.5303,0.28,0.4179,89,259,348
11816,2012-05-12,2,1,5,12,0,6,0,1,0.64,0.6212,0.36,0.1642,206,353,559
11840,2012-05-13,2,1,5,12,0,0,0,1,0.64,0.6212,0.57,0.2239,189,342,531
11864,2012-05-14,2,1,5,12,0,1,1,2,0.56,0.5303,0.88,0.2836,53,132,185
11888,2012-05-15,2,1,5,12,0,2,1,1,0.64,0.6061,0.73,0.194,44,220,264
11912,2012-05-16,2,1,5,12,0,3,1,1,0.7,0.6515,0.54,0.194,59,271,330
11936,2012-05-17,2,1,5,12,0,4,1,1,0.6,0.6212,0.43,0.194,72,276,348
11960,2012-05-18,2,1,5,12,0,5,1,1,0.62,0.6212,0.41,0.194,108,252,360
11984,2012-05-19,2,1,5,12,0,6,0,1,0.66,0.6212,0.36,0,276,366,642
12008,2012-05-20,2,1,5,12,0,0,0,1,0.68,0.6364,0.36,0.3284,247,390,637
12032,2012-05-21,2,1,5,12,0,1,1,2,0.6,0.5606,0.83,0.2537,46,124,170
12056,2012-05-22,2,1,5,12,0,2,1,2,0.62,0.5909,0.78,0.1045,76,178,254
12080,2012-05-23,2,1,5,12,0,3,1,2,0.66,0.6212,0.69,0.0896,42,206,248
12104,2012-05-24,2,1,5,12,0,4,1,1,0.7,0.6515,0.58,0.1045,76,213,289
12128,2012-05-25,2,1,5,12,0,5,1,1,0.72,0.6818,0.66,0.1045,84,237,321
12152,2012-05-26,2,1,5,12,0,6,0,1,0.74,0.697,0.66,0.2239,236,293,529
12176,2012-05-27,2,1,5,12,0,0,0,1,0.74,0.697,0.66,0.2537,301,269,570
12200,2012-05-28,2,1,5,12,1,1,0,1,0.76,0.7121,0.62,0.1343,233,292,525
12224,2012-05-29,2,1,5,12,0,2,1,1,0.8,0.7576,0.55,0.3284,56,181,237
12248,2012-05-30,2,1,5,12,0,3,1,1,0.7,0.6515,0.54,0,33,220,253
12272,2012-05-31,2,1,5,12,0,4,1,1,0.72,0.6515,0.37,0.194,62,230,292
12296,2012-06-01,2,1,6,12,0,5,1,2,0.7,0.6667,0.74,0.3582,72,238,310
12320,2012-06-02,2,1,6,12,0,6,0,1,0.62,0.6212,0.43,0.3582,250,418,668
12344,2012-06-03,2,1,6,12,0,0,0,1,0.66,0.6212,0.39,0.2985,276,408,684
12368,2012-06-04,2,1,6,12,0,1,1,1,0.64,0.6212,0.41,0.4478,62,220,282
12392,2012-06-05,2,1,6,12,0,2,1,2,0.54,0.5152,0.56,0.2239,45,202,247
12416,2012-06-06,2,1,6,12,0,3,1,1,0.62,0.6212,0.38,0,80,235,315
12440,2012-06-07,2,1,6,12,0,4,1,1,0.7,0.6364,0.42,0,62,274,336
12464,2012-06-08,2,1,6,12,0,5,1,1,0.72,0.6515,0.39,0.3284,89,280,369
12488,2012-06-09,2,1,6,12,0,6,0,1,0.8,0.697,0.29,0.2537,196,335,531
12512,2012-06-10,2,1,6,12,0,0,0,1,0.82,0.7121,0.3,0,173,329,502
12536,2012-06-11,2,1,6,12,0,1,1,2,0.8,0.7273,0.43,0.194,63,198,261
12560,2012-06-12,2,1,6,12,0,2,1,3,0.66,0.6061,0.83,0.2537,19,76,95
12584,2012-06-13,2,1,6,12,0,3,1,2,0.68,0.6364,0.44,0.4179,93,241,334
12608,2012-06-14,2,1,6,12,0,4,1,2,0.66,0.6212,0.61,0.2239,55,210,265
12632,2012-06-15,2,1,6,12,0,5,1,1,0.7,0.6364,0.45,0.1642,111,292,403
12656,2012-06-16,2,1,6,12,0,6,0,1,0.68,0.6364,0.41,0.1045,254,349,603
12680,2012-06-17,2,1,6,12,0,0,0,1,0.62,0.6212,0.57,0,260,355,615
12704,2012-06-18,2,1,6,12,0,1,1,3,0.56,0.5303,0.78,0.1343,29,139,168
12728,2012-06-19,2,1,6,12,0,2,1,1,0.7,0.6515,0.65,0.0896,70,222,292
12752,2012-06-20,2,1,6,12,0,3,1,1,0.86,0.803,0.47,0.1642,30,150,180
12776,2012-06-21,3,1,6,12,0,4,1,1,0.9,0.8182,0.35,0.194,33,182,215
12800,2012-06-22,3,1,6,12,0,5,1,1,0.84,0.7879,0.49,0.1343,63,191,254
12824,2012-06-23,3,1,6,12,0,6,0,1,0.8,0.7273,0.43,0.194,203,399,602
12848,2012-06-24,3,1,6,12,0,0,0,1,0.8,0.697,0.33,0.2239,227,329,556
12872,2012-06-25,3,1,6,12,0,1,1,2,0.76,0.6818,0.45,0.2985,74,196,270
12896,2012-06-26,3,1,6,12,0,2,1,1,0.66,0.6212,0.34,0.4478,80,228,308
12920,2012-06-27,3,1,6,12,0,3,1,1,0.76,0.6667,0.29,0.2985,77,245,322
12944,2012-06-28,3,1,6,12,0,4,1,1,0.84,0.7121,0.26,0.2836,49,227,276
12968,2012-06-29,3,1,6,12,0,5,1,2,0.92,0.8788,0.4,0.2537,53,173,226
12992,2012-06-30,3,1,6,12,0,6,0,1,0.88,0.7727,0.3,0.2537,143,328,471
13016,2012-07-01,3,1,7,12,0,0,0,1,0.9,0.8182,0.37,0.2239,114,319,433
13040,2012-07-02,3,1,7,12,0,1,1,1,0.84,0.7273,0.32,0.194,74,183,257
13064,2012-07-03,3,1,7,12,0,2,1,1,0.88,0.7576,0.28,0.194,74,198,272
13088,2012-07-04,3,1,7,12,1,3,0,1,0.86,0.7879,0.41,0.2239,164,330,494
13112,2012-07-05,3,1,7,12,0,4,1,1,0.9,0.8182,0.35,0.3582,88,188,276
13136,2012-07-06,3,1,7,12,0,5,1,1,0.88,0.7576,0.28,0.1045,111,220,331
13160,2012-07-07,3,1,7,12,0,6,0,1,0.96,0.8636,0.31,0.3582,124,218,342
13184,2012-07-08,3,1,7,12,0,0,0,1,0.92,0.8939,0.42,0.194,105,271,376
13208,2012-07-09,3,1,7,12,0,1,1,2,0.74,0.6818,0.58,0.1343,61,205,266
13232,2012-07-10,3,1,7,12,0,2,1,1,0.8,0.7121,0.41,0.1343,69,203,272
13256,2012-07-11,3,1,7,12,0,3,1,2,0.78,0.697,0.43,0,69,223,292
13280,2012-07-12,3,1,7,12,0,4,1,1,0.78,0.6818,0.35,0.1343,71,221,292
13304,2012-07-13,3,1,7,12,0,5,1,2,0.76,0.6818,0.4,0.1045,125,254,379
13328,2012-07-14,3,1,7,12,0,6,0,2,0.74,0.697,0.66,0.0896,181,318,499
13352,2012-07-15,3,1,7,12,0,0,0,1,0.84,0.7727,0.47,0.1045,153,336,489
13376,2012-07-16,3,1,7,12,0,1,1,1,0.84,0.7879,0.49,0.1343,79,158,237
13400,2012-07-17,3,1,7,12,0,2,1,2,0.9,0.8182,0.35,0,80,174,254
13424,2012-07-18,3,1,7,12,0,3,1,1,0.92,0.8636,0.37,0.1343,36,166,202
13448,2012-07-19,3,1,7,12,0,4,1,1,0.84,0.7879,0.49,0.2836,59,215,274
13472,2012-07-20,3,1,7,12,0,5,1,3,0.68,0.6364,0.83,0.1642,41,233,274
13496,2012-07-21,3,1,7,12,0,6,0,3,0.6,0.5606,0.83,0.2239,156,301,457
13520,2012-07-22,3,1,7,12,0,0,0,2,0.7,0.6515,0.7,0.1045,178,326,504
13544,2012-07-23,3,1,7,12,0,1,1,2,0.8,0.7424,0.52,0.1642,109,205,314
13568,2012-07-24,3,1,7,12,0,2,1,2,0.82,0.7879,0.56,0.2239,60,169,229
13592,2012-07-25,3,1,7,12,0,3,1,1,0.76,0.6667,0.33,0,77,233,310
13616,2012-07-26,3,1,7,12,0,4,1,1,0.84,0.8182,0.56,0.2537,73,206,279
13640,2012-07-27,3,1,7,12,0,5,1,1,0.84,0.7879,0.49,0.3582,92,207,299
13664,2012-07-28,3,1,7,12,0,6,0,1,0.84,0.7576,0.41,0.2239,157,330,487
13688,2012-07-29,3,1,7,12,0,0,0,1,0.76,0.697,0.55,0.3284,154,357,511
13712,2012-07-30,3,1,7,12,0,1,1,2,0.76,0.7121,0.58,0.1045,77,201,278
13736,2012-07-31,3,1,7,12,0,2,1,1,0.8,0.7273,0.46,0,50,198,248
13760,2012-08-01,3,1,8,12,0,3,1,1,0.8,0.7424,0.49,0.1045,75,209,284
13784,2012-08-02,3,1,8,12,0,4,1,1,0.84,0.7576,0.44,0.1343,56,230,286
13808,2012-08-03,3,1,8,12,0,5,1,2,0.86,0.8182,0.5,0.2985,95,243,338
13832,2012-08-04,3,1,8,12,0,6,0,1,0.86,0.7879,0.4,0.3582,222,325,547
13856,2012-08-05,3,1,8,12,0,0,0,1,0.86,0.803,0.47,0.5224,161,330,491
13880,2012-08-06,3,1,8,12,0,1,1,2,0.78,0.7273,0.55,0.0896,72,213,285
13904,2012-08-07,3,1,8,12,0,2,1,2,0.8,0.7576,0.55,0.1343,86,197,283
13928,2012-08-08,3,1,8,12,0,3,1,2,0.8,0.7424,0.52,0,63,217,280
13952,2012-08-09,3,1,8,12,0,4,1,1,0.84,0.7576,0.44,0.1045,85,192,277
13976,2012-08-10,3,1,8,12,0,5,1,2,0.74,0.697,0.66,0.3582,75,240,315
14000,2012-08-11,3,1,8,12,0,6,0,1,0.76,0.7121,0.58,0.2239,214,332,546
14024,2012-08-12,3,1,8,12,0,0,0,1,0.74,0.6667,0.42,0.194,163,342,505
14048,2012-08-13,3,1,8,12,0,1,1,1,0.78,0.697,0.4,0.194,96,180,276
14072,2012-08-14,3,1,8,12,0,2,1,1,0.78,0.7121,0.49,0.1343,93,207,300
14096,2012-08-15,3,1,8,12,0,3,1,1,0.74,0.6818,0.55,0.2239,77,230,307
14120,2012-08-16,3,1,8,12,0,4,1,1,0.8,0.697,0.33,0.1045,96,247,343
14144,2012-08-17,3,1,8,12,0,5,1,1,0.82,0.2424,0.41,0.2239,110,255,365
14168,2012-08-18,3,1,8,12,0,6,0,1,0.76,0.6667,0.37,0.194,266,388,654
14192,2012-08-19,3,1,8,12,0,0,0,3,0.64,0.6061,0.73,0,112,186,298
14216,2012-08-20,3,1,8,12,0,1,1,2,0.66,0.6212,0.61,0.1045,66,216,282
14240,2012-08-21,3,1,8,12,0,2,1,1,0.72,0.6515,0.45,0,79,226,305
14264,2012-08-22,3,1,8,12,0,3,1,1,0.74,0.6667,0.51,0,59,253,312
14288,2012-08-23,3,1,8,12,0,4,1,1,0.78,0.6818,0.38,0,97,235,332
14312,2012-08-24,3,1,8,12,0,5,1,2,0.76,0.6818,0.45,0.0896,95,276,371
14336,2012-08-25,3,1,8,12,0,6,0,3,0.72,0.6667,0.54,0.3881,217,367,584
14360,2012-08-26,3,1,8,12,0,0,0,3,0.72,0.697,0.74,0.3582,225,401,626
14384,2012-08-27,3,1,8,12,0,1,1,1,0.76,0.7121,0.62,0,69,214,283
14408,2012-08-28,3,1,8,12,0,2,1,1,0.8,0.7424,0.49,0.2836,56,241,297
14432,2012-08-29,3,1,8,12,0,3,1,1,0.76,0.6818,0.4,0,79,281,360
14456,2012-08-30,3,1,8,12,0,4,1,1,0.76,0.6818,0.45,0.1343,73,221,294
14480,2012-08-31,3,1,8,12,0,5,1,1,0.86,0.7424,0.26,0.2537,120,290,410
14504,2012-09-01,3,1,9,12,0,6,0,2,0.8,0.7576,0.55,0.1642,187,284,471
14528,2012-09-02,3,1,9,12,0,0,0,3,0.74,0.697,0.7,0,248,297,545
14552,2012-09-03,3,1,9,12,1,1,0,2,0.76,0.7121,0.62,0.2985,191,352,543
14576,2012-09-04,3,1,9,12,0,2,1,1,0.76,0.7273,0.7,0.2836,54,233,287
14600,2012-09-05,3,1,9,12,0,3,1,1,0.78,0.7727,0.7,0.1045,49,217,266
14624,2012-09-06,3,1,9,12,0,4,1,2,0.72,0.697,0.79,0.2239,11,126,137
14648,2012-09-07,3,1,9,12,0,5,1,1,0.78,0.7424,0.59,0.1642,76,247,323
14672,2012-09-08,3,1,9,12,0,6,0,1,0.8,0.7576,0.55,0.4925,220,474,694
14696,2012-09-09,3,1,9,12,0,0,0,1,0.66,0.6212,0.47,0,247,510,757
14720,2012-09-10,3,1,9,12,0,1,1,1,0.64,0.6212,0.44,0.3881,76,256,332
14744,2012-09-11,3,1,9,12,0,2,1,1,0.64,0.6212,0.33,0,62,254,316
14768,2012-09-12,3,1,9,12,0,3,1,1,0.68,0.6364,0.36,0.1343,88,264,352
14792,2012-09-13,3,1,9,12,0,4,1,1,0.68,0.6364,0.44,0.1045,57,240,297
14816,2012-09-14,3,1,9,12,0,5,1,2,0.7,0.6515,0.54,0.194,119,290,409
14840,2012-09-15,3,1,9,12,0,6,0,1,0.66,0.6212,0.36,0.3582,287,419,706
14864,2012-09-16,3,1,9,12,0,0,0,1,0.66,0.6212,0.44,0.1642,188,468,656
14888,2012-09-17,3,1,9,12,0,1,1,2,0.62,0.6061,0.69,0.194,62,233,295
14912,2012-09-18,3,1,9,12,0,2,1,3,0.68,0.6364,0.83,0.4478,16,72,88
14936,2012-09-19,3,1,9,12,0,3,1,1,0.6,0.6212,0.43,0.2537,53,260,313
14960,2012-09-20,3,1,9,12,0,4,1,1,0.62,0.6212,0.43,0.1343,57,233,290
14984,2012-09-21,3,1,9,12,0,5,1,1,0.68,0.6364,0.57,0.1642,84,305,389
15008,2012-09-22,3,1,9,12,0,6,0,1,0.72,0.6667,0.54,0.2985,228,460,688
15032,2012-09-23,4,1,9,12,0,0,0,1,0.56,0.5303,0.43,0.1045,250,526,776
15056,2012-09-24,4,1,9,12,0,1,1,1,0.56,0.5303,0.35,0.2985,77,265,342
15080,2012-09-25,4,1,9,12,0,2,1,1,0.62,0.6212,0.43,0.2836,69,233,302
15104,2012-09-26,4,1,9,12,0,3,1,1,0.68,0.6364,0.61,0.2239,56,260,316
15128,2012-09-27,4,1,9,12,0,4,1,2,0.74,0.6667,0.48,0.1343,63,272,335
15152,2012-09-28,4,1,9,12,0,5,1,2,0.7,0.6515,0.54,0.2537,94,286,380
15176,2012-09-29,4,1,9,12,0,6,0,1,0.62,0.6212,0.41,0.2985,191,491,682
15200,2012-09-30,4,1,9,12,0,0,0,1,0.62,0.6212,0.41,0.2985,206,474,680
15224,2012-10-01,4,1,10,12,0,1,1,2,0.6,0.6212,0.43,0.1642,61,262,323
15248,2012-10-02,4,1,10,12,0,2,1,2,0.6,0.5455,0.88,0.194,6,98,104
15272,2012-10-03,4,1,10,12,0,3,1,2,0.7,0.6515,0.7,0.1045,69,289,358
15296,2012-10-04,4,1,10,12,0,4,1,2,0.72,0.6667,0.54,0.194,57,231,288
15320,2012-10-05,4,1,10,12,0,5,1,1,0.72,0.6515,0.42,0.1642,161,307,468
15344,2012-10-06,4,1,10,12,0,6,0,1,0.7,0.6515,0.54,0.1045,362,381,743
15368,2012-10-07,4,1,10,12,0,0,0,2,0.42,0.4242,0.71,0,100,292,392
15392,2012-10-08,4,1,10,12,1,1,0,2,0.42,0.4242,0.63,0.1642,74,267,341
15416,2012-10-09,4,1,10,12,0,2,1,2,0.48,0.4697,0.69,0.194,43,217,260
15440,2012-10-10,4,1,10,12,0,3,1,1,0.54,0.5152,0.56,0.2239,78,312,390
15464,2012-10-11,4,1,10,12,0,4,1,1,0.46,0.4545,0.36,0,47,279,326
15488,2012-10-12,4,1,10,12,0,5,1,1,0.54,0.5152,0.39,0.4627,75,312,387
15512,2012-10-13,4,1,10,12,0,6,0,1,0.44,0.4394,0.35,0,202,371,573
15536,2012-10-14,4,1,10,12,0,0,0,1,0.62,0.6212,0.46,0.3284,200,362,562
15560,2012-10-15,4,1,10,12,0,1,1,3,0.6,0.5758,0.78,0.3284,73,211,284
15584,2012-10-16,4,1,10,12,0,2,1,2,0.52,0.5,0.45,0.3284,69,256,325
15608,2012-10-17,4,1,10,12,0,3,1,2,0.52,0.5,0.48,0.1642,71,261,332
15632,2012-10-18,4,1,10,12,0,4,1,2,0.6,0.6212,0.53,0.2537,93,284,377
15656,2012-10-19,4,1,10,12,0,5,1,1,0.64,0.6061,0.69,0.2239,74,258,332
15680,2012-10-20,4,1,10,12,0,6,0,1,0.56,0.5303,0.46,0.1045,267,436,703
15704,2012-10-21,4,1,10,12,0,0,0,1,0.54,0.5152,0.39,0.3284,236,439,675
15728,2012-10-22,4,1,10,12,0,1,1,1,0.58,0.5455,0.35,0,52,231,283
15752,2012-10-23,4,1,10,12,0,2,1,2,0.62,0.6212,0.46,0.0896,80,298,378
15776,2012-10-24,4,1,10,12,0,3,1,1,0.62,0.6061,0.61,0.0896,48,268,316
15800,2012-10-25,4,1,10,12,0,4,1,2,0.56,0.5303,0.78,0.1045,61,258,319
15824,2012-10-26,4,1,10,12,0,5,1,2,0.58,0.5455,0.73,0.194,90,302,392
15848,2012-10-27,4,1,10,12,0,6,0,1,0.6,0.6212,0.53,0.2537,264,404,668
15872,2012-10-28,4,1,10,12,0,0,0,2,0.48,0.4697,0.59,0.4925,118,373,491
15908,2012-10-31,4,1,10,12,0,3,1,1,0.4,0.4091,0.58,0.194,44,197,241
15932,2012-11-01,4,1,11,12,0,4,1,3,0.38,0.3939,0.62,0.1642,23,198,221
15956,2012-11-02,4,1,11,12,0,5,1,1,0.42,0.4242,0.41,0.3582,52,240,292
15980,2012-11-03,4,1,11,12,0,6,0,2,0.36,0.3182,0.46,0.4627,74,320,394
16004,2012-11-04,4,1,11,12,0,0,0,1,0.38,0.3939,0.46,0.2239,150,354,504
16028,2012-11-05,4,1,11,12,0,1,1,1,0.36,0.3333,0.43,0.3284,38,206,244
16052,2012-11-06,4,1,11,12,0,2,1,1,0.32,0.3333,0.45,0.1343,31,217,248
16076,2012-11-07,4,1,11,12,0,3,1,2,0.32,0.303,0.53,0.2836,24,188,212
16099,2012-11-08,4,1,11,12,0,4,1,1,0.4,0.4091,0.24,0.4925,33,202,235
16123,2012-11-09,4,1,11,12,0,5,1,1,0.44,0.4394,0.41,0.3284,48,214,262
16147,2012-11-10,4,1,11,12,0,6,0,1,0.48,0.4697,0.48,0,258,348,606
16171,2012-11-11,4,1,11,12,0,0,0,1,0.5,0.4848,0.48,0.0896,195,390,585
16195,2012-11-12,4,1,11,12,1,1,0,1,0.56,0.5303,0.64,0.2239,105,314,419
16219,2012-11-13,4,1,11,12,0,2,1,1,0.34,0.3182,0.61,0.2836,16,180,196
16243,2012-11-14,4,1,11,12,0,3,1,1,0.34,0.3333,0.46,0,40,200,240
16267,2012-11-15,4,1,11,12,0,4,1,2,0.36,0.3636,0.62,0.1045,29,184,213
16291,2012-11-16,4,1,11,12,0,5,1,1,0.4,0.4091,0.43,0.2836,28,262,290
16315,2012-11-17,4,1,11,12,0,6,0,1,0.4,0.4091,0.4,0.1642,117,359,476
16339,2012-11-18,4,1,11,12,0,0,0,1,0.4,0.4091,0.62,0.2836,101,341,442
16363,2012-11-19,4,1,11,12,0,1,1,2,0.4,0.4091,0.62,0.2836,35,207,242
16387,2012-11-20,4,1,11,12,0,2,1,2,0.42,0.4242,0.67,0,70,243,313
16411,2012-11-21,4,1,11,12,0,3,1,1,0.44,0.4394,0.41,0.194,74,270,344
16435,2012-11-22,4,1,11,12,1,4,0,1,0.44,0.4394,0.35,0,117,145,262
16459,2012-11-23,4,1,11,12,0,5,1,1,0.44,0.4394,0.38,0.2537,186,193,379
16483,2012-11-24,4,1,11,12,0,6,0,2,0.3,0.2576,0.36,0.6119,53,146,199
16507,2012-11-25,4,1,11,12,0,0,0,2,0.26,0.2576,0.41,0.2239,37,165,202
16531,2012-11-26,4,1,11,12,0,1,1,1,0.42,0.4242,0.35,0.1045,22,188,210
16555,2012-11-27,4,1,11,12,0,2,1,3,0.28,0.2576,0.87,0.3881,6,70,76
16579,2012-11-28,4,1,11,12,0,3,1,1,0.34,0.303,0.42,0.3881,19,189,208
16602,2012-11-29,4,1,11,12,0,4,1,1,0.36,0.3485,0.4,0.1642,11,225,236
16626,2012-11-30,4,1,11,12,0,5,1,2,0.38,0.3939,0.46,0,25,243,268
16650,2012-12-01,4,1,12,12,0,6,0,2,0.32,0.3333,0.81,0.0896,119,327,446
16674,2012-12-02,4,1,12,12,0,0,0,2,0.34,0.3333,0.81,0.1642,111,409,520
16698,2012-12-03,4,1,12,12,0,1,1,1,0.52,0.5,0.68,0.1642,40,228,268
16722,2012-12-04,4,1,12,12,0,2,1,1,0.52,0.5,0.68,0.194,39,273,312
16746,2012-12-05,4,1,12,12,0,3,1,1,0.44,0.4394,0.41,0.2836,24,208,232
16770,2012-12-06,4,1,12,12,0,4,1,1,0.28,0.3182,0.41,0,29,206,235
16794,2012-12-07,4,1,12,12,0,5,1,2,0.34,0.3333,0.71,0.194,36,204,240
16818,2012-12-08,4,1,12,12,0,6,0,2,0.4,0.4091,0.87,0.2239,122,364,486
16842,2012-12-09,4,1,12,12,0,0,0,2,0.4,0.4091,0.82,0.2985,60,255,315
16866,2012-12-10,4,1,12,12,0,1,1,3,0.44,0.4394,1,0.2239,23,150,173
16890,2012-12-11,4,1,12,12,0,2,1,2,0.36,0.3182,0.53,0.4478,13,213,226
16914,2012-12-12,4,1,12,12,0,3,1,2,0.34,0.3636,0.42,0,14,218,232
16938,2012-12-13,4,1,12,12,0,4,1,1,0.36,0.3333,0.4,0.2537,30,252,282
16962,2012-12-14,4,1,12,12,0,5,1,1,0.36,0.3485,0.5,0.194,29,244,273
16986,2012-12-15,4,1,12,12,0,6,0,1,0.38,0.3939,0.5,0.0896,89,364,453
17010,2012-12-16,4,1,12,12,0,0,0,2,0.38,0.3939,0.82,0.194,67,350,417
17034,2012-12-17,4,1,12,12,0,1,1,2,0.4,0.4091,0.87,0,21,211,232
17058,2012-12-18,4,1,12,12,0,2,1,3,0.48,0.4697,0.48,0.2537,49,264,313
17082,2012-12-19,4,1,12,12,0,3,1,1,0.4,0.4091,0.54,0.2836,33,203,236
17106,2012-12-20,4,1,12,12,0,4,1,2,0.36,0.3485,0.53,0.1642,31,181,212
17130,2012-12-21,1,1,12,12,0,5,1,2,0.32,0.2879,0.39,0.3582,25,199,224
17154,2012-12-22,1,1,12,12,0,6,0,1,0.3,0.2576,0.36,0.6567,18,128,146
17178,2012-12-23,1,1,12,12,0,0,0,1,0.3,0.2879,0.42,0.194,52,144,196
17201,2012-12-24,1,1,12,12,0,1,1,2,0.28,0.303,0.56,0.0896,22,113,135
17224,2012-12-25,1,1,12,12,1,2,0,1,0.32,0.3333,0.76,0.0896,62,52,114
17248,2012-12-26,1,1,12,12,0,3,1,3,0.22,0.197,0.87,0.3284,0,10,10
17272,2012-12-27,1,1,12,12,0,4,1,1,0.3,0.2727,0.49,0.4627,22,87,109
17296,2012-12-28,1,1,12,12,0,5,1,2,0.3,0.303,0.49,0.1343,72,150,222
17320,2012-12-29,1,1,12,12,0,6,0,3,0.2,0.2424,1,0,5,43,48
17344,2012-12-30,1,1,12,12,0,0,0,1,0.28,0.2273,0.36,0.5821,47,97,144
17368,2012-12-31,1,1,12,12,0,1,1,2,0.24,0.2273,0.56,0.194,52,172,224
