14,2011-01-01,1,0,1,13,0,6,0,2,0.46,0.4545,0.72,0.2985,47,47,94
37,2011-01-02,1,0,1,13,0,0,0,2,0.36,0.3485,0.66,0.1343,11,64,75
59,2011-01-03,1,0,1,13,0,1,1,1,0.24,0.2121,0.35,0.2836,8,53,61
82,2011-01-04,1,0,1,13,0,2,1,1,0.24,0.2273,0.56,0.194,18,79,97
105,2011-01-05,1,0,1,13,0,3,1,1,0.28,0.2576,0.3,0.2985,6,65,71
128,2011-01-06,1,0,1,13,0,4,1,1,0.26,0.2727,0.35,0.1045,12,55,67
151,2011-01-07,1,0,1,13,0,5,1,2,0.2,0.1818,0.37,0.2836,9,64,73
175,2011-01-08,1,0,1,13,0,6,0,1,0.2,0.1818,0.44,0.3284,7,95,102
199,2011-01-09,1,0,1,13,0,0,0,1,0.2,0.1667,0.34,0.4478,6,69,75
223,2011-01-10,1,0,1,13,0,1,1,2,0.2,0.1818,0.4,0.2836,4,50,54
245,2011-01-11,1,0,1,13,0,2,1,2,0.2,0.2273,0.59,0.0896,6,46,52
267,2011-01-12,1,0,1,13,0,3,1,1,0.22,0.197,0.44,0.3582,0,49,49
291,2011-01-13,1,0,1,13,0,4,1,1,0.22,0.197,0.41,0.4478,2,81,83
314,2011-01-14,1,0,1,13,0,5,1,1,0.22,0.197,0.37,0.3881,4,73,77
338,2011-01-15,1,0,1,13,0,6,0,1,0.28,0.2576,0.38,0.2985,21,80,101
362,2011-01-16,1,0,1,13,0,0,0,1,0.26,0.2273,0.35,0.2985,23,95,118
386,2011-01-17,1,0,1,13,1,1,0,2,0.18,0.197,0.47,0.1343,13,80,93
398,2011-01-18,1,0,1,13,0,2,1,2,0.2,0.197,0.86,0.2239,0,22,22
421,2011-01-19,1,0,1,13,0,3,1,1,0.4,0.4091,0.62,0.2836,11,67,78
445,2011-01-20,1,0,1,13,0,4,1,2,0.28,0.2879,0.45,0.1045,12,86,98
469,2011-01-21,1,0,1,13,0,5,1,1,0.2,0.1515,0.21,0.5821,8,65,73
492,2011-01-22,1,0,1,13,0,6,0,1,0.08,0.1667,0.35,0,12,72,84
515,2011-01-23,1,0,1,13,0,0,0,1,0.14,0.1061,0.33,0.3881,12,75,87
538,2011-01-24,1,0,1,13,0,1,1,2,0.14,0.1364,0.43,0.2239,6,54,60
561,2011-01-25,1,0,1,13,0,2,1,2,0.26,0.2727,0.56,0.1343,21,72,93
583,2011-01-26,1,0,1,13,0,3,1,3,0.22,0.197,0.93,0.3284,4,43,47
608,2011-01-28,1,0,1,13,0,5,1,3,0.18,0.2121,0.93,0.1045,0,31,31
631,2011-01-29,1,0,1,13,0,6,0,2,0.22,0.2273,0.55,0.1642,9,56,65
654,2011-01-30,1,0,1,13,0,0,0,1,0.28,0.2879,0.61,0.1045,13,71,84
678,2011-01-31,1,0,1,13,0,1,1,2,0.16,0.2273,0.59,0,2,52,54
701,2011-02-01,1,0,2,13,0,2,1,2,0.2,0.2576,0.86,0,3,49,52
725,2011-02-02,1,0,2,13,0,3,1,1,0.34,0.3333,0.93,0.1642,1,74,75
748,2011-02-03,1,0,2,13,0,4,1,1,0.2,0.1667,0.4,0.4179,4,47,51
771,2011-02-04,1,0,2,13,0,5,1,2,0.26,0.2576,0.5,0.2239,9,73,82
795,2011-02-05,1,0,2,13,0,6,0,3,0.22,0.2273,1,0.1642,10,62,72
819,2011-02-06,1,0,2,13,0,0,0,1,0.34,0.3636,0.46,0,47,135,182
843,2011-02-07,1,0,2,13,0,1,1,2,0.36,0.3636,0.57,0.0896,10,54,64
867,2011-02-08,1,0,2,13,0,2,1,2,0.24,0.197,0.32,0.4478,2,48,50
890,2011-02-09,1,0,2,13,0,3,1,1,0.18,0.1667,0.4,0.2537,2,67,69
913,2011-02-10,1,0,2,13,0,4,1,1,0.18,0.1667,0.29,0.2985,3,59,62
935,2011-02-11,1,0,2,13,0,5,1,1,0.24,0.2273,0.35,0.194,21,89,110
959,2011-02-12,1,0,2,13,0,6,0,1,0.3,0.2727,0.39,0.4179,32,103,135
982,2011-02-13,1,0,2,13,0,0,0,1,0.38,0.3939,0.29,0.3582,62,92,154
1006,2011-02-14,1,0,2,13,0,1,1,1,0.58,0.5455,0.19,0.3881,27,93,120
1029,2011-02-15,1,0,2,13,0,2,1,1,0.32,0.303,0.21,0.2239,14,68,82
1052,2011-02-16,1,0,2,13,0,3,1,1,0.42,0.4242,0.3,0.3582,13,80,93
1076,2011-02-17,1,0,2,13,0,4,1,1,0.54,0.5152,0.34,0.2239,15,108,123
1100,2011-02-18,1,0,2,13,0,5,1,1,0.6,0.6212,0.43,0.194,45,131,176
1124,2011-02-19,1,0,2,13,0,6,0,1,0.44,0.4394,0.16,0.6119,52,103,155
1147,2011-02-20,1,0,2,13,0,0,0,1,0.34,0.3333,0.29,0,76,122,198
1171,2011-02-21,1,0,2,13,1,1,0,3,0.3,0.2727,0.81,0.3284,28,75,103
1189,2011-02-22,1,0,2,13,0,2,1,1,0.22,0.2273,0.55,0.1642,3,52,55
1212,2011-02-23,1,0,2,13,0,3,1,1,0.3,0.3182,0.28,0.0896,9,78,87
1235,2011-02-24,1,0,2,13,0,4,1,2,0.38,0.3939,0.54,0.2985,16,72,88
1258,2011-02-25,1,0,2,13,0,5,1,3,0.54,0.5152,0.6,0.4627,6,77,83
1282,2011-02-26,1,0,2,13,0,6,0,2,0.34,0.3182,0.42,0.2537,38,136,174
1305,2011-02-27,1,0,2,13,0,0,0,1,0.42,0.4242,0.47,0,90,169,259
1327,2011-02-28,1,0,2,13,0,1,1,3,0.46,0.4545,0.94,0.2239,1,31,32
1351,2011-03-01,1,0,3,13,0,2,1,1,0.32,0.3485,0.39,0,13,65,78
1375,2011-03-02,1,0,3,13,0,3,1,1,0.5,0.4848,0.25,0,35,90,125
1399,2011-03-03,1,0,3,13,0,4,1,1,0.22,0.2576,0.25,0.0896,13,67,80
1423,2011-03-04,1,0,3,13,0,5,1,1,0.34,0.3182,0.42,0.2239,13,74,87
1447,2011-03-05,1,0,3,13,0,6,0,2,0.46,0.4545,0.67,0.2836,60,130,190
1470,2011-03-06,1,0,3,13,0,0,0,2,0.46,0.4545,0.94,0.3582,22,83,105
1493,2011-03-07,1,0,3,13,0,1,1,1,0.32,0.2879,0.36,0.3881,16,54,70
1517,2011-03-08,1,0,3,13,0,2,1,2,0.38,0.3939,0.25,0.1045,25,73,98
1541,2011-03-09,1,0,3,13,0,3,1,2,0.32,0.2879,0.76,0.3582,17,82,99
1563,2011-03-10,1,0,3,13,0,4,1,3,0.42,0.4242,0,0.2239,1,11,12
1586,2011-03-11,1,0,3,13,0,5,1,1,0.36,0.3333,0.53,0.2537,15,92,107
1610,2011-03-12,1,0,3,13,0,6,0,1,0.36,0.3333,0.51,0.3582,62,95,157
1633,2011-03-13,1,0,3,13,0,0,0,1,0.46,0.4545,0.38,0.3881,97,124,221
1656,2011-03-14,1,0,3,13,0,1,1,1,0.38,0.3939,0.36,0.3284,24,51,75
1679,2011-03-15,1,0,3,13,0,2,1,2,0.36,0.3333,0.57,0.2836,23,74,97
1702,2011-03-16,1,0,3,13,0,3,1,2,0.4,0.4091,0.76,0.1343,18,81,99
1726,2011-03-17,1,0,3,13,0,4,1,2,0.52,0.5,0.42,0.0896,26,85,111
1749,2011-03-18,1,0,3,13,0,5,1,1,0.64,0.6212,0.41,0.2836,57,118,175
1773,2011-03-19,1,0,3,13,0,6,0,1,0.5,0.4848,0.34,0.4627,174,127,301
1797,2011-03-20,1,0,3,13,0,0,0,1,0.38,0.3939,0.34,0,88,115,203
1820,2011-03-21,2,0,3,13,0,1,1,2,0.5,0.4848,0.63,0.2239,35,77,112
1844,2011-03-22,2,0,3,13,0,2,1,1,0.5,0.4848,0.45,0.2239,21,85,106
1867,2011-03-23,2,0,3,13,0,3,1,3,0.34,0.3333,0.87,0.1343,14,94,108
1891,2011-03-24,2,0,3,13,0,4,1,2,0.32,0.303,0.7,0.2239,11,90,101
1915,2011-03-25,2,0,3,13,0,5,1,1,0.32,0.3182,0.39,0.194,34,104,138
1939,2011-03-26,2,0,3,13,0,6,0,1,0.32,0.303,0.33,0.2239,94,145,239
1962,2011-03-27,2,0,3,13,0,0,0,1,0.3,0.2879,0.39,0.2239,47,100,147
1985,2011-03-28,2,0,3,13,0,1,1,2,0.3,0.2879,0.24,0.2239,14,69,83
2009,2011-03-29,2,0,3,13,0,2,1,1,0.34,0.303,0.25,0.2985,24,80,104
2033,2011-03-30,2,0,3,13,0,3,1,2,0.36,0.3485,0.46,0.2239,14,84,98
2057,2011-03-31,2,0,3,13,0,4,1,3,0.3,0.303,0.87,0.1343,13,55,68
2081,2011-04-01,2,0,4,13,0,5,1,1,0.36,0.3333,0.5,0.3582,18,92,110
2105,2011-04-02,2,0,4,13,0,6,0,1,0.34,0.3333,0.81,0.1343,56,81,137
2129,2011-04-03,2,0,4,13,0,0,0,1,0.44,0.4394,0.33,0.2985,219,148,367
2153,2011-04-04,2,0,4,13,0,1,1,1,0.68,0.6364,0.34,0.3284,47,92,139
2177,2011-04-05,2,0,4,13,0,2,1,2,0.36,0.3333,0.63,0.4179,5,51,56
2201,2011-04-06,2,0,4,13,0,3,1,1,0.46,0.4545,0.38,0.4925,29,83,112
2225,2011-04-07,2,0,4,13,0,4,1,2,0.52,0.5,0.48,0.0896,36,99,135
2249,2011-04-08,2,0,4,13,0,5,1,3,0.36,0.3333,0.76,0.2836,7,35,42
2273,2011-04-09,2,0,4,13,0,6,0,2,0.36,0.3788,0.81,0,114,108,222
2297,2011-04-10,2,0,4,13,0,0,0,1,0.46,0.4545,0.82,0.1045,121,142,263
2320,2011-04-11,2,0,4,13,0,1,1,2,0.64,0.6061,0.69,0.4179,62,77,139
2344,2011-04-12,2,0,4,13,0,2,1,3,0.54,0.5152,0.68,0.2836,22,84,106
2368,2011-04-13,2,0,4,13,0,3,1,2,0.44,0.4394,0.77,0.194,6,55,61
2392,2011-04-14,2,0,4,13,0,4,1,1,0.56,0.5303,0.37,0.2239,38,121,159
2416,2011-04-15,2,0,4,13,1,5,0,1,0.54,0.5152,0.52,0.2537,47,133,180
2440,2011-04-16,2,0,4,13,0,6,0,3,0.46,0.4545,0.94,0.5224,9,49,58
2464,2011-04-17,2,0,4,13,0,0,0,1,0.5,0.4848,0.34,0.3881,181,162,343
2488,2011-04-18,2,0,4,13,0,1,1,2,0.56,0.5303,0.49,0.1642,41,128,169
2512,2011-04-19,2,0,4,13,0,2,1,2,0.54,0.5152,0.68,0.2239,26,103,129
2536,2011-04-20,2,0,4,13,0,3,1,1,0.7,0.6515,0.48,0.3881,42,135,177
2560,2011-04-21,2,0,4,13,0,4,1,1,0.48,0.4697,0.33,0.3284,55,122,177
2584,2011-04-22,2,0,4,13,0,5,1,3,0.34,0.3333,0.87,0.194,3,37,40
2608,2011-04-23,2,0,4,13,0,6,0,1,0.52,0.5,0.83,0.3881,126,186,312
2632,2011-04-24,2,0,4,13,0,0,0,1,0.7,0.6515,0.58,0.2836,205,236,441
2656,2011-04-25,2,0,4,13,0,1,1,1,0.7,0.6515,0.65,0.2239,57,146,203
2680,2011-04-26,2,0,4,13,0,2,1,1,0.74,0.6667,0.51,0.4478,37,139,176
2704,2011-04-27,2,0,4,13,0,3,1,1,0.64,0.5909,0.78,0.2985,31,119,150
2728,2011-04-28,2,0,4,13,0,4,1,2,0.62,0.5758,0.83,0.2985,18,103,121
2752,2011-04-29,2,0,4,13,0,5,1,1,0.56,0.5303,0.37,0.2985,74,234,308
2776,2011-04-30,2,0,4,13,0,6,0,1,0.54,0.5152,0.39,0.2985,185,270,455
2800,2011-05-01,2,0,5,13,0,0,0,2,0.5,0.4848,0.63,0.1642,123,209,332
2824,2011-05-02,2,0,5,13,0,1,1,2,0.62,0.6061,0.69,0.194,51,119,170
2848,2011-05-03,2,0,5,13,0,2,1,2,0.7,0.6515,0.58,0.6119,50,144,194
2872,2011-05-04,2,0,5,13,0,3,1,2,0.46,0.4545,0.59,0.4478,15,128,143
2896,2011-05-05,2,0,5,13,0,4,1,1,0.54,0.5152,0.3,0.5821,50,142,192
2920,2011-05-06,2,0,5,13,0,5,1,1,0.58,0.5455,0.4,0.3284,71,182,253
2944,2011-05-07,2,0,5,13,0,6,0,1,0.6,0.6212,0.35,0.2836,196,240,436
2968,2011-05-08,2,0,5,13,0,0,0,1,0.6,0.6212,0.49,0.1343,166,224,390
2992,2011-05-09,2,0,5,13,0,1,1,1,0.62,0.6212,0.38,0.2836,36,138,174
3016,2011-05-10,2,0,5,13,0,2,1,2,0.62,0.6212,0.38,0.2537,50,152,202
3040,2011-05-11,2,0,5,13,0,3,1,1,0.62,0.6212,0.5,0,36,157,193
3064,2011-05-12,2,0,5,13,0,4,1,2,0.62,0.6212,0.57,0.2985,48,170,218
3088,2011-05-13,2,0,5,13,0,5,1,2,0.52,0.5,0.88,0.3881,69,157,226
3112,2011-05-14,2,0,5,13,0,6,0,3,0.52,0.5,1,0.0896,68,180,248
3136,2011-05-15,2,0,5,13,0,0,0,1,0.62,0.5909,0.73,0.2836,195,261,456
3160,2011-05-16,2,0,5,13,0,1,1,1,0.68,0.6364,0.51,0,61,153,214
3184,2011-05-17,2,0,5,13,0,2,1,2,0.56,0.5303,0.88,0.3284,31,141,172
3208,2011-05-18,2,0,5,13,0,3,1,2,0.56,0.5303,0.83,0.3284,30,92,122
3232,2011-05-19,2,0,5,13,0,4,1,3,0.58,0.5455,0.64,0.2537,44,139,183
3256,2011-05-20,2,0,5,13,0,5,1,3,0.6,0.6212,0.56,0.2836,60,172,232
3280,2011-05-21,2,0,5,13,0,6,0,1,0.7,0.6364,0.45,0,191,271,462
3304,2011-05-22,2,0,5,13,0,0,0,2,0.66,0.6212,0.54,0.2239,180,275,455
3328,2011-05-23,2,0,5,13,0,1,1,2,0.74,0.6818,0.58,0.4179,49,155,204
3352,2011-05-24,2,0,5,13,0,2,1,1,0.78,0.697,0.46,0.2537,38,152,190
3376,2011-05-25,2,0,5,13,0,3,1,1,0.74,0.6818,0.55,0.1343,39,163,202
3400,2011-05-26,2,0,5,13,0,4,1,1,0.82,0.7727,0.52,0.2836,52,145,197
3424,2011-05-27,2,0,5,13,0,5,1,1,0.74,0.6818,0.58,0.194,51,158,209
3448,2011-05-28,2,0,5,13,0,6,0,1,0.72,0.6818,0.62,0.2239,168,217,385
3472,2011-05-29,2,0,5,13,0,0,0,1,0.72,0.6818,0.7,0.2836,237,181,418
3496,2011-05-30,2,0,5,13,1,1,0,1,0.86,0.7879,0.44,0.0896,133,217,350
3520,2011-05-31,2,0,5,13,0,2,1,1,0.9,0.8333,0.39,0.1642,37,110,147
3544,2011-06-01,2,0,6,13,0,3,1,1,0.9,0.8182,0.37,0.194,29,125,154
3568,2011-06-02,2,0,6,13,0,4,1,1,0.8,0.6818,0.24,0.3582,35,168,203
3592,2011-06-03,2,0,6,13,0,5,1,1,0.68,0.6212,0.26,0.2537,58,190,248
3616,2011-06-04,2,0,6,13,0,6,0,1,0.74,0.6515,0.28,0.1343,188,268,456
3640,2011-06-05,2,0,6,13,0,0,0,1,0.66,0.6212,0.65,0.1045,154,213,367
3664,2011-06-06,2,0,6,13,0,1,1,1,0.78,0.6818,0.35,0,28,152,180
3688,2011-06-07,2,0,6,13,0,2,1,2,0.8,0.7273,0.43,0.2537,55,141,196
3712,2011-06-08,2,0,6,13,0,3,1,1,0.9,0.8485,0.42,0,20,116,136
3736,2011-06-09,2,0,6,13,0,4,1,1,0.9,0.8182,0.37,0.0896,18,118,136
3760,2011-06-10,2,0,6,13,0,5,1,1,0.84,0.7576,0.44,0.1045,40,149,189
3784,2011-06-11,2,0,6,13,0,6,0,1,0.8,0.7576,0.55,0.194,150,237,387
3808,2011-06-12,2,0,6,13,0,0,0,1,0.78,0.7424,0.59,0.2836,109,264,373
3832,2011-06-13,2,0,6,13,0,1,1,1,0.7,0.6364,0.37,0,53,174,227
3856,2011-06-14,2,0,6,13,0,2,1,1,0.64,0.6212,0.44,0.2239,33,176,209
3880,2011-06-15,2,0,6,13,0,3,1,1,0.74,0.6515,0.28,0.2836,43,146,189
3904,2011-06-16,2,0,6,13,0,4,1,2,0.72,0.6667,0.54,0.2537,37,114,151
3928,2011-06-17,2,0,6,13,0,5,1,1,0.74,0.6818,0.62,0.2836,48,156,204
3952,2011-06-18,2,0,6,13,0,6,0,1,0.76,0.697,0.55,0,135,192,327
3976,2011-06-19,2,0,6,13,0,0,0,2,0.74,0.6667,0.51,0,149,214,363
4000,2011-06-20,2,0,6,13,0,1,1,1,0.64,0.6061,0.65,0.1045,50,129,179
4024,2011-06-21,3,0,6,13,0,2,1,1,0.74,0.697,0.66,0.1642,49,158,207
4048,2011-06-22,3,0,6,13,0,3,1,2,0.82,0.7879,0.56,0.2537,34,113,147
4072,2011-06-23,3,0,6,13,0,4,1,2,0.76,0.7121,0.62,0.2836,37,149,186
4096,2011-06-24,3,0,6,13,0,5,1,1,0.8,0.7121,0.36,0.2239,43,178,221
4120,2011-06-25,3,0,6,13,0,6,0,1,0.74,0.6515,0.4,0.2836,140,231,371
4144,2011-06-26,3,0,6,13,0,0,0,1,0.74,0.6515,0.4,0,197,245,442
4168,2011-06-27,3,0,6,13,0,1,1,2,0.72,0.6667,0.58,0.2239,37,127,164
4192,2011-06-28,3,0,6,13,0,2,1,1,0.84,0.7576,0.44,0,33,156,189
4216,2011-06-29,3,0,6,13,0,3,1,1,0.8,0.697,0.31,0.3284,45,186,231
4240,2011-06-30,3,0,6,13,0,4,1,1,0.76,0.6667,0.33,0.194,70,162,232
4264,2011-07-01,3,0,7,13,0,5,1,1,0.8,0.6818,0.24,0,83,209,292
4288,2011-07-02,3,0,7,13,0,6,0,1,0.82,0.7121,0.3,0.1045,178,226,404
4312,2011-07-03,3,0,7,13,0,0,0,1,0.8,0.7727,0.59,0.2239,248,173,421
4336,2011-07-04,3,0,7,13,1,1,0,2,0.78,0.7121,0.49,0,242,181,423
4360,2011-07-05,3,0,7,13,0,2,1,1,0.82,0.7424,0.43,0.1045,67,136,203
4384,2011-07-06,3,0,7,13,0,3,1,2,0.74,0.697,0.7,0.1045,33,107,140
4408,2011-07-07,3,0,7,13,0,4,1,1,0.86,0.7879,0.41,0,48,107,155
4432,2011-07-08,3,0,7,13,0,5,1,2,0.78,0.7576,0.66,0.2836,54,175,229
4456,2011-07-09,3,0,7,13,0,6,0,1,0.82,0.7424,0.41,0.2239,167,249,416
4480,2011-07-10,3,0,7,13,0,0,0,1,0.8,0.7273,0.46,0.2985,139,228,367
4504,2011-07-11,3,0,7,13,0,1,1,1,0.86,0.8182,0.5,0.2537,22,119,141
4528,2011-07-12,3,0,7,13,0,2,1,1,0.86,0.803,0.47,0.2239,32,104,136
4552,2011-07-13,3,0,7,13,0,3,1,3,0.82,0.7576,0.46,0.1343,39,119,158
4576,2011-07-14,3,0,7,13,0,4,1,1,0.76,0.6667,0.33,0.3284,39,138,177
4600,2011-07-15,3,0,7,13,0,5,1,1,0.7,0.6515,0.54,0.194,85,162,247
4624,2011-07-16,3,0,7,13,0,6,0,1,0.76,0.6818,0.45,0.2985,221,276,497
4648,2011-07-17,3,0,7,13,0,0,0,1,0.8,0.7424,0.49,0.2985,200,272,472
4672,2011-07-18,3,0,7,13,0,1,1,1,0.82,0.7879,0.56,0.2537,27,125,152
4696,2011-07-19,3,0,7,13,0,2,1,1,0.86,0.8333,0.53,0.1045,33,139,172
4720,2011-07-20,3,0,7,13,0,3,1,1,0.84,0.8182,0.56,0.194,23,97,120
4744,2011-07-21,3,0,7,13,0,4,1,1,0.88,0.8939,0.56,0.2985,21,81,102
4768,2011-07-22,3,0,7,13,0,5,1,1,0.94,0.9848,0.51,0.1642,25,98,123
4792,2011-07-23,3,0,7,13,0,6,0,1,0.94,0.8788,0.38,0.1642,78,167,245
4816,2011-07-24,3,0,7,13,0,0,0,1,0.86,0.803,0.47,0.2239,90,162,252
4840,2011-07-25,3,0,7,13,0,1,1,2,0.74,0.7121,0.74,0.1343,14,64,78
4864,2011-07-26,3,0,7,13,0,2,1,1,0.84,0.7273,0.32,0.2985,43,139,182
4888,2011-07-27,3,0,7,13,0,3,1,1,0.84,0.7273,0.3,0.3582,29,151,180
4912,2011-07-28,3,0,7,13,0,4,1,1,0.86,0.803,0.47,0.2537,26,126,152
4936,2011-07-29,3,0,7,13,0,5,1,1,0.94,0.8333,0.31,0,42,114,156
4960,2011-07-30,3,0,7,13,0,6,0,1,0.88,0.7576,0.29,0,125,183,308
4984,2011-07-31,3,0,7,13,0,0,0,1,0.9,0.7727,0.24,0.1343,142,152,294
5008,2011-08-01,3,0,8,13,0,1,1,1,0.9,0.803,0.31,0.2985,38,112,150
5032,2011-08-02,3,0,8,13,0,2,1,1,0.86,0.7424,0.3,0.2239,50,153,203
5056,2011-08-03,3,0,8,13,0,3,1,2,0.76,0.7121,0.58,0.2239,37,107,144
5080,2011-08-04,3,0,8,13,0,4,1,1,0.76,0.7121,0.58,0,63,142,205
5104,2011-08-05,3,0,8,13,0,5,1,1,0.78,0.7121,0.52,0.2537,40,164,204
5128,2011-08-06,3,0,8,13,0,6,0,2,0.8,0.7727,0.59,0.3284,176,265,441
5152,2011-08-07,3,0,8,13,0,0,0,1,0.9,0.8485,0.42,0.2985,118,206,324
5176,2011-08-08,3,0,8,13,0,1,1,1,0.84,0.7576,0.44,0.2985,43,108,151
5200,2011-08-09,3,0,8,13,0,2,1,1,0.84,0.7879,0.49,0.1642,48,127,175
5224,2011-08-10,3,0,8,13,0,3,1,1,0.82,0.7273,0.38,0.2836,41,150,191
5248,2011-08-11,3,0,8,13,0,4,1,1,0.76,0.6667,0.31,0.2239,51,166,217
5272,2011-08-12,3,0,8,13,0,5,1,1,0.78,0.6818,0.29,0.0896,74,179,253
5296,2011-08-13,3,0,8,13,0,6,0,2,0.74,0.7121,0.74,0.3284,61,92,153
5320,2011-08-14,3,0,8,13,0,0,0,1,0.72,0.697,0.74,0.2537,144,233,377
5344,2011-08-15,3,0,8,13,0,1,1,1,0.78,0.7121,0.52,0.2836,53,140,193
5368,2011-08-16,3,0,8,13,0,2,1,1,0.76,0.6818,0.48,0.2985,45,147,192
5392,2011-08-17,3,0,8,13,0,3,1,1,0.8,0.7121,0.41,0.194,38,138,176
5416,2011-08-18,3,0,8,13,0,4,1,1,0.8,0.7424,0.52,0.3582,33,154,187
5440,2011-08-19,3,0,8,13,0,5,1,2,0.76,0.7121,0.62,0.194,63,169,232
5464,2011-08-20,3,0,8,13,0,6,0,1,0.76,0.697,0.55,0.1343,158,220,378
5488,2011-08-21,3,0,8,13,0,0,0,1,0.8,0.7727,0.59,0.4179,94,216,310
5512,2011-08-22,3,0,8,13,0,1,1,1,0.74,0.6515,0.3,0.4627,47,158,205
5536,2011-08-23,3,0,8,13,0,2,1,1,0.72,0.6515,0.3,0.1045,70,164,234
5560,2011-08-24,3,0,8,13,0,3,1,1,0.76,0.6818,0.48,0.4179,56,180,236
5584,2011-08-25,3,0,8,13,0,4,1,1,0.7,0.6667,0.79,0.1045,7,30,37
5608,2011-08-26,3,0,8,13,0,5,1,2,0.78,0.7424,0.59,0.1045,72,165,237
5632,2011-08-27,3,0,8,13,0,6,0,3,0.66,0.6061,0.83,0.3881,10,33,43
5643,2011-08-28,3,0,8,13,0,0,0,1,0.76,0.6818,0.45,0.3582,129,302,431
5667,2011-08-29,3,0,8,13,0,1,1,2,0.7,0.6364,0.39,0,48,170,218
5691,2011-08-30,3,0,8,13,0,2,1,1,0.74,0.6515,0.35,0.1045,59,170,229
5715,2011-08-31,3,0,8,13,0,3,1,1,0.74,0.6515,0.37,0.1045,39,182,221
5739,2011-09-01,3,0,9,13,0,4,1,2,0.72,0.6667,0.48,0.0896,50,169,219
5763,2011-09-02,3,0,9,13,0,5,1,2,0.68,0.6364,0.65,0.1343,72,207,279
5787,2011-09-03,3,0,9,13,0,6,0,1,0.7,0.6515,0.65,0.2239,153,200,353
5811,2011-09-04,3,0,9,13,0,0,0,2,0.78,0.7424,0.62,0.2836,245,174,419
5835,2011-09-05,3,0,9,13,1,1,0,2,0.74,0.697,0.7,0.1343,154,235,389
5858,2011-09-06,3,0,9,13,0,2,1,3,0.54,0.5152,0.88,0.2985,5,24,29
5882,2011-09-07,3,0,9,13,0,3,1,3,0.6,0.5455,0.88,0,2,9,11
5905,2011-09-08,3,0,9,13,0,4,1,2,0.68,0.6364,0.83,0.3881,14,112,126
5929,2011-09-09,3,0,9,13,0,5,1,1,0.7,0.6667,0.79,0.0896,14,108,122
5953,2011-09-10,3,0,9,13,0,6,0,1,0.74,0.6818,0.55,0.2836,131,239,370
5977,2011-09-11,3,0,9,13,0,0,0,1,0.74,0.6818,0.58,0.1045,119,231,350
6000,2011-09-12,3,0,9,13,0,1,1,1,0.72,0.6667,0.54,0.1045,43,120,163
6024,2011-09-13,3,0,9,13,0,2,1,1,0.74,0.6667,0.51,0.2836,48,136,184
6048,2011-09-14,3,0,9,13,0,3,1,1,0.76,0.697,0.55,0.2537,39,139,178
6072,2011-09-15,3,0,9,13,0,4,1,2,0.64,0.6061,0.65,0.2836,38,151,189
6096,2011-09-16,3,0,9,13,0,5,1,2,0.54,0.5152,0.42,0,55,168,223
6120,2011-09-17,3,0,9,13,0,6,0,2,0.52,0.5,0.68,0.194,124,225,349
6144,2011-09-18,3,0,9,13,0,0,0,1,0.56,0.5303,0.6,0.1343,162,214,376
6168,2011-09-19,3,0,9,13,0,1,1,2,0.6,0.6061,0.6,0,53,124,177
6192,2011-09-20,3,0,9,13,0,2,1,2,0.56,0.5303,0.94,0.1343,22,81,103
6216,2011-09-21,3,0,9,13,0,3,1,2,0.66,0.6212,0.74,0.1642,37,144,181
6240,2011-09-22,3,0,9,13,0,4,1,2,0.66,0.6061,0.83,0.194,38,155,193
6264,2011-09-23,4,0,9,13,0,5,1,3,0.6,0.5,1,0.0896,7,27,34
6288,2011-09-24,4,0,9,13,0,6,0,1,0.64,0.5909,0.78,0,170,290,460
6312,2011-09-25,4,0,9,13,0,0,0,2,0.68,0.6364,0.74,0,122,247,369
6336,2011-09-26,4,0,9,13,0,1,1,2,0.7,0.6667,0.74,0.1642,48,139,187
6360,2011-09-27,4,0,9,13,0,2,1,2,0.7,0.6667,0.74,0.2239,29,122,151
6384,2011-09-28,4,0,9,13,0,3,1,1,0.7,0.6667,0.74,0.2537,24,138,162
6408,2011-09-29,4,0,9,13,0,4,1,1,0.64,0.6212,0.61,0.194,36,175,211
6432,2011-09-30,4,0,9,13,0,5,1,2,0.66,0.6212,0.47,0.3284,72,194,266
6456,2011-10-01,4,0,10,13,0,6,0,2,0.4,0.4091,0.82,0.3284,27,98,125
6480,2011-10-02,4,0,10,13,0,0,0,3,0.4,0.4091,0.62,0.2239,84,224,308
6504,2011-10-03,4,0,10,13,0,1,1,3,0.42,0.4242,0.67,0.1642,16,102,118
6528,2011-10-04,4,0,10,13,0,2,1,1,0.56,0.5303,0.56,0.2985,20,153,173
6552,2011-10-05,4,0,10,13,0,3,1,1,0.64,0.6212,0.41,0.2239,30,189,219
6576,2011-10-06,4,0,10,13,0,4,1,1,0.56,0.5303,0.46,0.0896,33,158,191
6600,2011-10-07,4,0,10,13,0,5,1,1,0.6,0.6212,0.46,0,95,210,305
6624,2011-10-08,4,0,10,13,0,6,0,1,0.62,0.6212,0.46,0.1045,256,229,485
6648,2011-10-09,4,0,10,13,0,0,0,1,0.66,0.6212,0.44,0.0896,225,193,418
6672,2011-10-10,4,0,10,13,1,1,0,1,0.72,0.6515,0.37,0,146,219,365
6696,2011-10-11,4,0,10,13,0,2,1,2,0.6,0.5909,0.73,0.194,42,138,180
6720,2011-10-12,4,0,10,13,0,3,1,3,0.54,0.5152,0.88,0.2239,25,76,101
6744,2011-10-13,4,0,10,13,0,4,1,2,0.64,0.5758,0.83,0.1642,20,142,162
6768,2011-10-14,4,0,10,13,0,5,1,1,0.56,0.5303,0.73,0.3582,18,114,132
6792,2011-10-15,4,0,10,13,0,6,0,1,0.6,0.6212,0.35,0.4627,171,223,394
6816,2011-10-16,4,0,10,13,0,0,0,1,0.6,0.6212,0.35,0.2985,169,269,438
6840,2011-10-17,4,0,10,13,0,1,1,1,0.56,0.5303,0.46,0.0896,49,156,205
6864,2011-10-18,4,0,10,13,0,2,1,2,0.64,0.6212,0.38,0.194,48,171,219
6887,2011-10-19,4,0,10,13,0,3,1,2,0.54,0.5152,0.94,0.2836,20,86,106
6911,2011-10-20,4,0,10,13,0,4,1,1,0.5,0.4848,0.45,0.5821,28,136,164
6935,2011-10-21,4,0,10,13,0,5,1,1,0.48,0.4697,0.48,0.3284,43,163,206
6959,2011-10-22,4,0,10,13,0,6,0,1,0.5,0.4848,0.45,0,136,186,322
6983,2011-10-23,4,0,10,13,0,0,0,1,0.52,0.5,0.55,0.194,160,255,415
7007,2011-10-24,4,0,10,13,0,1,1,2,0.54,0.5152,0.64,0.2239,60,138,198
7031,2011-10-25,4,0,10,13,0,2,1,1,0.56,0.5303,0.37,0.3881,37,161,198
7055,2011-10-26,4,0,10,13,0,3,1,3,0.56,0.5303,0.6,0.1045,20,62,82
7079,2011-10-27,4,0,10,13,0,4,1,2,0.5,0.4848,0.88,0.1642,10,64,74
7103,2011-10-28,4,0,10,13,0,5,1,2,0.38,0.3939,0.42,0.2239,43,185,228
7127,2011-10-29,4,0,10,13,0,6,0,3,0.24,0.197,0.87,0.5224,0,30,30
7151,2011-10-30,4,0,10,13,0,0,0,1,0.4,0.4091,0.43,0.2239,113,232,345
7175,2011-10-31,4,0,10,13,0,1,1,2,0.44,0.4394,0.44,0.2239,24,128,152
7199,2011-11-01,4,0,11,13,0,2,1,1,0.48,0.4697,0.55,0.194,20,147,167
7223,2011-11-02,4,0,11,13,0,3,1,1,0.48,0.4697,0.48,0.1642,22,139,161
7247,2011-11-03,4,0,11,13,0,4,1,2,0.52,0.5,0.48,0.2537,19,150,169
7271,2011-11-04,4,0,11,13,0,5,1,1,0.44,0.4394,0.51,0.4179,33,161,194
7295,2011-11-05,4,0,11,13,0,6,0,1,0.4,0.4091,0.37,0.1045,148,207,355
7319,2011-11-06,4,0,11,13,0,0,0,1,0.46,0.4545,0.51,0.1642,105,209,314
7343,2011-11-07,4,0,11,13,0,1,1,1,0.54,0.5152,0.49,0.0896,32,157,189
7367,2011-11-08,4,0,11,13,0,2,1,1,0.54,0.5152,0.49,0.1642,31,165,196
7391,2011-11-09,4,0,11,13,0,3,1,1,0.5,0.4848,0.51,0.1642,31,136,167
7415,2011-11-10,4,0,11,13,0,4,1,3,0.36,0.3333,0.81,0.3582,9,87,96
7439,2011-11-11,4,0,11,13,1,5,0,1,0.38,0.3939,0.37,0.5522,57,179,236
7463,2011-11-12,4,0,11,13,0,6,0,1,0.48,0.4697,0.36,0.2836,128,225,353
7487,2011-11-13,4,0,11,13,0,0,0,2,0.52,0.5,0.29,0.4179,105,234,339
7511,2011-11-14,4,0,11,13,0,1,1,1,0.6,0.6212,0.49,0.3881,50,153,203
7535,2011-11-15,4,0,11,13,0,2,1,3,0.54,0.5152,0.6,0.2239,21,132,153
7559,2011-11-16,4,0,11,13,0,3,1,3,0.46,0.4545,0.94,0.1343,6,52,58
7583,2011-11-17,4,0,11,13,0,4,1,2,0.34,0.303,0.49,0.4478,15,109,124
7607,2011-11-18,4,0,11,13,0,5,1,1,0.34,0.3182,0.31,0.2239,31,146,177
7631,2011-11-19,4,0,11,13,0,6,0,1,0.42,0.4242,0.3,0.2836,118,245,363
7655,2011-11-20,4,0,11,13,0,0,0,2,0.54,0.5152,0.6,0.194,84,285,369
7679,2011-11-21,4,0,11,13,0,1,1,2,0.5,0.4848,0.77,0.1343,13,121,134
7703,2011-11-22,4,0,11,13,0,2,1,3,0.42,0.4242,1,0.0896,4,22,26
7727,2011-11-23,4,0,11,13,0,3,1,2,0.44,0.4394,0.54,0.4925,12,162,174
7751,2011-11-24,4,0,11,13,1,4,0,1,0.48,0.4697,0.33,0.2239,84,91,175
7775,2011-11-25,4,0,11,13,0,5,1,1,0.5,0.4848,0.45,0.2239,143,140,283
7799,2011-11-26,4,0,11,13,0,6,0,1,0.48,0.4697,0.44,0,177,148,325
7823,2011-11-27,4,0,11,13,0,0,0,1,0.54,0.5152,0.6,0.194,97,216,313
7846,2011-11-28,4,0,11,13,0,1,1,2,0.58,0.5455,0.56,0,25,137,162
7870,2011-11-29,4,0,11,13,0,2,1,3,0.42,0.4242,0.77,0.2836,0,22,22
7894,2011-11-30,4,0,11,13,0,3,1,2,0.38,0.3939,0.43,0.3582,16,131,147
7918,2011-12-01,4,0,12,13,0,4,1,1,0.4,0.4091,0.4,0.2239,17,137,154
7942,2011-12-02,4,0,12,13,0,5,1,1,0.4,0.4091,0.47,0.1343,19,188,207
7966,2011-12-03,4,0,12,13,0,6,0,1,0.36,0.3636,0.5,0.0896,70,222,292
7990,2011-12-04,4,0,12,13,0,0,0,1,0.4,0.4091,0.66,0.2239,88,269,357
8014,2011-12-05,4,0,12,13,0,1,1,2,0.42,0.4242,0.71,0.0896,18,153,171
8038,2011-12-06,4,0,12,13,0,2,1,3,0.46,0.4545,1,0.194,6,65,71
8062,2011-12-07,4,0,12,13,0,3,1,3,0.44,0.4394,1,0.194,5,28,33
8086,2011-12-08,4,0,12,13,0,4,1,1,0.3,0.2727,0.49,0.3582,9,115,124
8110,2011-12-09,4,0,12,13,0,5,1,1,0.38,0.3939,0.5,0.194,27,141,168
8134,2011-12-10,4,0,12,13,0,6,0,1,0.34,0.303,0.34,0.4179,47,239,286
8158,2011-12-11,4,0,12,13,0,0,0,1,0.3,0.3333,0.31,0,44,224,268
8182,2011-12-12,4,0,12,13,0,1,1,2,0.3,0.3182,0.52,0.1045,13,153,166
8206,2011-12-13,4,0,12,13,0,2,1,1,0.4,0.4091,0.37,0.3284,7,120,127
8230,2011-12-14,4,0,12,13,0,3,1,2,0.36,0.3636,0.57,0.1045,14,119,133
8254,2011-12-15,4,0,12,13,0,4,1,2,0.5,0.4848,0.55,0.3582,14,150,164
8278,2011-12-16,4,0,12,13,0,5,1,2,0.34,0.303,0.39,0.3582,12,125,137
8302,2011-12-17,4,0,12,13,0,6,0,2,0.28,0.2727,0.48,0.2537,32,204,236
8326,2011-12-18,4,0,12,13,0,0,0,1,0.3,0.2727,0.49,0.2985,18,210,228
8350,2011-12-19,4,0,12,13,0,1,1,1,0.34,0.303,0.49,0.3284,15,127,142
8374,2011-12-20,4,0,12,13,0,2,1,2,0.44,0.4394,0.54,0.1343,18,163,181
8398,2011-12-21,1,0,12,13,0,3,1,3,0.44,0.4394,0.94,0.2985,3,55,58
8422,2011-12-22,1,0,12,13,0,4,1,2,0.46,0.4545,0.63,0,21,167,188
8446,2011-12-23,1,0,12,13,0,5,1,1,0.4,0.4091,0.5,0.4627,17,177,194
8470,2011-12-24,1,0,12,13,0,6,0,1,0.34,0.303,0.39,0.2985,24,97,121
8493,2011-12-25,1,0,12,13,0,0,0,1,0.32,0.303,0.7,0.2537,40,39,79
8516,2011-12-26,1,0,12,13,1,1,0,1,0.38,0.3939,0.4,0.2985,57,83,140
8540,2011-12-27,1,0,12,13,0,2,1,3,0.3,0.303,0.87,0.1343,1,19,20
8563,2011-12-28,1,0,12,13,0,3,1,1,0.34,0.2879,0.39,0.4627,24,135,159
8587,2011-12-29,1,0,12,13,0,4,1,2,0.28,0.2879,0.52,0.1045,36,95,131
8611,2011-12-30,1,0,12,13,0,5,1,2,0.36,0.3485,0.53,0.1343,53,154,207
8635,2011-12-31,1,0,12,13,0,6,0,1,0.5,0.4848,0.42,0.4925,108,205,313
8659,2012-01-01,1,1,1,13,0,0,0,1,0.42,0.4242,0.58,0.2836,82,141,223
8682,2012-01-02,1,1,1,13,1,1,0,1,0.3,0.2727,0.36,0.2985,26,150,176
8706,2012-01-03,1,1,1,13,0,2,1,1,0.18,0.1212,0.34,0.6567,5,68,73
8730,2012-01-04,1,1,1,13,0,3,1,2,0.14,0.1212,0.43,0.2537,9,82,91
8754,2012-01-05,1,1,1,13,0,4,1,1,0.34,0.303,0.42,0.2985,6,112,118
8778,2012-01-06,1,1,1,13,0,5,1,1,0.4,0.4091,0.43,0.2836,16,188,204
8802,2012-01-07,1,1,1,13,0,6,0,1,0.44,0.4394,0.44,0.194,149,296,445
8826,2012-01-08,1,1,1,13,0,0,0,1,0.4,0.4091,0.37,0.2985,77,266,343
8850,2012-01-09,1,1,1,13,0,1,1,2,0.26,0.2727,0.56,0.1045,3,77,80
8873,2012-01-10,1,1,1,13,0,2,1,1,0.42,0.4242,0.38,0.2985,15,163,178
8897,2012-01-11,1,1,1,13,0,3,1,3,0.32,0.3485,0.76,0,8,57,65
8921,2012-01-12,1,1,1,13,0,4,1,1,0.42,0.4242,0.77,0.1642,13,170,183
8945,2012-01-13,1,1,1,13,0,5,1,1,0.26,0.2121,0.33,0.5224,14,140,154
8969,2012-01-14,1,1,1,13,0,6,0,1,0.22,0.2121,0.44,0.2836,38,182,220
8993,2012-01-15,1,1,1,13,0,0,0,1,0.2,0.1818,0.34,0.2836,40,184,224
9017,2012-01-16,1,1,1,13,1,1,0,2,0.24,0.197,0.41,0.4179,26,202,228
9040,2012-01-17,1,1,1,13,0,2,1,2,0.38,0.3939,0.76,0.3284,8,95,103
9064,2012-01-18,1,1,1,13,0,3,1,1,0.3,0.2727,0.42,0.4627,6,124,130
9088,2012-01-19,1,1,1,13,0,4,1,1,0.22,0.2121,0.47,0.2836,6,118,124
9112,2012-01-20,1,1,1,13,0,5,1,1,0.22,0.2121,0.32,0.2985,12,144,156
9136,2012-01-21,1,1,1,13,0,6,0,2,0.2,0.197,0.8,0.2537,10,66,76
9160,2012-01-22,1,1,1,13,0,0,0,2,0.16,0.1818,0.8,0.1343,24,175,199
9184,2012-01-23,1,1,1,13,0,1,1,3,0.22,0.2576,0.93,0.0896,5,32,37
9208,2012-01-24,1,1,1,13,0,2,1,1,0.34,0.3333,0.87,0.1642,33,170,203
9232,2012-01-25,1,1,1,13,0,3,1,1,0.34,0.3333,0.49,0.1343,63,149,212
9256,2012-01-26,1,1,1,13,0,4,1,2,0.38,0.3939,0.71,0,17,156,173
9280,2012-01-27,1,1,1,13,0,5,1,1,0.5,0.4848,0.59,0.4627,26,175,201
9304,2012-01-28,1,1,1,13,0,6,0,1,0.34,0.3182,0.57,0.2537,80,293,373
9328,2012-01-29,1,1,1,13,0,0,0,1,0.32,0.303,0.26,0.2239,78,238,316
9352,2012-01-30,1,1,1,13,0,1,1,1,0.3,0.2879,0.31,0.194,15,117,132
9376,2012-01-31,1,1,1,13,0,2,1,1,0.46,0.4545,0.36,0.2239,27,171,198
9400,2012-02-01,1,1,2,13,0,3,1,1,0.46,0.4545,0.47,0.2239,12,174,186
9424,2012-02-02,1,1,2,13,0,4,1,2,0.42,0.4242,0.77,0,13,124,137
9448,2012-02-03,1,1,2,13,0,5,1,1,0.36,0.3636,0.46,0,25,173,198
9472,2012-02-04,1,1,2,13,0,6,0,2,0.3,0.2879,0.7,0.194,58,244,302
9496,2012-02-05,1,1,2,13,0,0,0,2,0.28,0.2727,0.61,0.1642,33,241,274
9519,2012-02-06,1,1,2,13,0,1,1,1,0.38,0.3939,0.4,0.2239,17,124,141
9543,2012-02-07,1,1,2,13,0,2,1,1,0.44,0.4394,0.38,0.2537,15,169,184
9567,2012-02-08,1,1,2,13,0,3,1,2,0.28,0.2879,0.61,0.1045,15,111,126
9591,2012-02-09,1,1,2,13,0,4,1,1,0.3,0.2727,0.42,0.3284,10,144,154
9615,2012-02-10,1,1,2,13,0,5,1,2,0.3,0.3182,0.42,0.0896,22,170,192
9639,2012-02-11,1,1,2,13,0,6,0,2,0.26,0.2424,0.81,0.2836,18,217,235
9663,2012-02-12,1,1,2,13,0,0,0,1,0.16,0.1212,0.4,0.4478,10,128,138
9687,2012-02-13,1,1,2,13,0,1,1,1,0.32,0.303,0.22,0.2239,11,129,140
9711,2012-02-14,1,1,2,13,0,2,1,2,0.36,0.3333,0.4,0.2537,6,167,173
9735,2012-02-15,1,1,2,13,0,3,1,1,0.4,0.4091,0.43,0.2836,11,159,170
9759,2012-02-16,1,1,2,13,0,4,1,3,0.34,0.3182,0.71,0.2537,2,62,64
9783,2012-02-17,1,1,2,13,0,5,1,1,0.4,0.4091,0.43,0.3582,34,171,205
9807,2012-02-18,1,1,2,13,0,6,0,1,0.4,0.4091,0.43,0.2836,165,219,384
9831,2012-02-19,1,1,2,13,0,0,0,1,0.3,0.303,0.49,0.1642,64,197,261
9854,2012-02-20,1,1,2,13,1,1,0,1,0.3,0.2879,0.42,0.2836,66,246,312
9877,2012-02-21,1,1,2,13,0,2,1,1,0.34,0.303,0.49,0.4179,8,123,131
9901,2012-02-22,1,1,2,13,0,3,1,1,0.42,0.4242,0.54,0.2985,15,175,190
9925,2012-02-23,1,1,2,13,0,4,1,1,0.52,0.5,0.39,0.194,30,188,218
9949,2012-02-24,1,1,2,13,0,5,1,2,0.42,0.4242,0.71,0.1045,30,153,183
9973,2012-02-25,1,1,2,13,0,6,0,1,0.32,0.2879,0.31,0.4925,48,178,226
9997,2012-02-26,1,1,2,13,0,0,0,1,0.32,0.3333,0.36,0,58,267,325
10021,2012-02-27,1,1,2,13,0,1,1,1,0.4,0.4091,0.43,0.2836,23,159,182
10045,2012-02-28,1,1,2,13,0,2,1,1,0.36,0.3636,0.32,0.1045,16,174,190
10068,2012-02-29,1,1,2,13,0,3,1,2,0.36,0.3333,0.93,0.3582,4,72,76
10092,2012-03-01,1,1,3,13,0,4,1,1,0.58,0.5455,0.32,0.2537,24,187,211
10116,2012-03-02,1,1,3,13,0,5,1,1,0.42,0.4242,0.44,0.2239,31,191,222
10140,2012-03-03,1,1,3,13,0,6,0,1,0.44,0.4394,0.51,0.2836,87,252,339
10164,2012-03-04,1,1,3,13,0,0,0,1,0.36,0.3333,0.37,0.3582,108,256,364
10188,2012-03-05,1,1,3,13,0,1,1,2,0.26,0.2576,0.55,0.2985,11,109,120
10212,2012-03-06,1,1,3,13,0,2,1,1,0.3,0.303,0.39,0.1343,16,148,164
10236,2012-03-07,1,1,3,13,0,3,1,1,0.5,0.4848,0.34,0.4179,26,179,205
10260,2012-03-08,1,1,3,13,0,4,1,2,0.6,0.6212,0.49,0.6418,35,198,233
10284,2012-03-09,1,1,3,13,0,5,1,2,0.38,0.3939,0.29,0.3881,49,175,224
10308,2012-03-10,1,1,3,13,0,6,0,1,0.32,0.303,0.29,0.2836,89,268,357
10331,2012-03-11,1,1,3,13,0,0,0,1,0.42,0.4242,0.41,0.2985,176,288,464
10355,2012-03-12,1,1,3,13,0,1,1,2,0.54,0.5152,0.32,0.2537,74,176,250
10379,2012-03-13,1,1,3,13,0,2,1,1,0.6,0.6061,0.6,0.3881,53,180,233
10403,2012-03-14,1,1,3,13,0,3,1,1,0.66,0.6212,0.27,0.2239,57,197,254
10427,2012-03-15,1,1,3,13,0,4,1,2,0.66,0.6212,0.41,0.0896,62,211,273
10451,2012-03-16,1,1,3,13,0,5,1,2,0.46,0.4545,0.77,0.0896,52,208,260
10475,2012-03-17,1,1,3,13,0,6,0,1,0.6,0.6061,0.6,0.1045,286,400,686
10499,2012-03-18,1,1,3,13,0,0,0,2,0.46,0.4545,0.82,0.1642,198,346,544
10523,2012-03-19,1,1,3,13,0,1,1,1,0.62,0.6061,0.61,0.2537,69,194,263
10547,2012-03-20,1,1,3,13,0,2,1,1,0.6,0.5758,0.78,0.194,77,207,284
10571,2012-03-21,2,1,3,13,0,3,1,2,0.54,0.5152,0.83,0,81,222,303
10595,2012-03-22,2,1,3,13,0,4,1,1,0.58,0.5455,0.78,0.0896,83,215,298
10619,2012-03-23,2,1,3,13,0,5,1,2,0.7,0.6515,0.48,0,172,256,428
10643,2012-03-24,2,1,3,13,0,6,0,3,0.52,0.5,0.94,0.2537,62,134,196
10667,2012-03-25,2,1,3,13,0,0,0,2,0.42,0.4242,0.88,0.1642,110,257,367
10691,2012-03-26,2,1,3,13,0,1,1,1,0.48,0.4697,0.29,0.6866,79,222,301
10715,2012-03-27,2,1,3,13,0,2,1,1,0.36,0.3485,0.27,0,46,165,211
10739,2012-03-28,2,1,3,13,0,3,1,1,0.56,0.5303,0.43,0.3284,60,213,273
10763,2012-03-29,2,1,3,13,0,4,1,1,0.46,0.4545,0.44,0.3284,50,223,273
10787,2012-03-30,2,1,3,13,0,5,1,3,0.4,0.4091,0.5,0,44,198,242
10811,2012-03-31,2,1,3,13,0,6,0,1,0.54,0.5152,0.6,0.1343,265,373,638
10835,2012-04-01,2,1,4,13,0,0,0,2,0.44,0.4394,0.62,0.194,190,274,464
10858,2012-04-02,2,1,4,13,0,1,1,1,0.46,0.4545,0.36,0.2985,97,184,281
10882,2012-04-03,2,1,4,13,0,2,1,1,0.56,0.5303,0.19,0.2537,120,225,345
10906,2012-04-04,2,1,4,13,0,3,1,2,0.6,0.6212,0.46,0.2537,70,181,251
10930,2012-04-05,2,1,4,13,0,4,1,1,0.46,0.4545,0.31,0,89,202,291
10954,2012-04-06,2,1,4,13,0,5,1,1,0.44,0.4394,0.33,0.3284,173,238,411
10978,2012-04-07,2,1,4,13,0,6,0,1,0.5,0.4848,0.22,0.194,355,288,643
11002,2012-04-08,2,1,4,13,0,0,0,1,0.58,0.5455,0.23,0.1642,229,254,483
11026,2012-04-09,2,1,4,13,0,1,1,1,0.54,0.5152,0.28,0.5821,108,173,281
11050,2012-04-10,2,1,4,13,0,2,1,1,0.52,0.5,0.23,0.1642,81,202,283
11073,2012-04-11,2,1,4,13,0,3,1,2,0.4,0.4091,0.4,0.3582,16,147,163
11097,2012-04-12,2,1,4,13,0,4,1,1,0.48,0.4697,0.36,0.4478,55,148,203
11121,2012-04-13,2,1,4,13,0,5,1,1,0.52,0.5,0.27,0.2836,112,246,358
11145,2012-04-14,2,1,4,13,0,6,0,1,0.62,0.6212,0.33,0.2985,308,370,678
11169,2012-04-15,2,1,4,13,0,0,0,1,0.66,0.6212,0.44,0.2836,298,383,681
11193,2012-04-16,2,1,4,13,1,1,0,1,0.74,0.6667,0.45,0.2985,79,184,263
11217,2012-04-17,2,1,4,13,0,2,1,1,0.62,0.6212,0.29,0.2537,52,187,239
11241,2012-04-18,2,1,4,13,0,3,1,3,0.46,0.4545,0.59,0,13,51,64
11265,2012-04-19,2,1,4,13,0,4,1,1,0.56,0.5303,0.46,0,52,186,238
11289,2012-04-20,2,1,4,13,0,5,1,1,0.62,0.6212,0.43,0.194,105,276,381
11313,2012-04-21,2,1,4,13,0,6,0,1,0.66,0.6212,0.54,0.2239,291,358,649
11337,2012-04-22,2,1,4,13,0,0,0,3,0.38,0.3939,0.82,0.3582,5,47,52
11361,2012-04-23,2,1,4,13,0,1,1,3,0.34,0.303,0.66,0.3881,9,98,107
11385,2012-04-24,2,1,4,13,0,2,1,1,0.5,0.4848,0.29,0.3881,35,189,224
11409,2012-04-25,2,1,4,13,0,3,1,1,0.56,0.5303,0.26,0.2239,35,193,228
11433,2012-04-26,2,1,4,13,0,4,1,2,0.5,0.4848,0.82,0.1642,19,178,197
11457,2012-04-27,2,1,4,13,0,5,1,1,0.46,0.4545,0.33,0.3881,94,212,306
11481,2012-04-28,2,1,4,13,0,6,0,2,0.4,0.4091,0.37,0,120,269,389
11505,2012-04-29,2,1,4,13,0,0,0,1,0.5,0.4848,0.45,0.1045,226,369,595
11529,2012-04-30,2,1,4,13,0,1,1,2,0.48,0.4697,0.51,0.0896,48,199,247
11553,2012-05-01,2,1,5,13,0,2,1,2,0.72,0.6667,0.51,0.2239,41,208,249
11577,2012-05-02,2,1,5,13,0,3,1,2,0.58,0.5455,0.78,0.194,49,179,228
11601,2012-05-03,2,1,5,13,0,4,1,1,0.6,0.5909,0.69,0.194,48,217,265
11625,2012-05-04,2,1,5,13,0,5,1,2,0.64,0.6061,0.73,0,71,207,278
11649,2012-05-05,2,1,5,13,0,6,0,1,0.74,0.6818,0.55,0.1343,217,307,524
11673,2012-05-06,2,1,5,13,0,0,0,2,0.6,0.6061,0.64,0,197,368,565
11697,2012-05-07,2,1,5,13,0,1,1,2,0.6,0.6212,0.53,0.3284,75,197,272
11721,2012-05-08,2,1,5,13,0,2,1,3,0.64,0.6061,0.65,0.2537,53,166,219
11745,2012-05-09,2,1,5,13,0,3,1,2,0.64,0.6212,0.53,0.2537,50,216,266
11769,2012-05-10,2,1,5,13,0,4,1,1,0.54,0.5152,0.39,0.4478,90,228,318
11793,2012-05-11,2,1,5,13,0,5,1,1,0.6,0.6061,0.26,0.3881,100,263,363
11817,2012-05-12,2,1,5,13,0,6,0,1,0.64,0.6212,0.36,0.194,293,366,659
11841,2012-05-13,2,1,5,13,0,0,0,1,0.68,0.6364,0.54,0.2537,255,347,602
11865,2012-05-14,2,1,5,13,0,1,1,2,0.62,0.5909,0.73,0.2239,33,143,176
11889,2012-05-15,2,1,5,13,0,2,1,3,0.64,0.6061,0.73,0.194,35,204,239
11913,2012-05-16,2,1,5,13,0,3,1,1,0.72,0.6515,0.42,0,77,273,350
11937,2012-05-17,2,1,5,13,0,4,1,1,0.62,0.6212,0.41,0.194,86,241,327
11961,2012-05-18,2,1,5,13,0,5,1,1,0.64,0.6212,0.36,0.1642,98,297,395
11985,2012-05-19,2,1,5,13,0,6,0,1,0.7,0.6364,0.37,0.1343,332,372,704
12009,2012-05-20,2,1,5,13,0,0,0,1,0.7,0.6364,0.37,0.2836,244,363,607
12033,2012-05-21,2,1,5,13,0,1,1,3,0.6,0.5606,0.83,0.2537,49,135,184
12057,2012-05-22,2,1,5,13,0,2,1,2,0.64,0.6061,0.73,0,48,195,243
12081,2012-05-23,2,1,5,13,0,3,1,2,0.66,0.6212,0.74,0.1642,69,201,270
12105,2012-05-24,2,1,5,13,0,4,1,1,0.72,0.6667,0.54,0.1642,69,233,302
12129,2012-05-25,2,1,5,13,0,5,1,1,0.74,0.6818,0.62,0.1343,86,247,333
12153,2012-05-26,2,1,5,13,0,6,0,1,0.76,0.7273,0.66,0.194,265,274,539
12177,2012-05-27,2,1,5,13,0,0,0,1,0.76,0.7121,0.58,0.194,270,228,498
12201,2012-05-28,2,1,5,13,1,1,0,1,0.8,0.7879,0.63,0.2836,272,284,556
12225,2012-05-29,2,1,5,13,0,2,1,1,0.82,0.7727,0.52,0.3881,63,176,239
12249,2012-05-30,2,1,5,13,0,3,1,1,0.7,0.6515,0.51,0,53,236,289
12273,2012-05-31,2,1,5,13,0,4,1,1,0.74,0.6515,0.35,0.1343,77,216,293
12297,2012-06-01,2,1,6,13,0,5,1,1,0.72,0.6818,0.7,0.2985,76,240,316
12321,2012-06-02,2,1,6,13,0,6,0,1,0.62,0.6212,0.41,0.2537,279,400,679
12345,2012-06-03,2,1,6,13,0,0,0,1,0.68,0.6364,0.36,0.2836,265,421,686
12369,2012-06-04,2,1,6,13,0,1,1,1,0.64,0.6212,0.41,0.3582,85,189,274
12393,2012-06-05,2,1,6,13,0,2,1,2,0.6,0.6212,0.46,0.1642,66,201,267
12417,2012-06-06,2,1,6,13,0,3,1,1,0.62,0.6212,0.41,0.0896,73,230,303
12441,2012-06-07,2,1,6,13,0,4,1,1,0.7,0.6364,0.37,0.2836,65,250,315
12465,2012-06-08,2,1,6,13,0,5,1,1,0.74,0.6515,0.37,0.2537,129,287,416
12489,2012-06-09,2,1,6,13,0,6,0,1,0.82,0.697,0.24,0.2836,236,349,585
12513,2012-06-10,2,1,6,13,0,0,0,1,0.84,0.7273,0.28,0.1343,204,288,492
12537,2012-06-11,2,1,6,13,0,1,1,2,0.8,0.7121,0.41,0.2985,63,185,248
12561,2012-06-12,2,1,6,13,0,2,1,3,0.66,0.6061,0.83,0.194,11,48,59
12585,2012-06-13,2,1,6,13,0,3,1,2,0.7,0.6364,0.45,0.3881,52,203,255
12609,2012-06-14,2,1,6,13,0,4,1,1,0.68,0.6364,0.57,0.1642,71,213,284
12633,2012-06-15,2,1,6,13,0,5,1,1,0.7,0.6364,0.42,0.2537,121,272,393
12657,2012-06-16,2,1,6,13,0,6,0,1,0.72,0.6515,0.34,0.1642,293,324,617
12681,2012-06-17,2,1,6,13,0,0,0,1,0.64,0.6212,0.53,0.1642,267,347,614
12705,2012-06-18,2,1,6,13,0,1,1,2,0.58,0.5455,0.73,0.1343,51,174,225
12729,2012-06-19,2,1,6,13,0,2,1,1,0.74,0.6818,0.58,0.1343,69,203,272
12753,2012-06-20,2,1,6,13,0,3,1,1,0.86,0.7879,0.44,0.1045,48,163,211
12777,2012-06-21,3,1,6,13,0,4,1,1,0.9,0.8182,0.35,0,31,141,172
12801,2012-06-22,3,1,6,13,0,5,1,1,0.88,0.803,0.39,0.2239,72,228,300
12825,2012-06-23,3,1,6,13,0,6,0,1,0.82,0.7273,0.34,0.194,226,338,564
12849,2012-06-24,3,1,6,13,0,0,0,1,0.8,0.697,0.33,0.2836,237,348,585
12873,2012-06-25,3,1,6,13,0,1,1,1,0.72,0.6667,0.51,0.2985,79,181,260
12897,2012-06-26,3,1,6,13,0,2,1,1,0.7,0.6364,0.3,0.4627,74,232,306
12921,2012-06-27,3,1,6,13,0,3,1,1,0.8,0.697,0.27,0.3284,77,244,321
12945,2012-06-28,3,1,6,13,0,4,1,1,0.86,0.7424,0.26,0.2239,31,205,236
12969,2012-06-29,3,1,6,13,0,5,1,1,0.94,0.8788,0.38,0.194,45,194,239
12993,2012-06-30,3,1,6,13,0,6,0,1,0.88,0.7727,0.3,0.2537,105,323,428
13017,2012-07-01,3,1,7,13,0,0,0,1,0.92,0.8333,0.33,0.2537,111,309,420
13041,2012-07-02,3,1,7,13,0,1,1,1,0.86,0.7576,0.34,0.2239,74,162,236
13065,2012-07-03,3,1,7,13,0,2,1,1,0.9,0.7727,0.25,0.1343,80,203,283
13089,2012-07-04,3,1,7,13,1,3,0,1,0.9,0.8182,0.35,0,177,322,499
13113,2012-07-05,3,1,7,13,0,4,1,1,0.92,0.8333,0.33,0.2239,129,181,310
13137,2012-07-06,3,1,7,13,0,5,1,1,0.9,0.7879,0.27,0.1045,99,194,293
13161,2012-07-07,3,1,7,13,0,6,0,2,0.96,0.8636,0.31,0.2537,116,244,360
13185,2012-07-08,3,1,7,13,0,0,0,1,0.94,0.8788,0.38,0.2537,118,219,337
13209,2012-07-09,3,1,7,13,0,1,1,2,0.76,0.697,0.55,0.2537,67,188,255
13233,2012-07-10,3,1,7,13,0,2,1,1,0.82,0.7273,0.38,0.194,77,203,280
13257,2012-07-11,3,1,7,13,0,3,1,2,0.8,0.7121,0.42,0.1642,65,208,273
13281,2012-07-12,3,1,7,13,0,4,1,1,0.8,0.697,0.33,0.2239,52,225,277
13305,2012-07-13,3,1,7,13,0,5,1,2,0.8,0.7121,0.38,0.1343,100,274,374
13329,2012-07-14,3,1,7,13,0,6,0,2,0.76,0.7121,0.62,0.0896,219,372,591
13353,2012-07-15,3,1,7,13,0,0,0,1,0.86,0.7879,0.41,0.1045,171,309,480
13377,2012-07-16,3,1,7,13,0,1,1,1,0.84,0.7879,0.49,0.2836,63,176,239
13401,2012-07-17,3,1,7,13,0,2,1,1,0.92,0.8182,0.31,0.194,53,168,221
13425,2012-07-18,3,1,7,13,0,3,1,1,0.94,0.8485,0.33,0,49,154,203
13449,2012-07-19,3,1,7,13,0,4,1,1,0.84,0.7727,0.47,0.1343,74,180,254
13473,2012-07-20,3,1,7,13,0,5,1,3,0.68,0.6364,0.83,0.1045,20,136,156
13497,2012-07-21,3,1,7,13,0,6,0,3,0.6,0.5606,0.83,0.1642,106,248,354
13521,2012-07-22,3,1,7,13,0,0,0,2,0.7,0.6515,0.65,0.0896,238,388,626
13545,2012-07-23,3,1,7,13,0,1,1,2,0.8,0.7424,0.52,0.1045,64,176,240
13569,2012-07-24,3,1,7,13,0,2,1,2,0.84,0.803,0.53,0.2985,73,200,273
13593,2012-07-25,3,1,7,13,0,3,1,1,0.78,0.6818,0.31,0.1642,81,231,312
13617,2012-07-26,3,1,7,13,0,4,1,1,0.86,0.8333,0.53,0.2985,53,189,242
13641,2012-07-27,3,1,7,13,0,5,1,1,0.84,0.7727,0.47,0.2836,83,231,314
13665,2012-07-28,3,1,7,13,0,6,0,1,0.86,0.7879,0.41,0.2836,173,325,498
13689,2012-07-29,3,1,7,13,0,0,0,1,0.8,0.7424,0.49,0.2239,181,302,483
13713,2012-07-30,3,1,7,13,0,1,1,1,0.8,0.7424,0.49,0.1642,57,169,226
13737,2012-07-31,3,1,7,13,0,2,1,1,0.8,0.7576,0.55,0.2836,69,219,288
13761,2012-08-01,3,1,8,13,0,3,1,1,0.8,0.7424,0.52,0.1642,59,221,280
13785,2012-08-02,3,1,8,13,0,4,1,1,0.86,0.7879,0.44,0.2239,98,212,310
13809,2012-08-03,3,1,8,13,0,5,1,2,0.86,0.803,0.47,0.2836,98,247,345
13833,2012-08-04,3,1,8,13,0,6,0,1,0.88,0.8182,0.42,0.2985,195,332,527
13857,2012-08-05,3,1,8,13,0,0,0,1,0.88,0.8182,0.44,0.4627,208,315,523
13881,2012-08-06,3,1,8,13,0,1,1,1,0.8,0.7424,0.49,0.2239,85,204,289
13905,2012-08-07,3,1,8,13,0,2,1,2,0.8,0.7424,0.52,0.194,68,185,253
13929,2012-08-08,3,1,8,13,0,3,1,2,0.8,0.7424,0.52,0,101,212,313
13953,2012-08-09,3,1,8,13,0,4,1,1,0.86,0.7879,0.41,0.1045,80,201,281
13977,2012-08-10,3,1,8,13,0,5,1,2,0.76,0.7121,0.58,0.3582,66,224,290
14001,2012-08-11,3,1,8,13,0,6,0,1,0.8,0.7424,0.49,0.3582,228,341,569
14025,2012-08-12,3,1,8,13,0,0,0,1,0.78,0.697,0.4,0,178,365,543
14049,2012-08-13,3,1,8,13,0,1,1,1,0.78,0.697,0.4,0.1642,79,175,254
14073,2012-08-14,3,1,8,13,0,2,1,1,0.8,0.7273,0.46,0.0896,83,203,286
14097,2012-08-15,3,1,8,13,0,3,1,2,0.78,0.7121,0.49,0.194,88,206,294
14121,2012-08-16,3,1,8,13,0,4,1,1,0.8,0.697,0.31,0.2239,81,219,300
14145,2012-08-17,3,1,8,13,0,5,1,1,0.84,0.2424,0.36,0.3881,103,254,357
14169,2012-08-18,3,1,8,13,0,6,0,1,0.74,0.6515,0.4,0.194,289,355,644
14193,2012-08-19,3,1,8,13,0,0,0,3,0.64,0.5758,0.83,0.1343,50,112,162
14217,2012-08-20,3,1,8,13,0,1,1,1,0.7,0.6515,0.58,0.1343,97,194,291
14241,2012-08-21,3,1,8,13,0,2,1,1,0.74,0.6515,0.4,0,76,255,331
14265,2012-08-22,3,1,8,13,0,3,1,1,0.76,0.6818,0.48,0.1045,74,242,316
14289,2012-08-23,3,1,8,13,0,4,1,1,0.82,0.7273,0.38,0.0896,93,253,346
14313,2012-08-24,3,1,8,13,0,5,1,2,0.8,0.7121,0.41,0.1045,79,272,351
14337,2012-08-25,3,1,8,13,0,6,0,2,0.72,0.6667,0.51,0.3582,186,331,517
14361,2012-08-26,3,1,8,13,0,0,0,3,0.66,0.6061,0.78,0.4179,166,375,541
14385,2012-08-27,3,1,8,13,0,1,1,1,0.76,0.7121,0.57,0.1642,77,211,288
14409,2012-08-28,3,1,8,13,0,2,1,1,0.82,0.7424,0.43,0.2985,56,232,288
14433,2012-08-29,3,1,8,13,0,3,1,1,0.74,0.6667,0.42,0,68,232,300
14457,2012-08-30,3,1,8,13,0,4,1,1,0.76,0.6818,0.48,0.1045,76,214,290
14481,2012-08-31,3,1,8,13,0,5,1,1,0.88,0.7576,0.27,0.3284,97,271,368
14505,2012-09-01,3,1,9,13,0,6,0,2,0.82,0.7727,0.52,0.0896,237,267,504
14529,2012-09-02,3,1,9,13,0,0,0,3,0.72,0.697,0.74,0.0896,263,230,493
14553,2012-09-03,3,1,9,13,1,1,0,2,0.76,0.7273,0.66,0.2537,209,357,566
14577,2012-09-04,3,1,9,13,0,2,1,1,0.8,0.7576,0.55,0.4478,72,203,275
14601,2012-09-05,3,1,9,13,0,3,1,1,0.8,0.7879,0.63,0.1642,50,184,234
14625,2012-09-06,3,1,9,13,0,4,1,2,0.72,0.697,0.79,0.1045,39,152,191
14649,2012-09-07,3,1,9,13,0,5,1,1,0.8,0.7727,0.59,0.2537,71,283,354
14673,2012-09-08,3,1,9,13,0,6,0,1,0.82,0.7727,0.52,0.5224,233,435,668
14697,2012-09-09,3,1,9,13,0,0,0,1,0.68,0.6364,0.39,0,238,491,729
14721,2012-09-10,3,1,9,13,0,1,1,1,0.64,0.6212,0.38,0.2239,72,251,323
14745,2012-09-11,3,1,9,13,0,2,1,1,0.66,0.6212,0.29,0.0896,72,256,328
14769,2012-09-12,3,1,9,13,0,3,1,1,0.7,0.6364,0.34,0.1343,85,238,323
14793,2012-09-13,3,1,9,13,0,4,1,1,0.7,0.6364,0.42,0,60,223,283
14817,2012-09-14,3,1,9,13,0,5,1,2,0.7,0.6515,0.54,0.194,107,301,408
14841,2012-09-15,3,1,9,13,0,6,0,1,0.68,0.6364,0.36,0.194,327,377,704
14865,2012-09-16,3,1,9,13,0,0,0,1,0.64,0.6212,0.41,0.1642,240,454,694
14889,2012-09-17,3,1,9,13,0,1,1,1,0.64,0.6061,0.65,0.2537,112,231,343
14913,2012-09-18,3,1,9,13,0,2,1,2,0.7,0.6667,0.74,0.5821,17,97,114
14937,2012-09-19,3,1,9,13,0,3,1,1,0.6,0.6212,0.4,0.2537,55,234,289
14961,2012-09-20,3,1,9,13,0,4,1,1,0.64,0.6212,0.44,0.1343,68,268,336
14985,2012-09-21,3,1,9,13,0,5,1,1,0.7,0.6515,0.54,0.1642,105,316,421
15009,2012-09-22,3,1,9,13,0,6,0,1,0.74,0.6667,0.51,0.3582,273,434,707
15033,2012-09-23,4,1,9,13,0,0,0,1,0.6,0.6212,0.38,0.1642,257,445,702
15057,2012-09-24,4,1,9,13,0,1,1,1,0.6,0.6212,0.31,0.2985,80,248,328
15081,2012-09-25,4,1,9,13,0,2,1,1,0.64,0.6212,0.47,0.2537,48,257,305
15105,2012-09-26,4,1,9,13,0,3,1,1,0.7,0.6515,0.58,0.2239,67,273,340
15129,2012-09-27,4,1,9,13,0,4,1,2,0.74,0.6667,0.48,0,61,265,326
15153,2012-09-28,4,1,9,13,0,5,1,2,0.7,0.6515,0.51,0.2537,106,304,410
15177,2012-09-29,4,1,9,13,0,6,0,1,0.62,0.6212,0.41,0.2985,233,453,686
15201,2012-09-30,4,1,9,13,0,0,0,1,0.62,0.6212,0.41,0.2537,180,414,594
15225,2012-10-01,4,1,10,13,0,1,1,2,0.6,0.6212,0.43,0.1642,80,225,305
15249,2012-10-02,4,1,10,13,0,2,1,2,0.6,0.5455,0.88,0.1343,6,148,154
15273,2012-10-03,4,1,10,13,0,3,1,2,0.7,0.6667,0.74,0.1045,55,224,279
15297,2012-10-04,4,1,10,13,0,4,1,2,0.72,0.6667,0.58,0.3284,63,231,294
15321,2012-10-05,4,1,10,13,0,5,1,1,0.7,0.6515,0.48,0,117,307,424
15345,2012-10-06,4,1,10,13,0,6,0,2,0.64,0.6212,0.57,0.5224,310,400,710
15369,2012-10-07,4,1,10,13,0,0,0,2,0.44,0.4394,0.72,0.0896,80,240,320
15393,2012-10-08,4,1,10,13,1,1,0,2,0.42,0.4242,0.62,0.194,82,323,405
15417,2012-10-09,4,1,10,13,0,2,1,2,0.5,0.4848,0.67,0.1343,54,184,238
15441,2012-10-10,4,1,10,13,0,3,1,1,0.56,0.5303,0.49,0,60,237,297
15465,2012-10-11,4,1,10,13,0,4,1,1,0.5,0.4848,0.31,0.1045,48,243,291
15489,2012-10-12,4,1,10,13,0,5,1,1,0.56,0.5303,0.37,0.3881,81,300,381
15513,2012-10-13,4,1,10,13,0,6,0,1,0.46,0.4545,0.36,0.194,235,435,670
15537,2012-10-14,4,1,10,13,0,0,0,1,0.64,0.6212,0.41,0.4478,218,401,619
15561,2012-10-15,4,1,10,13,0,1,1,2,0.56,0.5303,0.88,0.2239,37,109,146
15585,2012-10-16,4,1,10,13,0,2,1,1,0.52,0.5,0.45,0.2836,68,260,328
15609,2012-10-17,4,1,10,13,0,3,1,2,0.54,0.5152,0.49,0.1343,73,237,310
15633,2012-10-18,4,1,10,13,0,4,1,1,0.62,0.6212,0.53,0.3582,96,236,332
15657,2012-10-19,4,1,10,13,0,5,1,1,0.62,0.5909,0.73,0.2239,87,288,375
15681,2012-10-20,4,1,10,13,0,6,0,1,0.56,0.5303,0.43,0.1642,273,441,714
15705,2012-10-21,4,1,10,13,0,0,0,1,0.56,0.5303,0.37,0.2537,243,383,626
15729,2012-10-22,4,1,10,13,0,1,1,1,0.62,0.6212,0.29,0.1642,88,227,315
15753,2012-10-23,4,1,10,13,0,2,1,2,0.64,0.6212,0.44,0,59,244,303
15777,2012-10-24,4,1,10,13,0,3,1,1,0.66,0.6212,0.54,0,65,241,306
15801,2012-10-25,4,1,10,13,0,4,1,2,0.56,0.5303,0.78,0,49,264,313
15825,2012-10-26,4,1,10,13,0,5,1,2,0.58,0.5455,0.68,0.1343,77,260,337
15849,2012-10-27,4,1,10,13,0,6,0,1,0.6,0.6212,0.43,0.2537,310,450,760
15873,2012-10-28,4,1,10,13,0,0,0,2,0.48,0.4697,0.59,0.4179,75,316,391
15885,2012-10-30,4,1,10,13,0,2,1,3,0.3,0.2727,0.81,0.3582,11,105,116
15909,2012-10-31,4,1,10,13,0,3,1,1,0.42,0.4242,0.5,0.2239,22,191,213
15933,2012-11-01,4,1,11,13,0,4,1,2,0.4,0.4091,0.58,0.1642,49,199,248
15957,2012-11-02,4,1,11,13,0,5,1,1,0.4,0.4091,0.43,0.3582,64,230,294
15981,2012-11-03,4,1,11,13,0,6,0,2,0.36,0.3333,0.46,0.3582,110,339,449
16005,2012-11-04,4,1,11,13,0,0,0,1,0.4,0.4091,0.43,0.2239,122,371,493
16029,2012-11-05,4,1,11,13,0,1,1,1,0.36,0.3333,0.4,0.2537,39,183,222
16053,2012-11-06,4,1,11,13,0,2,1,1,0.34,0.3333,0.46,0.1343,46,232,278
16077,2012-11-07,4,1,11,13,0,3,1,2,0.32,0.303,0.53,0.2537,23,158,181
16100,2012-11-08,4,1,11,13,0,4,1,1,0.44,0.4394,0.18,0.4179,33,195,228
16124,2012-11-09,4,1,11,13,0,5,1,1,0.46,0.4545,0.38,0.2985,62,237,299
16148,2012-11-10,4,1,11,13,0,6,0,1,0.52,0.5,0.39,0,268,383,651
16172,2012-11-11,4,1,11,13,0,0,0,1,0.54,0.5152,0.45,0.1045,262,424,686
16196,2012-11-12,4,1,11,13,1,1,0,1,0.6,0.6061,0.6,0.2239,108,312,420
16220,2012-11-13,4,1,11,13,0,2,1,1,0.34,0.3182,0.53,0.2537,30,188,218
16244,2012-11-14,4,1,11,13,0,3,1,1,0.36,0.3333,0.43,0.2537,32,182,214
16268,2012-11-15,4,1,11,13,0,4,1,2,0.38,0.3939,0.54,0.1045,20,197,217
16292,2012-11-16,4,1,11,13,0,5,1,1,0.42,0.4242,0.38,0.194,52,226,278
16316,2012-11-17,4,1,11,13,0,6,0,1,0.42,0.4242,0.38,0.2537,179,346,525
16340,2012-11-18,4,1,11,13,0,0,0,1,0.4,0.4091,0.62,0.3284,113,334,447
16364,2012-11-19,4,1,11,13,0,1,1,1,0.44,0.4394,0.54,0.2537,46,205,251
16388,2012-11-20,4,1,11,13,0,2,1,2,0.44,0.4394,0.58,0,49,218,267
16412,2012-11-21,4,1,11,13,0,3,1,1,0.44,0.4394,0.35,0.2239,70,295,365
16436,2012-11-22,4,1,11,13,1,4,0,1,0.46,0.4545,0.31,0,125,144,269
16460,2012-11-23,4,1,11,13,0,5,1,1,0.46,0.4545,0.38,0.2836,224,200,424
16484,2012-11-24,4,1,11,13,0,6,0,1,0.32,0.303,0.36,0.3284,64,161,225
16508,2012-11-25,4,1,11,13,0,0,0,2,0.26,0.2576,0.41,0.1642,37,158,195
16532,2012-11-26,4,1,11,13,0,1,1,1,0.42,0.4242,0.35,0.1045,20,197,217
16556,2012-11-27,4,1,11,13,0,2,1,3,0.28,0.2727,0.87,0.2537,4,73,77
16580,2012-11-28,4,1,11,13,0,3,1,1,0.34,0.3333,0.42,0.194,21,193,214
16603,2012-11-29,4,1,11,13,0,4,1,1,0.38,0.3939,0.32,0.1343,15,209,224
16627,2012-11-30,4,1,11,13,0,5,1,2,0.4,0.4091,0.4,0.1642,21,241,262
16651,2012-12-01,4,1,12,13,0,6,0,2,0.34,0.3636,0.76,0,123,386,509
16675,2012-12-02,4,1,12,13,0,0,0,1,0.4,0.4091,0.71,0.2239,84,347,431
16699,2012-12-03,4,1,12,13,0,1,1,1,0.58,0.5455,0.56,0.0896,81,240,321
16723,2012-12-04,4,1,12,13,0,2,1,2,0.54,0.5152,0.64,0.1642,39,233,272
16747,2012-12-05,4,1,12,13,0,3,1,1,0.46,0.4545,0.41,0.2836,14,200,214
16771,2012-12-06,4,1,12,13,0,4,1,1,0.3,0.3333,0.39,0,33,212,245
16795,2012-12-07,4,1,12,13,0,5,1,2,0.36,0.3485,0.66,0.1343,23,197,220
16819,2012-12-08,4,1,12,13,0,6,0,2,0.4,0.4091,0.87,0.1642,148,399,547
16843,2012-12-09,4,1,12,13,0,0,0,2,0.38,0.3939,0.87,0.2836,65,220,285
16867,2012-12-10,4,1,12,13,0,1,1,3,0.44,0.4394,1,0.2239,30,190,220
16891,2012-12-11,4,1,12,13,0,2,1,2,0.38,0.3939,0.5,0.2239,28,226,254
16915,2012-12-12,4,1,12,13,0,3,1,2,0.34,0.3636,0.42,0,18,220,238
16939,2012-12-13,4,1,12,13,0,4,1,1,0.36,0.3485,0.34,0.194,41,230,271
16963,2012-12-14,4,1,12,13,0,5,1,1,0.36,0.3485,0.5,0.2239,39,274,313
16987,2012-12-15,4,1,12,13,0,6,0,1,0.38,0.3939,0.54,0.2537,88,368,456
17011,2012-12-16,4,1,12,13,0,0,0,2,0.38,0.3939,0.76,0.194,67,289,356
17035,2012-12-17,4,1,12,13,0,1,1,2,0.4,0.4091,0.87,0.1343,16,194,210
17059,2012-12-18,4,1,12,13,0,2,1,1,0.5,0.4848,0.42,0.2836,51,235,286
17083,2012-12-19,4,1,12,13,0,3,1,1,0.42,0.4242,0.5,0.194,30,183,213
17107,2012-12-20,4,1,12,13,0,4,1,2,0.36,0.3485,0.57,0.194,46,171,217
17131,2012-12-21,1,1,12,13,0,5,1,2,0.32,0.2879,0.39,0.4179,26,214,240
17155,2012-12-22,1,1,12,13,0,6,0,1,0.32,0.2879,0.36,0.4478,23,135,158
17179,2012-12-23,1,1,12,13,0,0,0,1,0.32,0.303,0.39,0.2239,63,123,186
17202,2012-12-24,1,1,12,13,0,1,1,3,0.24,0.2576,0.81,0.1045,16,54,70
17225,2012-12-25,1,1,12,13,1,2,0,1,0.4,0.4091,0.5,0.3284,75,46,121
17249,2012-12-26,1,1,12,13,0,3,1,3,0.22,0.197,0.87,0.3284,0,15,15
17273,2012-12-27,1,1,12,13,0,4,1,1,0.3,0.2727,0.49,0.4627,19,99,118
17297,2012-12-28,1,1,12,13,0,5,1,2,0.3,0.303,0.49,0.1343,76,146,222
17321,2012-12-29,1,1,12,13,0,6,0,3,0.2,0.2424,1,0,13,71,84
17345,2012-12-30,1,1,12,13,0,0,0,1,0.3,0.2576,0.36,0.6567,49,120,169
17369,2012-12-31,1,1,12,13,0,1,1,2,0.26,0.2576,0.44,0.1642,38,165,203
