15,2011-01-01,1,0,1,14,0,6,0,2,0.46,0.4545,0.72,0.2836,35,71,106
38,2011-01-02,1,0,1,14,0,0,0,3,0.36,0.3485,0.76,0.194,4,55,59
60,2011-01-03,1,0,1,14,0,1,1,1,0.26,0.2424,0.3,0.2836,11,66,77
83,2011-01-04,1,0,1,14,0,2,1,1,0.26,0.2576,0.52,0.2239,9,54,63
106,2011-01-05,1,0,1,14,0,3,1,1,0.3,0.2879,0.28,0.194,10,52,62
129,2011-01-06,1,0,1,14,0,4,1,1,0.28,0.2727,0.36,0.1642,11,59,70
152,2011-01-07,1,0,1,14,0,5,1,2,0.2,0.197,0.4,0.2537,7,43,50
176,2011-01-08,1,0,1,14,0,6,0,1,0.2,0.1667,0.32,0.4925,12,83,95
200,2011-01-09,1,0,1,14,0,0,0,1,0.22,0.1818,0.32,0.4627,8,64,72
224,2011-01-10,1,0,1,14,0,1,1,2,0.2,0.197,0.4,0.2239,0,47,47
246,2011-01-11,1,0,1,14,0,2,1,2,0.2,0.2273,0.59,0.0896,3,60,63
268,2011-01-12,1,0,1,14,0,3,1,1,0.2,0.1818,0.47,0.3284,0,44,44
292,2011-01-13,1,0,1,14,0,4,1,1,0.22,0.197,0.41,0.3881,3,39,42
315,2011-01-14,1,0,1,14,0,5,1,1,0.22,0.2121,0.41,0.2836,5,59,64
339,2011-01-15,1,0,1,14,0,6,0,1,0.3,0.2879,0.39,0.2836,26,92,118
363,2011-01-16,1,0,1,14,0,0,0,1,0.28,0.2727,0.36,0.2537,22,69,91
387,2011-01-17,1,0,1,14,1,1,0,2,0.18,0.2121,0.43,0.1045,12,74,86
399,2011-01-18,1,0,1,14,0,2,1,2,0.22,0.2273,0.8,0.1642,2,26,28
422,2011-01-19,1,0,1,14,0,3,1,1,0.4,0.4091,0.58,0.2537,7,68,75
446,2011-01-20,1,0,1,14,0,4,1,2,0.3,0.303,0.45,0.1343,6,75,81
470,2011-01-21,1,0,1,14,0,5,1,1,0.2,0.1515,0.25,0.5224,6,56,62
493,2011-01-22,1,0,1,14,0,6,0,1,0.1,0.1364,0.33,0.1045,11,64,75
516,2011-01-23,1,0,1,14,0,0,0,1,0.16,0.1364,0.28,0.3582,17,93,110
539,2011-01-24,1,0,1,14,0,1,1,2,0.14,0.1364,0.46,0.2239,2,43,45
562,2011-01-25,1,0,1,14,0,2,1,2,0.3,0.3333,0.45,0,11,57,68
584,2011-01-26,1,0,1,14,0,3,1,3,0.22,0.197,0.93,0.3582,0,36,36
609,2011-01-28,1,0,1,14,0,5,1,3,0.22,0.2727,0.8,0,2,36,38
632,2011-01-29,1,0,1,14,0,6,0,2,0.22,0.2273,0.6,0.1343,10,89,99
655,2011-01-30,1,0,1,14,0,0,0,1,0.28,0.303,0.61,0.0896,18,104,122
679,2011-01-31,1,0,1,14,0,1,1,2,0.18,0.197,0.55,0.1343,1,85,86
702,2011-02-01,1,0,2,14,0,2,1,2,0.22,0.2576,0.8,0.0896,5,49,54
726,2011-02-02,1,0,2,14,0,3,1,1,0.38,0.3939,0.82,0.3881,2,61,63
749,2011-02-03,1,0,2,14,0,4,1,1,0.22,0.197,0.37,0.3881,4,43,47
772,2011-02-04,1,0,2,14,0,5,1,2,0.28,0.2727,0.45,0.1642,15,76,91
796,2011-02-05,1,0,2,14,0,6,0,3,0.22,0.2727,1,0,5,50,55
820,2011-02-06,1,0,2,14,0,0,0,1,0.34,0.3485,0.46,0.0896,47,114,161
844,2011-02-07,1,0,2,14,0,1,1,2,0.36,0.3636,0.57,0.0896,8,52,60
868,2011-02-08,1,0,2,14,0,2,1,1,0.22,0.197,0.37,0.4179,3,61,64
891,2011-02-09,1,0,2,14,0,3,1,1,0.2,0.1818,0.34,0.2985,2,56,58
914,2011-02-10,1,0,2,14,0,4,1,1,0.2,0.1818,0.27,0.2836,6,42,48
936,2011-02-11,1,0,2,14,0,5,1,1,0.3,0.2879,0.26,0.2537,17,67,84
960,2011-02-12,1,0,2,14,0,6,0,1,0.34,0.3182,0.31,0.2836,30,90,120
983,2011-02-13,1,0,2,14,0,0,0,2,0.4,0.4091,0.3,0.4179,51,110,161
1007,2011-02-14,1,0,2,14,0,1,1,1,0.6,0.5909,0.15,0.4925,14,76,90
1030,2011-02-15,1,0,2,14,0,2,1,1,0.34,0.3182,0.19,0.2239,10,69,79
1053,2011-02-16,1,0,2,14,0,3,1,1,0.46,0.4545,0.28,0.4179,17,65,82
1077,2011-02-17,1,0,2,14,0,4,1,1,0.6,0.6212,0.31,0.2239,26,55,81
1101,2011-02-18,1,0,2,14,0,5,1,1,0.66,0.6212,0.36,0.2985,73,118,191
1125,2011-02-19,1,0,2,14,0,6,0,1,0.46,0.4545,0.15,0.6567,102,94,196
1148,2011-02-20,1,0,2,14,0,0,0,1,0.36,0.3485,0.27,0.1642,108,104,212
1172,2011-02-21,1,0,2,14,1,1,0,2,0.32,0.303,0.76,0.2537,15,101,116
1190,2011-02-22,1,0,2,14,0,2,1,1,0.22,0.2273,0.55,0.194,9,49,58
1213,2011-02-23,1,0,2,14,0,3,1,1,0.32,0.3333,0.29,0.1045,17,61,78
1236,2011-02-24,1,0,2,14,0,4,1,2,0.4,0.4091,0.5,0.2985,2,67,69
1259,2011-02-25,1,0,2,14,0,5,1,3,0.56,0.5303,0.56,0.6119,14,71,85
1283,2011-02-26,1,0,2,14,0,6,0,2,0.34,0.303,0.36,0.3284,57,154,211
1306,2011-02-27,1,0,2,14,0,0,0,1,0.44,0.4394,0.47,0.0896,105,177,282
1328,2011-02-28,1,0,2,14,0,1,1,3,0.42,0.4242,1,0.2985,1,24,25
1352,2011-03-01,1,0,3,14,0,2,1,1,0.32,0.3333,0.36,0.1343,18,61,79
1376,2011-03-02,1,0,3,14,0,3,1,1,0.52,0.5,0.23,0.2985,21,75,96
1400,2011-03-03,1,0,3,14,0,4,1,1,0.24,0.2576,0.21,0.1045,18,60,78
1424,2011-03-04,1,0,3,14,0,5,1,1,0.36,0.3333,0.4,0.2836,30,65,95
1448,2011-03-05,1,0,3,14,0,6,0,2,0.48,0.4697,0.59,0.2836,80,118,198
1471,2011-03-06,1,0,3,14,0,0,0,3,0.44,0.4394,1,0.2239,12,27,39
1494,2011-03-07,1,0,3,14,0,1,1,1,0.32,0.2879,0.36,0.4179,21,56,77
1518,2011-03-08,1,0,3,14,0,2,1,2,0.38,0.3939,0.2,0,16,56,72
1542,2011-03-09,1,0,3,14,0,3,1,2,0.34,0.303,0.76,0.2985,10,61,71
1564,2011-03-10,1,0,3,14,0,4,1,3,0.44,0.4394,0,0.2985,0,12,12
1587,2011-03-11,1,0,3,14,0,5,1,2,0.36,0.3333,0.5,0.3582,25,64,89
1611,2011-03-12,1,0,3,14,0,6,0,1,0.4,0.4091,0.5,0.4478,70,96,166
1634,2011-03-13,1,0,3,14,0,0,0,1,0.46,0.4545,0.41,0.2985,144,106,250
1657,2011-03-14,1,0,3,14,0,1,1,2,0.38,0.3939,0.34,0,27,52,79
1680,2011-03-15,1,0,3,14,0,2,1,2,0.38,0.3939,0.46,0.2985,14,74,88
1703,2011-03-16,1,0,3,14,0,3,1,2,0.4,0.4091,0.76,0.2239,33,67,100
1727,2011-03-17,1,0,3,14,0,4,1,1,0.5,0.4848,0.45,0.1045,32,87,119
1750,2011-03-18,1,0,3,14,0,5,1,1,0.66,0.6212,0.39,0.2537,71,103,174
1774,2011-03-19,1,0,3,14,0,6,0,1,0.5,0.4848,0.31,0.4925,168,144,312
1798,2011-03-20,1,0,3,14,0,0,0,1,0.4,0.4091,0.3,0,145,134,279
1821,2011-03-21,2,0,3,14,0,1,1,2,0.54,0.5152,0.64,0.2239,36,65,101
1845,2011-03-22,2,0,3,14,0,2,1,1,0.5,0.4848,0.42,0.3284,30,71,101
1868,2011-03-23,2,0,3,14,0,3,1,2,0.36,0.3636,0.87,0.1045,13,71,84
1892,2011-03-24,2,0,3,14,0,4,1,2,0.3,0.303,0.7,0.1343,17,66,83
1916,2011-03-25,2,0,3,14,0,5,1,1,0.36,0.3333,0.32,0.3284,30,103,133
1940,2011-03-26,2,0,3,14,0,6,0,1,0.34,0.3182,0.29,0.2239,93,123,216
1963,2011-03-27,2,0,3,14,0,0,0,1,0.32,0.3182,0.36,0.1642,61,103,164
1986,2011-03-28,2,0,3,14,0,1,1,1,0.32,0.303,0.22,0.2239,15,65,80
2010,2011-03-29,2,0,3,14,0,2,1,1,0.36,0.3333,0.25,0.2537,20,66,86
2034,2011-03-30,2,0,3,14,0,3,1,2,0.36,0.3333,0.46,0.2985,16,64,80
2058,2011-03-31,2,0,3,14,0,4,1,3,0.3,0.303,0.87,0.1343,27,49,76
2082,2011-04-01,2,0,4,14,0,5,1,2,0.36,0.3333,0.46,0.3582,26,61,87
2106,2011-04-02,2,0,4,14,0,6,0,3,0.32,0.303,0.76,0.3284,97,93,190
2130,2011-04-03,2,0,4,14,0,0,0,1,0.46,0.4545,0.31,0.1343,240,109,349
2154,2011-04-04,2,0,4,14,0,1,1,2,0.74,0.6515,0.27,0.4925,47,76,123
2178,2011-04-05,2,0,4,14,0,2,1,2,0.36,0.3182,0.57,0.4925,9,67,76
2202,2011-04-06,2,0,4,14,0,3,1,1,0.5,0.4848,0.34,0.4179,35,80,115
2226,2011-04-07,2,0,4,14,0,4,1,1,0.56,0.5303,0.43,0.0896,46,111,157
2250,2011-04-08,2,0,4,14,0,5,1,3,0.34,0.3182,0.87,0.2239,2,13,15
2274,2011-04-09,2,0,4,14,0,6,0,2,0.36,0.3485,0.81,0.1343,94,118,212
2298,2011-04-10,2,0,4,14,0,0,0,1,0.5,0.4848,0.72,0.194,148,133,281
2321,2011-04-11,2,0,4,14,0,1,1,2,0.72,0.6667,0.54,0.3582,60,85,145
2345,2011-04-12,2,0,4,14,0,2,1,2,0.5,0.4848,0.82,0.2836,16,28,44
2369,2011-04-13,2,0,4,14,0,3,1,2,0.42,0.4242,0.77,0.2537,24,82,106
2393,2011-04-14,2,0,4,14,0,4,1,1,0.56,0.5303,0.35,0.0896,36,101,137
2417,2011-04-15,2,0,4,14,1,5,0,1,0.54,0.5152,0.52,0.2537,57,106,163
2441,2011-04-16,2,0,4,14,0,6,0,3,0.52,0.5,0.83,0.5821,14,49,63
2465,2011-04-17,2,0,4,14,0,0,0,1,0.52,0.5,0.34,0.3881,170,191,361
2489,2011-04-18,2,0,4,14,0,1,1,2,0.58,0.5455,0.49,0.194,49,95,144
2513,2011-04-19,2,0,4,14,0,2,1,2,0.54,0.5152,0.64,0.194,19,88,107
2537,2011-04-20,2,0,4,14,0,3,1,1,0.74,0.6515,0.4,0.4627,33,115,148
2561,2011-04-21,2,0,4,14,0,4,1,1,0.5,0.4848,0.34,0.3881,68,160,228
2585,2011-04-22,2,0,4,14,0,5,1,3,0.34,0.3182,0.87,0.2537,3,33,36
2609,2011-04-23,2,0,4,14,0,6,0,1,0.58,0.5455,0.78,0.3582,182,209,391
2633,2011-04-24,2,0,4,14,0,0,0,1,0.7,0.6515,0.54,0.3284,197,223,420
2657,2011-04-25,2,0,4,14,0,1,1,1,0.72,0.6667,0.54,0.2239,47,99,146
2681,2011-04-26,2,0,4,14,0,2,1,1,0.72,0.6667,0.58,0.3284,40,115,155
2705,2011-04-27,2,0,4,14,0,3,1,1,0.68,0.6364,0.74,0.2836,29,119,148
2729,2011-04-28,2,0,4,14,0,4,1,1,0.62,0.5758,0.83,0.2985,21,121,142
2753,2011-04-29,2,0,4,14,0,5,1,1,0.6,0.6212,0.35,0.3284,58,190,248
2777,2011-04-30,2,0,4,14,0,6,0,1,0.54,0.5152,0.39,0.2239,184,268,452
2801,2011-05-01,2,0,5,14,0,0,0,2,0.5,0.4848,0.68,0.1045,85,153,238
2825,2011-05-02,2,0,5,14,0,1,1,1,0.64,0.6061,0.69,0.2239,48,133,181
2849,2011-05-03,2,0,5,14,0,2,1,2,0.7,0.6515,0.58,0.5224,36,122,158
2873,2011-05-04,2,0,5,14,0,3,1,1,0.5,0.4848,0.51,0.3881,13,94,107
2897,2011-05-05,2,0,5,14,0,4,1,1,0.54,0.5152,0.28,0.4478,19,135,154
2921,2011-05-06,2,0,5,14,0,5,1,1,0.6,0.6212,0.4,0.4478,86,127,213
2945,2011-05-07,2,0,5,14,0,6,0,3,0.6,0.6212,0.35,0.1642,143,235,378
2969,2011-05-08,2,0,5,14,0,0,0,1,0.6,0.6212,0.49,0,126,240,366
2993,2011-05-09,2,0,5,14,0,1,1,1,0.62,0.6212,0.41,0.2239,44,118,162
3017,2011-05-10,2,0,5,14,0,2,1,2,0.62,0.6212,0.33,0,42,134,176
3041,2011-05-11,2,0,5,14,0,3,1,1,0.62,0.6212,0.53,0.0896,36,141,177
3065,2011-05-12,2,0,5,14,0,4,1,2,0.62,0.6061,0.61,0.2239,43,148,191
3089,2011-05-13,2,0,5,14,0,5,1,2,0.52,0.5,0.87,0.2836,70,120,190
3113,2011-05-14,2,0,5,14,0,6,0,2,0.54,0.5152,0.94,0.1343,57,159,216
3137,2011-05-15,2,0,5,14,0,0,0,1,0.64,0.6061,0.73,0.194,183,254,437
3161,2011-05-16,2,0,5,14,0,1,1,1,0.68,0.6364,0.51,0,76,117,193
3185,2011-05-17,2,0,5,14,0,2,1,1,0.62,0.5909,0.73,0.4627,61,123,184
3209,2011-05-18,2,0,5,14,0,3,1,2,0.58,0.5455,0.78,0.2836,44,94,138
3233,2011-05-19,2,0,5,14,0,4,1,3,0.54,0.5152,0.73,0.194,43,137,180
3257,2011-05-20,2,0,5,14,0,5,1,1,0.62,0.6212,0.53,0.2239,66,131,197
3281,2011-05-21,2,0,5,14,0,6,0,1,0.72,0.6515,0.42,0,187,269,456
3305,2011-05-22,2,0,5,14,0,0,0,3,0.62,0.6061,0.69,0.194,125,191,316
3329,2011-05-23,2,0,5,14,0,1,1,2,0.72,0.6818,0.62,0.5224,57,130,187
3353,2011-05-24,2,0,5,14,0,2,1,1,0.78,0.697,0.46,0.2836,27,126,153
3377,2011-05-25,2,0,5,14,0,3,1,1,0.74,0.6818,0.55,0.1642,47,121,168
3401,2011-05-26,2,0,5,14,0,4,1,1,0.82,0.7727,0.52,0.2836,44,145,189
3425,2011-05-27,2,0,5,14,0,5,1,1,0.76,0.697,0.55,0.2537,51,188,239
3449,2011-05-28,2,0,5,14,0,6,0,1,0.74,0.6818,0.58,0.2239,172,210,382
3473,2011-05-29,2,0,5,14,0,0,0,1,0.74,0.697,0.7,0.2836,183,168,351
3497,2011-05-30,2,0,5,14,1,1,0,1,0.88,0.803,0.39,0,142,185,327
3521,2011-05-31,2,0,5,14,0,2,1,1,0.9,0.8182,0.37,0,41,99,140
3545,2011-06-01,2,0,6,14,0,3,1,1,0.9,0.8182,0.37,0.2537,40,105,145
3569,2011-06-02,2,0,6,14,0,4,1,1,0.78,0.6667,0.24,0.3284,43,142,185
3593,2011-06-03,2,0,6,14,0,5,1,1,0.7,0.6364,0.28,0.2836,66,174,240
3617,2011-06-04,2,0,6,14,0,6,0,1,0.74,0.6515,0.33,0.2239,193,258,451
3641,2011-06-05,2,0,6,14,0,0,0,1,0.7,0.6515,0.58,0.1642,161,224,385
3665,2011-06-06,2,0,6,14,0,1,1,1,0.78,0.6818,0.31,0.1343,46,99,145
3689,2011-06-07,2,0,6,14,0,2,1,2,0.8,0.7273,0.43,0.2836,34,112,146
3713,2011-06-08,2,0,6,14,0,3,1,1,0.92,0.8788,0.4,0.2537,44,111,155
3737,2011-06-09,2,0,6,14,0,4,1,1,0.92,0.8788,0.4,0.194,25,93,118
3761,2011-06-10,2,0,6,14,0,5,1,1,0.86,0.7727,0.39,0,44,121,165
3785,2011-06-11,2,0,6,14,0,6,0,1,0.82,0.7727,0.49,0.1045,148,232,380
3809,2011-06-12,2,0,6,14,0,0,0,1,0.82,0.7879,0.56,0.2537,96,219,315
3833,2011-06-13,2,0,6,14,0,1,1,1,0.7,0.6364,0.34,0.2537,55,145,200
3857,2011-06-14,2,0,6,14,0,2,1,2,0.64,0.6212,0.47,0.194,41,118,159
3881,2011-06-15,2,0,6,14,0,3,1,1,0.74,0.6515,0.28,0,50,128,178
3905,2011-06-16,2,0,6,14,0,4,1,2,0.72,0.6667,0.54,0.3284,39,114,153
3929,2011-06-17,2,0,6,14,0,5,1,1,0.76,0.697,0.52,0.194,73,142,215
3953,2011-06-18,2,0,6,14,0,6,0,2,0.8,0.7273,0.46,0.2836,138,196,334
3977,2011-06-19,2,0,6,14,0,0,0,3,0.74,0.6818,0.58,0.1045,124,193,317
4001,2011-06-20,2,0,6,14,0,1,1,1,0.66,0.6212,0.61,0.1045,45,130,175
4025,2011-06-21,3,0,6,14,0,2,1,1,0.76,0.7121,0.62,0.2239,44,108,152
4049,2011-06-22,3,0,6,14,0,3,1,2,0.82,0.7727,0.52,0.2836,32,113,145
4073,2011-06-23,3,0,6,14,0,4,1,2,0.76,0.7273,0.66,0.2985,46,103,149
4097,2011-06-24,3,0,6,14,0,5,1,1,0.78,0.697,0.43,0.2836,67,162,229
4121,2011-06-25,3,0,6,14,0,6,0,1,0.74,0.6667,0.45,0.2985,151,232,383
4145,2011-06-26,3,0,6,14,0,0,0,1,0.74,0.6515,0.4,0.1343,197,246,443
4169,2011-06-27,3,0,6,14,0,1,1,2,0.72,0.6667,0.58,0.0896,58,100,158
4193,2011-06-28,3,0,6,14,0,2,1,1,0.86,0.7879,0.44,0.2239,43,117,160
4217,2011-06-29,3,0,6,14,0,3,1,1,0.8,0.697,0.31,0.194,50,138,188
4241,2011-06-30,3,0,6,14,0,4,1,1,0.78,0.6818,0.31,0.194,46,117,163
4265,2011-07-01,3,0,7,14,0,5,1,1,0.82,0.697,0.23,0.194,78,225,303
4289,2011-07-02,3,0,7,14,0,6,0,1,0.84,0.7121,0.2,0,177,215,392
4313,2011-07-03,3,0,7,14,0,0,0,1,0.82,0.7879,0.56,0.2537,225,150,375
4337,2011-07-04,3,0,7,14,1,1,0,1,0.8,0.7273,0.46,0,235,173,408
4361,2011-07-05,3,0,7,14,0,2,1,1,0.8,0.7424,0.49,0.1642,66,112,178
4385,2011-07-06,3,0,7,14,0,3,1,1,0.76,0.7273,0.66,0.2836,50,113,163
4409,2011-07-07,3,0,7,14,0,4,1,1,0.86,0.7879,0.41,0.2537,39,121,160
4433,2011-07-08,3,0,7,14,0,5,1,2,0.8,0.7879,0.63,0.3582,53,163,216
4457,2011-07-09,3,0,7,14,0,6,0,1,0.84,0.7424,0.36,0.1343,158,215,373
4481,2011-07-10,3,0,7,14,0,0,0,1,0.82,0.7424,0.41,0.3284,122,227,349
4505,2011-07-11,3,0,7,14,0,1,1,1,0.86,0.8333,0.53,0.2836,40,94,134
4529,2011-07-12,3,0,7,14,0,2,1,1,0.9,0.8485,0.42,0.2985,33,91,124
4553,2011-07-13,3,0,7,14,0,3,1,3,0.82,0.7576,0.46,0.1343,27,89,116
4577,2011-07-14,3,0,7,14,0,4,1,1,0.74,0.6515,0.35,0.2836,49,129,178
4601,2011-07-15,3,0,7,14,0,5,1,1,0.7,0.6515,0.51,0.194,105,160,265
4625,2011-07-16,3,0,7,14,0,6,0,1,0.74,0.6667,0.45,0.2985,201,232,433
4649,2011-07-17,3,0,7,14,0,0,0,1,0.8,0.7424,0.49,0.3582,168,262,430
4673,2011-07-18,3,0,7,14,0,1,1,1,0.82,0.7879,0.56,0.3284,32,106,138
4697,2011-07-19,3,0,7,14,0,2,1,1,0.86,0.8182,0.5,0.194,41,111,152
4721,2011-07-20,3,0,7,14,0,3,1,1,0.86,0.8333,0.53,0.2239,44,83,127
4745,2011-07-21,3,0,7,14,0,4,1,1,0.9,0.8939,0.5,0.3582,50,97,147
4769,2011-07-22,3,0,7,14,0,5,1,1,0.96,1,0.48,0.2985,24,77,101
4793,2011-07-23,3,0,7,14,0,6,0,1,0.92,0.8939,0.42,0,84,152,236
4817,2011-07-24,3,0,7,14,0,0,0,1,0.86,0.8182,0.5,0.2836,79,204,283
4841,2011-07-25,3,0,7,14,0,1,1,2,0.72,0.697,0.79,0.194,28,62,90
4865,2011-07-26,3,0,7,14,0,2,1,1,0.86,0.7424,0.3,0.2836,46,101,147
4889,2011-07-27,3,0,7,14,0,3,1,1,0.84,0.7273,0.28,0.2239,20,107,127
4913,2011-07-28,3,0,7,14,0,4,1,2,0.84,0.7879,0.49,0.2537,27,111,138
4937,2011-07-29,3,0,7,14,0,5,1,1,0.96,0.8636,0.3,0.2239,34,114,148
4961,2011-07-30,3,0,7,14,0,6,0,1,0.9,0.7879,0.29,0,112,193,305
4985,2011-07-31,3,0,7,14,0,0,0,1,0.9,0.7727,0.24,0.1642,130,196,326
5009,2011-08-01,3,0,8,14,0,1,1,1,0.92,0.8182,0.29,0.194,37,86,123
5033,2011-08-02,3,0,8,14,0,2,1,1,0.9,0.7727,0.25,0.2836,45,114,159
5057,2011-08-03,3,0,8,14,0,3,1,2,0.76,0.7121,0.58,0.2239,43,104,147
5081,2011-08-04,3,0,8,14,0,4,1,1,0.8,0.7576,0.55,0.1642,53,114,167
5105,2011-08-05,3,0,8,14,0,5,1,2,0.78,0.7121,0.52,0.2537,81,164,245
5129,2011-08-06,3,0,8,14,0,6,0,1,0.82,0.7727,0.52,0.2537,176,204,380
5153,2011-08-07,3,0,8,14,0,0,0,1,0.86,0.803,0.47,0.194,130,192,322
5177,2011-08-08,3,0,8,14,0,1,1,1,0.82,0.7424,0.43,0.2985,41,109,150
5201,2011-08-09,3,0,8,14,0,2,1,1,0.86,0.7879,0.44,0.2836,53,95,148
5225,2011-08-10,3,0,8,14,0,3,1,1,0.84,0.7273,0.34,0.3284,62,116,178
5249,2011-08-11,3,0,8,14,0,4,1,1,0.8,0.697,0.29,0,39,103,142
5273,2011-08-12,3,0,8,14,0,5,1,1,0.8,0.697,0.29,0.194,51,135,186
5297,2011-08-13,3,0,8,14,0,6,0,1,0.74,0.697,0.7,0.2537,113,146,259
5321,2011-08-14,3,0,8,14,0,0,0,1,0.74,0.697,0.7,0.194,126,244,370
5345,2011-08-15,3,0,8,14,0,1,1,1,0.74,0.6818,0.55,0.0896,56,95,151
5369,2011-08-16,3,0,8,14,0,2,1,1,0.76,0.6818,0.45,0.4179,65,117,182
5393,2011-08-17,3,0,8,14,0,3,1,1,0.82,0.7273,0.36,0.1642,54,138,192
5417,2011-08-18,3,0,8,14,0,4,1,1,0.82,0.7576,0.46,0.3284,67,115,182
5441,2011-08-19,3,0,8,14,0,5,1,1,0.78,0.7273,0.55,0.194,78,142,220
5465,2011-08-20,3,0,8,14,0,6,0,1,0.8,0.7424,0.49,0.194,147,228,375
5489,2011-08-21,3,0,8,14,0,0,0,3,0.7,0.6667,0.79,0.3881,78,157,235
5513,2011-08-22,3,0,8,14,0,1,1,1,0.74,0.6515,0.3,0.3881,88,137,225
5537,2011-08-23,3,0,8,14,0,2,1,1,0.72,0.6515,0.3,0.0896,149,502,651
5561,2011-08-24,3,0,8,14,0,3,1,1,0.76,0.6818,0.48,0.4179,77,127,204
5585,2011-08-25,3,0,8,14,0,4,1,2,0.72,0.697,0.74,0,27,86,113
5609,2011-08-26,3,0,8,14,0,5,1,1,0.8,0.7727,0.59,0,55,164,219
5633,2011-08-27,3,0,8,14,0,6,0,3,0.64,0.5758,0.89,0.5522,4,19,23
5644,2011-08-28,3,0,8,14,0,0,0,1,0.78,0.697,0.43,0.4179,157,290,447
5668,2011-08-29,3,0,8,14,0,1,1,1,0.7,0.6364,0.42,0,55,127,182
5692,2011-08-30,3,0,8,14,0,2,1,1,0.74,0.6515,0.33,0.1642,58,151,209
5716,2011-08-31,3,0,8,14,0,3,1,1,0.74,0.6515,0.4,0.1343,48,148,196
5740,2011-09-01,3,0,9,14,0,4,1,3,0.72,0.6667,0.54,0.2537,54,144,198
5764,2011-09-02,3,0,9,14,0,5,1,2,0.7,0.6515,0.61,0.1045,75,208,283
5788,2011-09-03,3,0,9,14,0,6,0,2,0.72,0.6818,0.66,0.1642,204,176,380
5812,2011-09-04,3,0,9,14,0,0,0,1,0.78,0.7576,0.66,0.3284,205,156,361
5836,2011-09-05,3,0,9,14,1,1,0,1,0.74,0.697,0.7,0.1642,145,212,357
5859,2011-09-06,3,0,9,14,0,2,1,3,0.54,0.5152,0.88,0.2836,3,21,24
5883,2011-09-07,3,0,9,14,0,3,1,3,0.6,0.5152,0.93,0,1,24,25
5906,2011-09-08,3,0,9,14,0,4,1,2,0.7,0.6667,0.79,0.3582,15,105,120
5930,2011-09-09,3,0,9,14,0,5,1,1,0.72,0.697,0.74,0.0896,29,119,148
5954,2011-09-10,3,0,9,14,0,6,0,1,0.74,0.6818,0.55,0.2836,129,230,359
5978,2011-09-11,3,0,9,14,0,0,0,1,0.72,0.6667,0.58,0.2836,120,222,342
6001,2011-09-12,3,0,9,14,0,1,1,1,0.74,0.6667,0.51,0.1642,60,129,189
6025,2011-09-13,3,0,9,14,0,2,1,1,0.74,0.6667,0.51,0.3284,51,139,190
6049,2011-09-14,3,0,9,14,0,3,1,1,0.78,0.7121,0.52,0.2239,19,105,124
6073,2011-09-15,3,0,9,14,0,4,1,2,0.64,0.6061,0.65,0.4179,36,134,170
6097,2011-09-16,3,0,9,14,0,5,1,2,0.54,0.5152,0.45,0.1642,49,176,225
6121,2011-09-17,3,0,9,14,0,6,0,2,0.52,0.5,0.72,0.194,123,174,297
6145,2011-09-18,3,0,9,14,0,0,0,2,0.58,0.5455,0.56,0.1343,127,184,311
6169,2011-09-19,3,0,9,14,0,1,1,2,0.6,0.6061,0.6,0.194,45,143,188
6193,2011-09-20,3,0,9,14,0,2,1,2,0.58,0.5455,0.88,0.194,27,85,112
6217,2011-09-21,3,0,9,14,0,3,1,2,0.66,0.6212,0.74,0.194,40,139,179
6241,2011-09-22,3,0,9,14,0,4,1,2,0.66,0.6061,0.83,0.2239,41,142,183
6265,2011-09-23,4,0,9,14,0,5,1,3,0.6,0.5,1,0.0896,3,21,24
6289,2011-09-24,4,0,9,14,0,6,0,2,0.66,0.6212,0.74,0.1343,164,226,390
6313,2011-09-25,4,0,9,14,0,0,0,2,0.66,0.6061,0.78,0,116,231,347
6337,2011-09-26,4,0,9,14,0,1,1,1,0.7,0.6515,0.7,0.1642,44,110,154
6361,2011-09-27,4,0,9,14,0,2,1,2,0.68,0.6364,0.79,0.1045,29,123,152
6385,2011-09-28,4,0,9,14,0,3,1,1,0.72,0.6818,0.62,0.2537,25,145,170
6409,2011-09-29,4,0,9,14,0,4,1,1,0.68,0.6364,0.51,0.2985,33,134,167
6433,2011-09-30,4,0,9,14,0,5,1,2,0.64,0.6212,0.47,0.2985,93,173,266
6457,2011-10-01,4,0,10,14,0,6,0,2,0.42,0.4242,0.71,0.3582,33,147,180
6481,2011-10-02,4,0,10,14,0,0,0,3,0.36,0.3485,0.81,0.1642,61,195,256
6505,2011-10-03,4,0,10,14,0,1,1,3,0.4,0.4091,0.76,0,26,94,120
6529,2011-10-04,4,0,10,14,0,2,1,1,0.58,0.5455,0.53,0.2537,27,156,183
6553,2011-10-05,4,0,10,14,0,3,1,1,0.64,0.6212,0.41,0.2836,34,156,190
6577,2011-10-06,4,0,10,14,0,4,1,1,0.58,0.5455,0.43,0.0896,56,139,195
6601,2011-10-07,4,0,10,14,0,5,1,1,0.62,0.6212,0.5,0,77,179,256
6625,2011-10-08,4,0,10,14,0,6,0,1,0.62,0.6212,0.5,0.0896,251,214,465
6649,2011-10-09,4,0,10,14,0,0,0,1,0.68,0.6364,0.47,0.1642,272,228,500
6673,2011-10-10,4,0,10,14,1,1,0,1,0.74,0.6515,0.37,0,147,223,370
6697,2011-10-11,4,0,10,14,0,2,1,3,0.6,0.5909,0.73,0.1045,54,117,171
6721,2011-10-12,4,0,10,14,0,3,1,3,0.54,0.5152,0.94,0.2836,8,70,78
6745,2011-10-13,4,0,10,14,0,4,1,1,0.66,0.6061,0.78,0.194,22,111,133
6769,2011-10-14,4,0,10,14,0,5,1,1,0.62,0.6212,0.43,0.3582,37,119,156
6793,2011-10-15,4,0,10,14,0,6,0,1,0.6,0.6212,0.33,0.4627,242,230,472
6817,2011-10-16,4,0,10,14,0,0,0,1,0.6,0.6212,0.4,0.2985,204,258,462
6841,2011-10-17,4,0,10,14,0,1,1,1,0.58,0.5455,0.49,0.194,44,122,166
6865,2011-10-18,4,0,10,14,0,2,1,2,0.62,0.6212,0.41,0.1642,32,137,169
6888,2011-10-19,4,0,10,14,0,3,1,3,0.54,0.5152,0.94,0.1642,17,80,97
6912,2011-10-20,4,0,10,14,0,4,1,2,0.48,0.4697,0.48,0.5522,38,117,155
6936,2011-10-21,4,0,10,14,0,5,1,1,0.52,0.5,0.42,0.2985,67,131,198
6960,2011-10-22,4,0,10,14,0,6,0,2,0.48,0.4697,0.48,0.2239,133,177,310
6984,2011-10-23,4,0,10,14,0,0,0,1,0.52,0.5,0.55,0.2239,192,216,408
7008,2011-10-24,4,0,10,14,0,1,1,2,0.54,0.5152,0.64,0.194,63,143,206
7032,2011-10-25,4,0,10,14,0,2,1,1,0.56,0.5303,0.4,0.2537,66,134,200
7056,2011-10-26,4,0,10,14,0,3,1,2,0.52,0.5,0.77,0,14,52,66
7080,2011-10-27,4,0,10,14,0,4,1,2,0.52,0.5,0.83,0,16,76,92
7104,2011-10-28,4,0,10,14,0,5,1,2,0.36,0.3485,0.46,0.194,33,152,185
7128,2011-10-29,4,0,10,14,0,6,0,3,0.24,0.197,0.87,0.4478,0,29,29
7152,2011-10-30,4,0,10,14,0,0,0,1,0.42,0.4242,0.38,0.194,91,209,300
7176,2011-10-31,4,0,10,14,0,1,1,2,0.44,0.4394,0.47,0.2239,22,119,141
7200,2011-11-01,4,0,11,14,0,2,1,1,0.5,0.4848,0.48,0.2537,32,118,150
7224,2011-11-02,4,0,11,14,0,3,1,1,0.5,0.4848,0.45,0.1642,40,132,172
7248,2011-11-03,4,0,11,14,0,4,1,1,0.52,0.5,0.52,0.1642,32,120,152
7272,2011-11-04,4,0,11,14,0,5,1,1,0.44,0.4394,0.47,0.2985,54,147,201
7296,2011-11-05,4,0,11,14,0,6,0,1,0.42,0.4242,0.35,0.1343,159,227,386
7320,2011-11-06,4,0,11,14,0,0,0,1,0.46,0.4545,0.55,0.194,101,219,320
7344,2011-11-07,4,0,11,14,0,1,1,1,0.56,0.5303,0.37,0.1642,30,115,145
7368,2011-11-08,4,0,11,14,0,2,1,1,0.56,0.5303,0.46,0.1045,32,129,161
7392,2011-11-09,4,0,11,14,0,3,1,1,0.52,0.5,0.48,0.1642,26,153,179
7416,2011-11-10,4,0,11,14,0,4,1,3,0.36,0.3333,0.87,0.2836,6,58,64
7440,2011-11-11,4,0,11,14,1,5,0,1,0.38,0.3939,0.37,0.4627,64,183,247
7464,2011-11-12,4,0,11,14,0,6,0,1,0.5,0.4848,0.36,0.2985,191,244,435
7488,2011-11-13,4,0,11,14,0,0,0,2,0.54,0.5152,0.28,0.4925,108,263,371
7512,2011-11-14,4,0,11,14,0,1,1,1,0.62,0.6212,0.46,0.4478,47,138,185
7536,2011-11-15,4,0,11,14,0,2,1,2,0.54,0.5152,0.6,0.2836,27,120,147
7560,2011-11-16,4,0,11,14,0,3,1,2,0.46,0.4545,1,0.1343,12,49,61
7584,2011-11-17,4,0,11,14,0,4,1,2,0.34,0.303,0.49,0.3881,5,105,110
7608,2011-11-18,4,0,11,14,0,5,1,1,0.34,0.3333,0.31,0.1343,31,123,154
7632,2011-11-19,4,0,11,14,0,6,0,1,0.42,0.4242,0.32,0.2985,121,228,349
7656,2011-11-20,4,0,11,14,0,0,0,1,0.52,0.5,0.63,0.2537,113,250,363
7680,2011-11-21,4,0,11,14,0,1,1,2,0.48,0.4697,0.82,0.194,14,121,135
7704,2011-11-22,4,0,11,14,0,2,1,3,0.42,0.4242,1,0.0896,4,31,35
7728,2011-11-23,4,0,11,14,0,3,1,1,0.42,0.4242,0.54,0.4627,13,200,213
7752,2011-11-24,4,0,11,14,1,4,0,1,0.5,0.4848,0.31,0.2985,74,94,168
7776,2011-11-25,4,0,11,14,0,5,1,1,0.52,0.5,0.39,0.2239,122,150,272
7800,2011-11-26,4,0,11,14,0,6,0,2,0.48,0.4697,0.48,0.1343,141,158,299
7824,2011-11-27,4,0,11,14,0,0,0,1,0.62,0.6212,0.43,0.4627,113,200,313
7847,2011-11-28,4,0,11,14,0,1,1,1,0.6,0.6212,0.56,0,14,129,143
7871,2011-11-29,4,0,11,14,0,2,1,3,0.4,0.4091,0.94,0.194,1,35,36
7895,2011-11-30,4,0,11,14,0,3,1,2,0.38,0.3939,0.43,0.3582,13,99,112
7919,2011-12-01,4,0,12,14,0,4,1,1,0.4,0.4091,0.4,0.2239,20,130,150
7943,2011-12-02,4,0,12,14,0,5,1,1,0.42,0.4242,0.44,0.1045,25,145,170
7967,2011-12-03,4,0,12,14,0,6,0,1,0.36,0.3788,0.46,0,92,251,343
7991,2011-12-04,4,0,12,14,0,0,0,1,0.42,0.4242,0.62,0.1343,77,246,323
8015,2011-12-05,4,0,12,14,0,1,1,2,0.46,0.4545,0.67,0,7,126,133
8039,2011-12-06,4,0,12,14,0,2,1,3,0.48,0.4697,1,0.2239,6,69,75
8063,2011-12-07,4,0,12,14,0,3,1,3,0.44,0.4394,1,0.194,1,24,25
8087,2011-12-08,4,0,12,14,0,4,1,1,0.32,0.303,0.45,0.2537,16,121,137
8111,2011-12-09,4,0,12,14,0,5,1,1,0.38,0.3939,0.46,0.2836,24,163,187
8135,2011-12-10,4,0,12,14,0,6,0,1,0.34,0.303,0.31,0.3284,51,242,293
8159,2011-12-11,4,0,12,14,0,0,0,1,0.3,0.3333,0.28,0,44,198,242
8183,2011-12-12,4,0,12,14,0,1,1,2,0.32,0.3333,0.53,0.1343,16,95,111
8207,2011-12-13,4,0,12,14,0,2,1,1,0.4,0.4091,0.37,0.2537,18,116,134
8231,2011-12-14,4,0,12,14,0,3,1,2,0.38,0.3939,0.54,0.0896,17,134,151
8255,2011-12-15,4,0,12,14,0,4,1,2,0.52,0.5,0.52,0.3284,8,124,132
8279,2011-12-16,4,0,12,14,0,5,1,2,0.34,0.3182,0.42,0.2239,13,115,128
8303,2011-12-17,4,0,12,14,0,6,0,1,0.28,0.2576,0.45,0.3582,30,207,237
8327,2011-12-18,4,0,12,14,0,0,0,1,0.3,0.2879,0.49,0.2836,19,200,219
8351,2011-12-19,4,0,12,14,0,1,1,1,0.36,0.3485,0.46,0.2239,30,107,137
8375,2011-12-20,4,0,12,14,0,2,1,2,0.44,0.4394,0.58,0.1045,11,127,138
8399,2011-12-21,1,0,12,14,0,3,1,2,0.48,0.4697,0.88,0.3582,11,40,51
8423,2011-12-22,1,0,12,14,0,4,1,2,0.46,0.4545,0.63,0,23,136,159
8447,2011-12-23,1,0,12,14,0,5,1,1,0.4,0.4091,0.54,0.4179,23,177,200
8471,2011-12-24,1,0,12,14,0,6,0,1,0.34,0.303,0.39,0.2985,15,70,85
8494,2011-12-25,1,0,12,14,0,0,0,1,0.34,0.3182,0.61,0.2537,41,45,86
8517,2011-12-26,1,0,12,14,1,1,0,1,0.38,0.3939,0.4,0.3284,73,80,153
8541,2011-12-27,1,0,12,14,0,2,1,3,0.42,0.4242,0.82,0.3881,0,14,14
8564,2011-12-28,1,0,12,14,0,3,1,1,0.32,0.2879,0.39,0.3881,24,96,120
8588,2011-12-29,1,0,12,14,0,4,1,2,0.3,0.3333,0.52,0,30,112,142
8612,2011-12-30,1,0,12,14,0,5,1,2,0.4,0.4091,0.47,0.0896,67,178,245
8636,2011-12-31,1,0,12,14,0,6,0,1,0.46,0.4545,0.51,0.3284,115,185,300
8660,2012-01-01,1,1,1,14,0,0,0,1,0.44,0.4394,0.54,0.2985,120,147,267
8683,2012-01-02,1,1,1,14,1,1,0,1,0.3,0.2727,0.36,0.4179,10,141,151
8707,2012-01-03,1,1,1,14,0,2,1,1,0.16,0.1212,0.43,0.5224,7,72,79
8731,2012-01-04,1,1,1,14,0,3,1,2,0.14,0.1212,0.46,0.2537,6,69,75
8755,2012-01-05,1,1,1,14,0,4,1,1,0.34,0.3182,0.39,0.2836,13,104,117
8779,2012-01-06,1,1,1,14,0,5,1,1,0.46,0.4545,0.36,0.194,26,152,178
8803,2012-01-07,1,1,1,14,0,6,0,1,0.5,0.4848,0.42,0.2836,156,356,512
8827,2012-01-08,1,1,1,14,0,0,0,1,0.4,0.4091,0.4,0.194,75,253,328
8851,2012-01-09,1,1,1,14,0,1,1,3,0.22,0.2273,0.75,0.1642,5,45,50
8874,2012-01-10,1,1,1,14,0,2,1,1,0.42,0.4242,0.38,0.2985,10,96,106
8898,2012-01-11,1,1,1,14,0,3,1,3,0.32,0.3333,0.81,0.1045,3,70,73
8922,2012-01-12,1,1,1,14,0,4,1,1,0.42,0.4242,0.77,0.1642,24,132,156
8946,2012-01-13,1,1,1,14,0,5,1,1,0.26,0.2121,0.33,0.5522,10,119,129
8970,2012-01-14,1,1,1,14,0,6,0,1,0.24,0.2121,0.41,0.2985,52,179,231
8994,2012-01-15,1,1,1,14,0,0,0,1,0.2,0.1818,0.32,0.3582,25,163,188
9018,2012-01-16,1,1,1,14,1,1,0,1,0.24,0.2121,0.44,0.3881,23,158,181
9041,2012-01-17,1,1,1,14,0,2,1,1,0.44,0.4394,0.62,0.4925,12,120,132
9065,2012-01-18,1,1,1,14,0,3,1,1,0.3,0.2727,0.33,0.3881,7,98,105
9089,2012-01-19,1,1,1,14,0,4,1,1,0.24,0.2273,0.44,0.194,15,104,119
9113,2012-01-20,1,1,1,14,0,5,1,2,0.22,0.2121,0.35,0.2985,8,107,115
9137,2012-01-21,1,1,1,14,0,6,0,3,0.2,0.197,0.8,0.194,6,89,95
9161,2012-01-22,1,1,1,14,0,0,0,2,0.16,0.1667,0.8,0.1642,19,163,182
9185,2012-01-23,1,1,1,14,0,1,1,3,0.22,0.2273,0.93,0.194,13,48,61
9209,2012-01-24,1,1,1,14,0,2,1,1,0.36,0.3485,0.81,0.2239,35,138,173
9233,2012-01-25,1,1,1,14,0,3,1,1,0.34,0.3485,0.49,0.0896,53,107,160
9257,2012-01-26,1,1,1,14,0,4,1,2,0.4,0.4091,0.71,0.1045,16,112,128
9281,2012-01-27,1,1,1,14,0,5,1,1,0.5,0.4848,0.55,0.5522,23,153,176
9305,2012-01-28,1,1,1,14,0,6,0,1,0.38,0.3939,0.5,0.3881,123,239,362
9329,2012-01-29,1,1,1,14,0,0,0,1,0.32,0.303,0.26,0.2537,51,229,280
9353,2012-01-30,1,1,1,14,0,1,1,1,0.32,0.3333,0.24,0.1343,15,100,115
9377,2012-01-31,1,1,1,14,0,2,1,1,0.5,0.4848,0.29,0.3284,18,142,160
9401,2012-02-01,1,1,2,14,0,3,1,1,0.62,0.6212,0.33,0.2239,33,159,192
9425,2012-02-02,1,1,2,14,0,4,1,1,0.4,0.4091,0.76,0.1045,12,129,141
9449,2012-02-03,1,1,2,14,0,5,1,1,0.36,0.3485,0.46,0.2239,22,148,170
9473,2012-02-04,1,1,2,14,0,6,0,2,0.32,0.303,0.66,0.2239,47,229,276
9497,2012-02-05,1,1,2,14,0,0,0,1,0.3,0.303,0.61,0.1642,40,203,243
9520,2012-02-06,1,1,2,14,0,1,1,1,0.4,0.4091,0.35,0.1642,14,126,140
9544,2012-02-07,1,1,2,14,0,2,1,1,0.44,0.4394,0.38,0.2537,11,127,138
9568,2012-02-08,1,1,2,14,0,3,1,2,0.3,0.303,0.56,0.1642,8,100,108
9592,2012-02-09,1,1,2,14,0,4,1,1,0.32,0.303,0.39,0.2985,18,126,144
9616,2012-02-10,1,1,2,14,0,5,1,2,0.32,0.3333,0.39,0.0896,8,138,146
9640,2012-02-11,1,1,2,14,0,6,0,2,0.26,0.2424,0.81,0.2537,38,205,243
9664,2012-02-12,1,1,2,14,0,0,0,1,0.16,0.1212,0.4,0.5224,9,102,111
9688,2012-02-13,1,1,2,14,0,1,1,1,0.34,0.3485,0.23,0.1045,10,125,135
9712,2012-02-14,1,1,2,14,0,2,1,1,0.4,0.4091,0.4,0.2239,13,111,124
9736,2012-02-15,1,1,2,14,0,3,1,1,0.42,0.4242,0.41,0.3582,6,128,134
9760,2012-02-16,1,1,2,14,0,4,1,3,0.32,0.3182,0.81,0.194,1,30,31
9784,2012-02-17,1,1,2,14,0,5,1,1,0.4,0.4091,0.37,0.3582,33,137,170
9808,2012-02-18,1,1,2,14,0,6,0,1,0.44,0.4394,0.35,0.3582,183,244,427
9832,2012-02-19,1,1,2,14,0,0,0,2,0.32,0.3182,0.45,0.194,48,189,237
9855,2012-02-20,1,1,2,14,1,1,0,1,0.32,0.3182,0.36,0.194,57,206,263
9878,2012-02-21,1,1,2,14,0,2,1,2,0.32,0.2879,0.53,0.3881,16,108,124
9902,2012-02-22,1,1,2,14,0,3,1,1,0.44,0.4394,0.54,0.3284,35,142,177
9926,2012-02-23,1,1,2,14,0,4,1,1,0.54,0.5152,0.37,0.2537,36,156,192
9950,2012-02-24,1,1,2,14,0,5,1,2,0.46,0.4545,0.67,0.1045,5,26,31
9974,2012-02-25,1,1,2,14,0,6,0,1,0.32,0.2727,0.29,0.5522,35,181,216
9998,2012-02-26,1,1,2,14,0,0,0,1,0.34,0.3485,0.31,0,68,263,331
10022,2012-02-27,1,1,2,14,0,1,1,1,0.46,0.4545,0.36,0.2836,24,134,158
10046,2012-02-28,1,1,2,14,0,2,1,1,0.4,0.4091,0.28,0.1045,13,121,134
10069,2012-02-29,1,1,2,14,0,3,1,2,0.36,0.3333,0.93,0.3582,2,54,56
10093,2012-03-01,1,1,3,14,0,4,1,1,0.58,0.5455,0.35,0.2239,37,174,211
10117,2012-03-02,1,1,3,14,0,5,1,2,0.44,0.4394,0.44,0.2836,29,176,205
10141,2012-03-03,1,1,3,14,0,6,0,2,0.46,0.4545,0.44,0.3582,151,279,430
10165,2012-03-04,1,1,3,14,0,0,0,1,0.36,0.3333,0.34,0.3582,106,226,332
10189,2012-03-05,1,1,3,14,0,1,1,2,0.28,0.2576,0.57,0.3582,13,115,128
10213,2012-03-06,1,1,3,14,0,2,1,1,0.32,0.303,0.36,0.2239,20,116,136
10237,2012-03-07,1,1,3,14,0,3,1,1,0.52,0.5,0.36,0.3284,38,137,175
10261,2012-03-08,1,1,3,14,0,4,1,2,0.62,0.6212,0.43,0.6418,48,155,203
10285,2012-03-09,1,1,3,14,0,5,1,1,0.42,0.4242,0.28,0.4627,49,129,178
10309,2012-03-10,1,1,3,14,0,6,0,1,0.34,0.3182,0.27,0.2836,117,262,379
10332,2012-03-11,1,1,3,14,0,0,0,1,0.46,0.4545,0.31,0.2836,212,289,501
10356,2012-03-12,1,1,3,14,0,1,1,2,0.58,0.5455,0.32,0.2836,76,145,221
10380,2012-03-13,1,1,3,14,0,2,1,1,0.64,0.6212,0.53,0.3284,52,160,212
10404,2012-03-14,1,1,3,14,0,3,1,1,0.7,0.6364,0.23,0.3284,61,163,224
10428,2012-03-15,1,1,3,14,0,4,1,2,0.72,0.6515,0.3,0.1045,81,177,258
10452,2012-03-16,1,1,3,14,0,5,1,2,0.48,0.4697,0.72,0,56,146,202
10476,2012-03-17,1,1,3,14,0,6,0,1,0.62,0.6212,0.53,0.0896,352,338,690
10500,2012-03-18,1,1,3,14,0,0,0,2,0.5,0.4848,0.77,0.0896,218,303,521
10524,2012-03-19,1,1,3,14,0,1,1,2,0.64,0.6212,0.57,0.194,60,200,260
10548,2012-03-20,1,1,3,14,0,2,1,2,0.6,0.5909,0.73,0.1642,66,182,248
10572,2012-03-21,2,1,3,14,0,3,1,2,0.56,0.5303,0.78,0,74,151,225
10596,2012-03-22,2,1,3,14,0,4,1,1,0.6,0.5909,0.73,0.1045,96,161,257
10620,2012-03-23,2,1,3,14,0,5,1,2,0.72,0.6515,0.42,0.1045,208,224,432
10644,2012-03-24,2,1,3,14,0,6,0,3,0.52,0.5,0.88,0.3582,63,160,223
10668,2012-03-25,2,1,3,14,0,0,0,2,0.44,0.4394,0.88,0.1642,123,291,414
10692,2012-03-26,2,1,3,14,0,1,1,1,0.48,0.4697,0.33,0.4478,58,159,217
10716,2012-03-27,2,1,3,14,0,2,1,1,0.4,0.4091,0.24,0.1343,37,147,184
10740,2012-03-28,2,1,3,14,0,3,1,1,0.62,0.6212,0.38,0.3582,52,169,221
10764,2012-03-29,2,1,3,14,0,4,1,1,0.5,0.4848,0.42,0.3582,63,175,238
10788,2012-03-30,2,1,3,14,0,5,1,3,0.4,0.4091,0.54,0,56,173,229
10812,2012-03-31,2,1,3,14,0,6,0,2,0.5,0.4848,0.63,0.2537,240,311,551
10836,2012-04-01,2,1,4,14,0,0,0,2,0.48,0.4697,0.55,0.2239,283,278,561
10859,2012-04-02,2,1,4,14,0,1,1,1,0.46,0.4545,0.31,0.4179,127,141,268
10883,2012-04-03,2,1,4,14,0,2,1,1,0.56,0.5303,0.21,0.2239,120,191,311
10907,2012-04-04,2,1,4,14,0,3,1,2,0.62,0.6212,0.46,0.194,82,176,258
10931,2012-04-05,2,1,4,14,0,4,1,1,0.46,0.4545,0.33,0.1642,143,144,287
10955,2012-04-06,2,1,4,14,0,5,1,1,0.48,0.4697,0.29,0.3881,240,250,490
10979,2012-04-07,2,1,4,14,0,6,0,1,0.5,0.4848,0.22,0.2985,326,252,578
11003,2012-04-08,2,1,4,14,0,0,0,1,0.6,0.5909,0.18,0.4478,254,249,503
11027,2012-04-09,2,1,4,14,0,1,1,1,0.56,0.5303,0.28,0.5522,66,152,218
11051,2012-04-10,2,1,4,14,0,2,1,1,0.54,0.5152,0.24,0.194,75,149,224
11074,2012-04-11,2,1,4,14,0,3,1,1,0.36,0.3485,0.57,0.194,34,101,135
11098,2012-04-12,2,1,4,14,0,4,1,1,0.5,0.4848,0.31,0.3284,74,150,224
11122,2012-04-13,2,1,4,14,0,5,1,1,0.52,0.5,0.27,0,125,223,348
11146,2012-04-14,2,1,4,14,0,6,0,2,0.64,0.6212,0.27,0.4478,288,372,660
11170,2012-04-15,2,1,4,14,0,0,0,1,0.7,0.6364,0.39,0.2836,282,346,628
11194,2012-04-16,2,1,4,14,1,1,0,1,0.76,0.6818,0.45,0.3284,105,183,288
11218,2012-04-17,2,1,4,14,0,2,1,1,0.64,0.6212,0.27,0.2836,59,198,257
11242,2012-04-18,2,1,4,14,0,3,1,3,0.44,0.4394,0.72,0.1045,8,43,51
11266,2012-04-19,2,1,4,14,0,4,1,1,0.58,0.5455,0.43,0,54,183,237
11290,2012-04-20,2,1,4,14,0,5,1,1,0.64,0.6212,0.44,0.2239,156,238,394
11314,2012-04-21,2,1,4,14,0,6,0,1,0.7,0.6364,0.45,0.2836,278,331,609
11338,2012-04-22,2,1,4,14,0,0,0,3,0.38,0.3939,0.87,0.3284,3,50,53
11362,2012-04-23,2,1,4,14,0,1,1,3,0.36,0.3182,0.62,0.4478,12,102,114
11386,2012-04-24,2,1,4,14,0,2,1,1,0.5,0.4848,0.25,0.3881,50,166,216
11410,2012-04-25,2,1,4,14,0,3,1,1,0.56,0.5303,0.22,0.3582,47,176,223
11434,2012-04-26,2,1,4,14,0,4,1,2,0.54,0.5152,0.77,0.194,37,132,169
11458,2012-04-27,2,1,4,14,0,5,1,1,0.46,0.4545,0.33,0.3284,94,206,300
11482,2012-04-28,2,1,4,14,0,6,0,1,0.42,0.4242,0.38,0.1045,147,293,440
11506,2012-04-29,2,1,4,14,0,0,0,1,0.54,0.5152,0.34,0,281,372,653
11530,2012-04-30,2,1,4,14,0,1,1,2,0.5,0.4848,0.55,0.1343,56,162,218
11554,2012-05-01,2,1,5,14,0,2,1,2,0.74,0.6667,0.48,0.2537,37,167,204
11578,2012-05-02,2,1,5,14,0,3,1,1,0.62,0.6061,0.69,0.0896,51,189,240
11602,2012-05-03,2,1,5,14,0,4,1,1,0.64,0.6061,0.65,0.194,33,171,204
11626,2012-05-04,2,1,5,14,0,5,1,2,0.66,0.6212,0.74,0.2836,83,159,242
11650,2012-05-05,2,1,5,14,0,6,0,3,0.7,0.6515,0.61,0.2985,187,241,428
11674,2012-05-06,2,1,5,14,0,0,0,2,0.6,0.6061,0.64,0.1045,226,292,518
11698,2012-05-07,2,1,5,14,0,1,1,2,0.62,0.6212,0.5,0.3582,59,180,239
11722,2012-05-08,2,1,5,14,0,2,1,3,0.62,0.6061,0.69,0.3284,8,63,71
11746,2012-05-09,2,1,5,14,0,3,1,2,0.64,0.6212,0.53,0.2537,68,175,243
11770,2012-05-10,2,1,5,14,0,4,1,1,0.56,0.5303,0.37,0.4179,61,186,247
11794,2012-05-11,2,1,5,14,0,5,1,1,0.62,0.6061,0.23,0.2239,116,218,334
11818,2012-05-12,2,1,5,14,0,6,0,1,0.66,0.6212,0.36,0.194,257,358,615
11842,2012-05-13,2,1,5,14,0,0,0,1,0.7,0.6515,0.48,0.1343,228,324,552
11866,2012-05-14,2,1,5,14,0,1,1,2,0.62,0.5909,0.73,0.2537,43,128,171
11890,2012-05-15,2,1,5,14,0,2,1,2,0.64,0.6061,0.73,0.194,39,145,184
11914,2012-05-16,2,1,5,14,0,3,1,1,0.72,0.6515,0.42,0.0896,42,221,263
11938,2012-05-17,2,1,5,14,0,4,1,1,0.64,0.6212,0.38,0.194,68,202,270
11962,2012-05-18,2,1,5,14,0,5,1,1,0.66,0.6212,0.34,0.1343,108,242,350
11986,2012-05-19,2,1,5,14,0,6,0,1,0.72,0.6515,0.3,0.0896,361,369,730
12010,2012-05-20,2,1,5,14,0,0,0,1,0.72,0.6515,0.39,0.3881,236,307,543
12034,2012-05-21,2,1,5,14,0,1,1,3,0.6,0.5606,0.83,0.194,45,135,180
12058,2012-05-22,2,1,5,14,0,2,1,2,0.64,0.6061,0.73,0.1045,73,149,222
12082,2012-05-23,2,1,5,14,0,3,1,1,0.68,0.6364,0.65,0.1343,67,181,248
12106,2012-05-24,2,1,5,14,0,4,1,1,0.74,0.6818,0.55,0.2239,72,180,252
12130,2012-05-25,2,1,5,14,0,5,1,1,0.74,0.6818,0.58,0.1343,104,263,367
12154,2012-05-26,2,1,5,14,0,6,0,1,0.76,0.7273,0.66,0.2239,307,257,564
12178,2012-05-27,2,1,5,14,0,0,0,1,0.76,0.7121,0.58,0.2537,317,230,547
12202,2012-05-28,2,1,5,14,1,1,0,1,0.8,0.7879,0.63,0.2836,238,227,465
12226,2012-05-29,2,1,5,14,0,2,1,1,0.82,0.7727,0.52,0.4179,80,158,238
12250,2012-05-30,2,1,5,14,0,3,1,1,0.72,0.6515,0.42,0.1343,44,208,252
12274,2012-05-31,2,1,5,14,0,4,1,1,0.76,0.6667,0.31,0.194,61,193,254
12298,2012-06-01,2,1,6,14,0,5,1,3,0.72,0.6818,0.66,0.2836,55,199,254
12322,2012-06-02,2,1,6,14,0,6,0,1,0.64,0.6212,0.38,0.2985,259,388,647
12346,2012-06-03,2,1,6,14,0,0,0,1,0.68,0.6364,0.36,0.3284,267,411,678
12370,2012-06-04,2,1,6,14,0,1,1,1,0.62,0.6212,0.41,0.4925,84,186,270
12394,2012-06-05,2,1,6,14,0,2,1,2,0.58,0.5455,0.46,0.1642,82,194,276
12418,2012-06-06,2,1,6,14,0,3,1,1,0.64,0.6212,0.38,0,111,191,302
12442,2012-06-07,2,1,6,14,0,4,1,1,0.72,0.6515,0.37,0.2537,67,198,265
12466,2012-06-08,2,1,6,14,0,5,1,1,0.76,0.6667,0.31,0.3881,128,245,373
12490,2012-06-09,2,1,6,14,0,6,0,1,0.82,0.697,0.23,0.194,239,354,593
12514,2012-06-10,2,1,6,14,0,0,0,1,0.84,0.7273,0.3,0.1343,186,314,500
12538,2012-06-11,2,1,6,14,0,1,1,2,0.82,0.7273,0.34,0.2836,66,193,259
12562,2012-06-12,2,1,6,14,0,2,1,3,0.64,0.5758,0.89,0.2537,12,48,60
12586,2012-06-13,2,1,6,14,0,3,1,2,0.72,0.6515,0.37,0.4179,98,222,320
12610,2012-06-14,2,1,6,14,0,4,1,1,0.7,0.6515,0.54,0.2836,84,214,298
12634,2012-06-15,2,1,6,14,0,5,1,1,0.72,0.6515,0.39,0.194,121,255,376
12658,2012-06-16,2,1,6,14,0,6,0,1,0.72,0.6515,0.37,0.2239,264,309,573
12682,2012-06-17,2,1,6,14,0,0,0,1,0.64,0.6212,0.53,0,255,327,582
12706,2012-06-18,2,1,6,14,0,1,1,2,0.58,0.5455,0.68,0.194,59,160,219
12730,2012-06-19,2,1,6,14,0,2,1,1,0.76,0.7121,0.58,0.1045,61,166,227
12754,2012-06-20,2,1,6,14,0,3,1,1,0.88,0.803,0.39,0.194,56,134,190
12778,2012-06-21,3,1,6,14,0,4,1,1,0.88,0.7879,0.37,0.1642,27,149,176
12802,2012-06-22,3,1,6,14,0,5,1,1,0.88,0.803,0.39,0.2239,65,198,263
12826,2012-06-23,3,1,6,14,0,6,0,1,0.78,0.6818,0.33,0.2537,238,371,609
12850,2012-06-24,3,1,6,14,0,0,0,1,0.84,0.7273,0.3,0.2985,253,298,551
12874,2012-06-25,3,1,6,14,0,1,1,1,0.78,0.697,0.43,0.2537,90,161,251
12898,2012-06-26,3,1,6,14,0,2,1,1,0.7,0.6364,0.3,0.4627,81,186,267
12922,2012-06-27,3,1,6,14,0,3,1,1,0.8,0.6818,0.24,0.3582,78,192,270
12946,2012-06-28,3,1,6,14,0,4,1,1,0.86,0.7273,0.25,0.3284,66,188,254
12970,2012-06-29,3,1,6,14,0,5,1,1,0.96,0.9091,0.36,0.2239,49,184,233
12994,2012-06-30,3,1,6,14,0,6,0,1,0.88,0.7727,0.3,0.2537,114,295,409
13018,2012-07-01,3,1,7,14,0,0,0,1,0.92,0.8333,0.33,0.2537,98,346,444
13042,2012-07-02,3,1,7,14,0,1,1,1,0.86,0.7576,0.34,0.2239,79,151,230
13066,2012-07-03,3,1,7,14,0,2,1,1,0.9,0.7727,0.25,0.194,69,241,310
13090,2012-07-04,3,1,7,14,1,3,0,1,0.9,0.8182,0.37,0.1642,190,357,547
13114,2012-07-05,3,1,7,14,0,4,1,1,0.92,0.8333,0.33,0.3284,87,154,241
13138,2012-07-06,3,1,7,14,0,5,1,1,0.9,0.803,0.31,0.1642,91,184,275
13162,2012-07-07,3,1,7,14,0,6,0,2,0.96,0.8636,0.3,0.1343,105,203,308
13186,2012-07-08,3,1,7,14,0,0,0,1,0.96,0.9091,0.36,0.1642,77,235,312
13210,2012-07-09,3,1,7,14,0,1,1,2,0.74,0.6818,0.55,0.2537,58,184,242
13234,2012-07-10,3,1,7,14,0,2,1,1,0.82,0.7273,0.38,0.1642,71,171,242
13258,2012-07-11,3,1,7,14,0,3,1,1,0.8,0.7121,0.41,0.2239,66,175,241
13282,2012-07-12,3,1,7,14,0,4,1,1,0.78,0.6818,0.33,0.2239,42,167,209
13306,2012-07-13,3,1,7,14,0,5,1,2,0.8,0.7121,0.38,0,120,249,369
13330,2012-07-14,3,1,7,14,0,6,0,1,0.8,0.7576,0.55,0.1045,269,363,632
13354,2012-07-15,3,1,7,14,0,0,0,1,0.9,0.8182,0.37,0.2537,162,314,476
13378,2012-07-16,3,1,7,14,0,1,1,1,0.88,0.8182,0.42,0.1045,53,159,212
13402,2012-07-17,3,1,7,14,0,2,1,1,0.94,0.8333,0.29,0.2537,54,160,214
13426,2012-07-18,3,1,7,14,0,3,1,1,0.94,0.8788,0.38,0.3284,54,116,170
13450,2012-07-19,3,1,7,14,0,4,1,1,0.86,0.7879,0.44,0.0896,46,151,197
13474,2012-07-20,3,1,7,14,0,5,1,3,0.7,0.6667,0.84,0.1642,53,176,229
13498,2012-07-21,3,1,7,14,0,6,0,2,0.6,0.5455,0.88,0.2537,121,222,343
13522,2012-07-22,3,1,7,14,0,0,0,1,0.72,0.6818,0.66,0.1045,256,360,616
13546,2012-07-23,3,1,7,14,0,1,1,2,0.78,0.7424,0.59,0.1642,82,189,271
13570,2012-07-24,3,1,7,14,0,2,1,2,0.84,0.803,0.53,0.2239,48,196,244
13594,2012-07-25,3,1,7,14,0,3,1,1,0.8,0.697,0.29,0.1343,88,159,247
13618,2012-07-26,3,1,7,14,0,4,1,1,0.9,0.8788,0.47,0.2537,62,151,213
13642,2012-07-27,3,1,7,14,0,5,1,1,0.86,0.803,0.47,0.2985,105,221,326
13666,2012-07-28,3,1,7,14,0,6,0,1,0.86,0.7727,0.39,0.2537,186,308,494
13690,2012-07-29,3,1,7,14,0,0,0,1,0.8,0.7273,0.46,0.194,231,291,522
13714,2012-07-30,3,1,7,14,0,1,1,1,0.8,0.7424,0.49,0.2239,87,167,254
13738,2012-07-31,3,1,7,14,0,2,1,1,0.8,0.7576,0.55,0.2836,72,188,260
13762,2012-08-01,3,1,8,14,0,3,1,1,0.82,0.7576,0.46,0.1642,88,175,263
13786,2012-08-02,3,1,8,14,0,4,1,1,0.86,0.7879,0.41,0.1343,54,171,225
13810,2012-08-03,3,1,8,14,0,5,1,2,0.86,0.7879,0.44,0.2537,102,229,331
13834,2012-08-04,3,1,8,14,0,6,0,1,0.88,0.803,0.4,0.3881,183,289,472
13858,2012-08-05,3,1,8,14,0,0,0,1,0.9,0.8485,0.42,0.4627,161,365,526
13882,2012-08-06,3,1,8,14,0,1,1,1,0.82,0.7576,0.46,0,99,188,287
13906,2012-08-07,3,1,8,14,0,2,1,2,0.82,0.7576,0.46,0,76,185,261
13930,2012-08-08,3,1,8,14,0,3,1,2,0.8,0.7424,0.52,0.2537,63,173,236
13954,2012-08-09,3,1,8,14,0,4,1,1,0.88,0.7727,0.32,0.2239,86,161,247
13978,2012-08-10,3,1,8,14,0,5,1,1,0.76,0.7121,0.58,0.3582,71,236,307
14002,2012-08-11,3,1,8,14,0,6,0,1,0.8,0.7424,0.49,0.2985,248,290,538
14026,2012-08-12,3,1,8,14,0,0,0,1,0.76,0.6818,0.4,0.194,213,366,579
14050,2012-08-13,3,1,8,14,0,1,1,1,0.8,0.697,0.33,0.1045,85,163,248
14074,2012-08-14,3,1,8,14,0,2,1,1,0.82,0.7424,0.41,0.2239,80,175,255
14098,2012-08-15,3,1,8,14,0,3,1,2,0.76,0.697,0.52,0.2985,94,161,255
14122,2012-08-16,3,1,8,14,0,4,1,1,0.82,0.7121,0.32,0,72,176,248
14146,2012-08-17,3,1,8,14,0,5,1,1,0.86,0.2424,0.34,0.4179,128,200,328
14170,2012-08-18,3,1,8,14,0,6,0,1,0.76,0.6667,0.37,0.2836,242,356,598
14194,2012-08-19,3,1,8,14,0,0,0,3,0.64,0.6061,0.73,0,41,108,149
14218,2012-08-20,3,1,8,14,0,1,1,1,0.72,0.6667,0.54,0.1642,87,188,275
14242,2012-08-21,3,1,8,14,0,2,1,1,0.76,0.6667,0.37,0.0896,110,192,302
14266,2012-08-22,3,1,8,14,0,3,1,1,0.76,0.6818,0.45,0.1045,82,184,266
14290,2012-08-23,3,1,8,14,0,4,1,1,0.78,0.697,0.46,0.2239,114,191,305
14314,2012-08-24,3,1,8,14,0,5,1,1,0.78,0.697,0.43,0.1045,109,229,338
14338,2012-08-25,3,1,8,14,0,6,0,3,0.66,0.6212,0.65,0.2537,150,332,482
14362,2012-08-26,3,1,8,14,0,0,0,1,0.64,0.5758,0.89,0.1045,125,252,377
14386,2012-08-27,3,1,8,14,0,1,1,1,0.8,0.7424,0.49,0.0896,66,180,246
14410,2012-08-28,3,1,8,14,0,2,1,1,0.84,0.7424,0.38,0.3284,72,179,251
14434,2012-08-29,3,1,8,14,0,3,1,1,0.76,0.6818,0.4,0.0896,87,214,301
14458,2012-08-30,3,1,8,14,0,4,1,1,0.76,0.6818,0.48,0.1343,74,199,273
14482,2012-08-31,3,1,8,14,0,5,1,1,0.9,0.7727,0.25,0.2239,112,324,436
14506,2012-09-01,3,1,9,14,0,6,0,2,0.86,0.7879,0.44,0.1642,240,274,514
14530,2012-09-02,3,1,9,14,0,0,0,3,0.72,0.697,0.79,0.0896,249,208,457
14554,2012-09-03,3,1,9,14,1,1,0,1,0.74,0.697,0.7,0.2985,163,349,512
14578,2012-09-04,3,1,9,14,0,2,1,1,0.8,0.7576,0.55,0.4179,72,202,274
14602,2012-09-05,3,1,9,14,0,3,1,1,0.82,0.7879,0.56,0.1045,34,177,211
14626,2012-09-06,3,1,9,14,0,4,1,1,0.74,0.7121,0.74,0.0896,38,178,216
14650,2012-09-07,3,1,9,14,0,5,1,1,0.8,0.7727,0.59,0.2537,66,187,253
14674,2012-09-08,3,1,9,14,0,6,0,1,0.82,0.7727,0.52,0.4478,260,366,626
14698,2012-09-09,3,1,9,14,0,0,0,1,0.72,0.6515,0.3,0.2836,232,415,647
14722,2012-09-10,3,1,9,14,0,1,1,1,0.66,0.6212,0.36,0.2836,107,233,340
14746,2012-09-11,3,1,9,14,0,2,1,1,0.68,0.6212,0.3,0.0896,74,181,255
14770,2012-09-12,3,1,9,14,0,3,1,1,0.7,0.6364,0.37,0.1642,78,200,278
14794,2012-09-13,3,1,9,14,0,4,1,1,0.72,0.6515,0.39,0.1343,60,214,274
14818,2012-09-14,3,1,9,14,0,5,1,2,0.72,0.6515,0.45,0.1642,113,258,371
14842,2012-09-15,3,1,9,14,0,6,0,1,0.68,0.6364,0.34,0.3284,325,390,715
14866,2012-09-16,3,1,9,14,0,0,0,1,0.66,0.6212,0.39,0.1343,225,410,635
14890,2012-09-17,3,1,9,14,0,1,1,2,0.64,0.6061,0.65,0.2537,129,203,332
14914,2012-09-18,3,1,9,14,0,2,1,3,0.6,0.5152,0.94,0.4627,27,116,143
14938,2012-09-19,3,1,9,14,0,3,1,1,0.62,0.6212,0.38,0.2537,59,227,286
14962,2012-09-20,3,1,9,14,0,4,1,1,0.64,0.6212,0.47,0.194,76,222,298
14986,2012-09-21,3,1,9,14,0,5,1,1,0.7,0.6515,0.54,0.2985,113,299,412
15010,2012-09-22,3,1,9,14,0,6,0,1,0.76,0.6818,0.48,0.2836,250,404,654
15034,2012-09-23,4,1,9,14,0,0,0,1,0.6,0.6212,0.38,0.194,266,400,666
15058,2012-09-24,4,1,9,14,0,1,1,1,0.6,0.6061,0.28,0,77,226,303
15082,2012-09-25,4,1,9,14,0,2,1,1,0.66,0.6212,0.39,0.3284,80,213,293
15106,2012-09-26,4,1,9,14,0,3,1,1,0.74,0.6667,0.48,0.2836,60,217,277
15130,2012-09-27,4,1,9,14,0,4,1,2,0.76,0.6818,0.45,0.0896,44,214,258
15154,2012-09-28,4,1,9,14,0,5,1,2,0.7,0.6515,0.54,0.2537,105,294,399
15178,2012-09-29,4,1,9,14,0,6,0,1,0.6,0.6212,0.4,0.2537,302,448,750
15202,2012-09-30,4,1,9,14,0,0,0,1,0.62,0.6212,0.41,0.2537,208,404,612
15226,2012-10-01,4,1,10,14,0,1,1,2,0.6,0.6212,0.43,0.1045,51,193,244
15250,2012-10-02,4,1,10,14,0,2,1,3,0.6,0.5455,0.88,0.1343,16,147,163
15274,2012-10-03,4,1,10,14,0,3,1,2,0.72,0.6818,0.7,0.1642,56,195,251
15298,2012-10-04,4,1,10,14,0,4,1,1,0.7,0.6515,0.61,0.2537,56,211,267
15322,2012-10-05,4,1,10,14,0,5,1,1,0.74,0.6515,0.37,0.2239,113,287,400
15346,2012-10-06,4,1,10,14,0,6,0,2,0.6,0.6212,0.56,0.4179,269,307,576
15370,2012-10-07,4,1,10,14,0,0,0,2,0.44,0.4394,0.67,0,71,243,314
15394,2012-10-08,4,1,10,14,1,1,0,2,0.42,0.4242,0.58,0.1045,121,299,420
15418,2012-10-09,4,1,10,14,0,2,1,2,0.54,0.5152,0.64,0.194,43,201,244
15442,2012-10-10,4,1,10,14,0,3,1,1,0.6,0.6212,0.4,0.1642,63,208,271
15466,2012-10-11,4,1,10,14,0,4,1,1,0.52,0.5,0.32,0.0896,78,270,348
15490,2012-10-12,4,1,10,14,0,5,1,1,0.56,0.5303,0.37,0.4627,109,262,371
15514,2012-10-13,4,1,10,14,0,6,0,1,0.48,0.4697,0.33,0.194,243,354,597
15538,2012-10-14,4,1,10,14,0,0,0,1,0.66,0.6212,0.39,0.4179,249,368,617
15562,2012-10-15,4,1,10,14,0,1,1,2,0.6,0.5758,0.78,0.2836,57,128,185
15586,2012-10-16,4,1,10,14,0,2,1,1,0.54,0.5152,0.39,0.2537,94,214,308
15610,2012-10-17,4,1,10,14,0,3,1,2,0.56,0.5303,0.43,0.1642,82,188,270
15634,2012-10-18,4,1,10,14,0,4,1,2,0.62,0.6212,0.5,0.2985,94,191,285
15658,2012-10-19,4,1,10,14,0,5,1,1,0.66,0.6212,0.61,0.2537,88,277,365
15682,2012-10-20,4,1,10,14,0,6,0,1,0.56,0.5303,0.4,0,335,376,711
15706,2012-10-21,4,1,10,14,0,0,0,1,0.56,0.5303,0.35,0.194,235,405,640
15730,2012-10-22,4,1,10,14,0,1,1,1,0.62,0.6061,0.27,0.194,73,209,282
15754,2012-10-23,4,1,10,14,0,2,1,1,0.68,0.6364,0.41,0.1642,67,229,296
15778,2012-10-24,4,1,10,14,0,3,1,1,0.74,0.6515,0.3,0.2537,64,237,301
15802,2012-10-25,4,1,10,14,0,4,1,1,0.6,0.5909,0.73,0.1343,71,214,285
15826,2012-10-26,4,1,10,14,0,5,1,2,0.6,0.6061,0.64,0.1343,99,252,351
15850,2012-10-27,4,1,10,14,0,6,0,1,0.6,0.6212,0.46,0.2537,325,425,750
15874,2012-10-28,4,1,10,14,0,0,0,2,0.5,0.4848,0.59,0.4478,98,304,402
15886,2012-10-30,4,1,10,14,0,2,1,3,0.3,0.2727,0.81,0.3582,8,118,126
15910,2012-10-31,4,1,10,14,0,3,1,2,0.42,0.4242,0.5,0.2239,45,179,224
15934,2012-11-01,4,1,11,14,0,4,1,2,0.4,0.4091,0.5,0.2239,31,154,185
15958,2012-11-02,4,1,11,14,0,5,1,2,0.4,0.4091,0.4,0.4925,63,199,262
15982,2012-11-03,4,1,11,14,0,6,0,2,0.36,0.3333,0.5,0.3284,136,319,455
16006,2012-11-04,4,1,11,14,0,0,0,1,0.4,0.4091,0.4,0.194,149,360,509
16030,2012-11-05,4,1,11,14,0,1,1,1,0.38,0.3939,0.4,0.1642,31,165,196
16054,2012-11-06,4,1,11,14,0,2,1,1,0.36,0.3636,0.4,0.1045,44,196,240
16078,2012-11-07,4,1,11,14,0,3,1,2,0.32,0.2879,0.53,0.3582,19,142,161
16101,2012-11-08,4,1,11,14,0,4,1,1,0.44,0.4394,0.18,0.4179,33,149,182
16125,2012-11-09,4,1,11,14,0,5,1,1,0.46,0.4545,0.38,0.194,67,207,274
16149,2012-11-10,4,1,11,14,0,6,0,1,0.54,0.5152,0.37,0,280,347,627
16173,2012-11-11,4,1,11,14,0,0,0,1,0.6,0.6212,0.33,0.1642,292,362,654
16197,2012-11-12,4,1,11,14,1,1,0,1,0.58,0.5455,0.6,0.2836,134,310,444
16221,2012-11-13,4,1,11,14,0,2,1,1,0.38,0.3939,0.46,0.3881,34,169,203
16245,2012-11-14,4,1,11,14,0,3,1,1,0.36,0.3485,0.43,0.1343,20,161,181
16269,2012-11-15,4,1,11,14,0,4,1,2,0.38,0.3939,0.54,0.1642,27,174,201
16293,2012-11-16,4,1,11,14,0,5,1,1,0.42,0.4242,0.35,0.1045,47,204,251
16317,2012-11-17,4,1,11,14,0,6,0,1,0.42,0.4242,0.38,0.194,175,380,555
16341,2012-11-18,4,1,11,14,0,0,0,1,0.4,0.4091,0.62,0.2985,125,303,428
16365,2012-11-19,4,1,11,14,0,1,1,1,0.44,0.4394,0.54,0.2537,47,170,217
16389,2012-11-20,4,1,11,14,0,2,1,2,0.44,0.4394,0.58,0.1045,47,177,224
16413,2012-11-21,4,1,11,14,0,3,1,1,0.46,0.4545,0.33,0.194,84,329,413
16437,2012-11-22,4,1,11,14,1,4,0,1,0.48,0.4697,0.29,0,125,95,220
16461,2012-11-23,4,1,11,14,0,5,1,1,0.5,0.4848,0.36,0.2537,240,195,435
16485,2012-11-24,4,1,11,14,0,6,0,1,0.32,0.2879,0.33,0.4627,58,149,207
16509,2012-11-25,4,1,11,14,0,0,0,2,0.3,0.2879,0.42,0.2537,33,170,203
16533,2012-11-26,4,1,11,14,0,1,1,1,0.42,0.4242,0.35,0,51,177,228
16557,2012-11-27,4,1,11,14,0,2,1,3,0.28,0.2576,0.87,0.3582,8,86,94
16581,2012-11-28,4,1,11,14,0,3,1,1,0.36,0.3333,0.4,0.2985,15,161,176
16604,2012-11-29,4,1,11,14,0,4,1,1,0.36,0.3485,0.43,0.2239,13,174,187
16628,2012-11-30,4,1,11,14,0,5,1,2,0.4,0.4091,0.4,0.1045,26,225,251
16652,2012-12-01,4,1,12,14,0,6,0,2,0.36,0.3788,0.71,0,110,369,479
16676,2012-12-02,4,1,12,14,0,0,0,1,0.44,0.4394,0.62,0.2537,142,331,473
16700,2012-12-03,4,1,12,14,0,1,1,1,0.6,0.6212,0.53,0,51,209,260
16724,2012-12-04,4,1,12,14,0,2,1,2,0.58,0.5455,0.56,0.2239,39,231,270
16748,2012-12-05,4,1,12,14,0,3,1,1,0.48,0.4697,0.33,0.4925,39,179,218
16772,2012-12-06,4,1,12,14,0,4,1,1,0.3,0.3182,0.42,0.0896,37,175,212
16796,2012-12-07,4,1,12,14,0,5,1,2,0.36,0.3485,0.71,0.1642,40,175,215
16820,2012-12-08,4,1,12,14,0,6,0,2,0.4,0.4091,0.87,0.2836,164,378,542
16844,2012-12-09,4,1,12,14,0,0,0,2,0.38,0.3939,0.87,0.194,42,190,232
16868,2012-12-10,4,1,12,14,0,1,1,2,0.5,0.4848,0.94,0.2239,31,179,210
16892,2012-12-11,4,1,12,14,0,2,1,2,0.38,0.3939,0.5,0.2239,19,185,204
16916,2012-12-12,4,1,12,14,0,3,1,2,0.34,0.3636,0.46,0,34,191,225
16940,2012-12-13,4,1,12,14,0,4,1,1,0.36,0.3485,0.34,0.1642,31,211,242
16964,2012-12-14,4,1,12,14,0,5,1,1,0.4,0.4091,0.43,0.194,48,251,299
16988,2012-12-15,4,1,12,14,0,6,0,1,0.4,0.4091,0.5,0.1642,92,334,426
17012,2012-12-16,4,1,12,14,0,0,0,2,0.38,0.3939,0.76,0.1343,50,260,310
17036,2012-12-17,4,1,12,14,0,1,1,2,0.4,0.4091,0.87,0.0896,12,169,181
17060,2012-12-18,4,1,12,14,0,2,1,1,0.46,0.4545,0.47,0.4478,56,191,247
17084,2012-12-19,4,1,12,14,0,3,1,1,0.42,0.4242,0.5,0.194,33,185,218
17108,2012-12-20,4,1,12,14,0,4,1,2,0.36,0.3485,0.53,0.194,43,171,214
17132,2012-12-21,1,1,12,14,0,5,1,2,0.32,0.2879,0.39,0.4478,20,199,219
17156,2012-12-22,1,1,12,14,0,6,0,1,0.32,0.2879,0.36,0.4627,20,141,161
17180,2012-12-23,1,1,12,14,0,0,0,1,0.34,0.303,0.31,0.2985,57,118,175
17203,2012-12-24,1,1,12,14,0,1,1,3,0.24,0.2576,0.87,0.1045,13,33,46
17226,2012-12-25,1,1,12,14,1,2,0,1,0.38,0.3939,0.46,0.2985,58,68,126
17250,2012-12-26,1,1,12,14,0,3,1,3,0.22,0.2121,0.93,0.2537,0,20,20
17274,2012-12-27,1,1,12,14,0,4,1,2,0.26,0.2121,0.56,0.5224,25,94,119
17298,2012-12-28,1,1,12,14,0,5,1,2,0.3,0.303,0.49,0.1343,84,177,261
17322,2012-12-29,1,1,12,14,0,6,0,2,0.24,0.2424,0.87,0.0896,10,88,98
17346,2012-12-30,1,1,12,14,0,0,0,1,0.3,0.2727,0.36,0.4627,39,121,160
17370,2012-12-31,1,1,12,14,0,1,1,2,0.28,0.2727,0.45,0.2239,62,185,247
