16,2011-01-01,1,0,1,15,0,6,0,2,0.44,0.4394,0.77,0.2985,40,70,110
39,2011-01-02,1,0,1,15,0,0,0,3,0.34,0.3333,0.81,0.1642,19,55,74
61,2011-01-03,1,0,1,15,0,1,1,1,0.26,0.2424,0.3,0.2537,14,58,72
84,2011-01-04,1,0,1,15,0,2,1,1,0.28,0.2727,0.52,0.2537,17,48,65
107,2011-01-05,1,0,1,15,0,3,1,1,0.3,0.2879,0.28,0.194,7,55,62
130,2011-01-06,1,0,1,15,0,4,1,1,0.28,0.2727,0.36,0,8,54,62
153,2011-01-07,1,0,1,15,0,5,1,2,0.2,0.2121,0.37,0.1642,9,63,72
177,2011-01-08,1,0,1,15,0,6,0,1,0.2,0.1667,0.32,0.4478,5,69,74
201,2011-01-09,1,0,1,15,0,0,0,1,0.22,0.197,0.35,0.3582,5,77,82
225,2011-01-10,1,0,1,15,0,1,1,2,0.2,0.197,0.4,0.2239,2,43,45
247,2011-01-11,1,0,1,15,0,2,1,2,0.16,0.197,0.8,0.0896,2,45,47
269,2011-01-12,1,0,1,15,0,3,1,1,0.2,0.1667,0.47,0.4179,1,48,49
293,2011-01-13,1,0,1,15,0,4,1,1,0.24,0.2121,0.38,0.2985,5,55,60
316,2011-01-14,1,0,1,15,0,5,1,1,0.24,0.2424,0.38,0.1642,9,59,68
340,2011-01-15,1,0,1,15,0,6,0,2,0.32,0.3182,0.36,0.194,21,108,129
364,2011-01-16,1,0,1,15,0,0,0,1,0.26,0.2424,0.38,0.2537,35,78,113
388,2011-01-17,1,0,1,15,1,1,0,2,0.2,0.2121,0.47,0.1642,21,72,93
400,2011-01-18,1,0,1,15,0,2,1,2,0.22,0.2273,0.87,0.1642,3,32,35
423,2011-01-19,1,0,1,15,0,3,1,1,0.4,0.4091,0.54,0.2836,4,78,82
447,2011-01-20,1,0,1,15,0,4,1,2,0.32,0.3182,0.45,0.194,8,62,70
471,2011-01-21,1,0,1,15,0,5,1,1,0.16,0.1212,0.26,0.4478,4,61,65
494,2011-01-22,1,0,1,15,0,6,0,1,0.12,0.1515,0.28,0,10,93,103
517,2011-01-23,1,0,1,15,0,0,0,1,0.16,0.1364,0.28,0.3582,13,64,77
540,2011-01-24,1,0,1,15,0,1,1,1,0.16,0.1667,0.4,0.1642,7,50,57
563,2011-01-25,1,0,1,15,0,2,1,2,0.32,0.3485,0.42,0,21,63,84
585,2011-01-26,1,0,1,15,0,3,1,3,0.22,0.1818,0.93,0.4627,1,42,43
610,2011-01-28,1,0,1,15,0,5,1,2,0.2,0.2576,0.86,0,1,40,41
633,2011-01-29,1,0,1,15,0,6,0,1,0.22,0.2121,0.69,0.2537,22,98,120
656,2011-01-30,1,0,1,15,0,0,0,1,0.3,0.3333,0.56,0,14,95,109
680,2011-01-31,1,0,1,15,0,1,1,2,0.16,0.1818,0.59,0.1343,3,41,44
703,2011-02-01,1,0,2,15,0,2,1,2,0.24,0.2879,0.75,0,7,45,52
727,2011-02-02,1,0,2,15,0,3,1,1,0.38,0.3939,0.76,0.3284,10,66,76
750,2011-02-03,1,0,2,15,0,4,1,1,0.22,0.197,0.37,0.3284,4,56,60
773,2011-02-04,1,0,2,15,0,5,1,2,0.28,0.2727,0.48,0.2537,9,81,90
797,2011-02-05,1,0,2,15,0,6,0,3,0.22,0.2727,1,0,11,49,60
821,2011-02-06,1,0,2,15,0,0,0,1,0.34,0.3485,0.46,0.0896,52,130,182
845,2011-02-07,1,0,2,15,0,1,1,2,0.38,0.3939,0.54,0.0896,4,46,50
869,2011-02-08,1,0,2,15,0,2,1,1,0.22,0.197,0.35,0.3881,6,45,51
892,2011-02-09,1,0,2,15,0,3,1,2,0.2,0.1818,0.34,0.2836,3,61,64
915,2011-02-10,1,0,2,15,0,4,1,1,0.2,0.197,0.25,0.2537,0,50,50
937,2011-02-11,1,0,2,15,0,5,1,1,0.32,0.3182,0.21,0.1642,12,62,74
961,2011-02-12,1,0,2,15,0,6,0,1,0.34,0.303,0.29,0.4179,47,127,174
984,2011-02-13,1,0,2,15,0,0,0,2,0.4,0.4091,0.3,0.2985,40,122,162
1008,2011-02-14,1,0,2,15,0,1,1,1,0.56,0.5303,0.21,0.6567,19,71,90
1031,2011-02-15,1,0,2,15,0,2,1,1,0.34,0.3333,0.19,0.1642,11,74,85
1054,2011-02-16,1,0,2,15,0,3,1,1,0.46,0.4545,0.28,0.4179,35,82,117
1078,2011-02-17,1,0,2,15,0,4,1,1,0.6,0.6061,0.28,0.2537,15,91,106
1102,2011-02-18,1,0,2,15,0,5,1,1,0.66,0.6212,0.36,0.3284,55,117,172
1126,2011-02-19,1,0,2,15,0,6,0,1,0.44,0.4394,0.16,0.7463,84,87,171
1149,2011-02-20,1,0,2,15,0,0,0,1,0.36,0.3636,0.27,0.0896,66,102,168
1173,2011-02-21,1,0,2,15,1,1,0,2,0.3,0.2727,0.7,0.4478,11,76,87
1191,2011-02-22,1,0,2,15,0,2,1,1,0.24,0.2273,0.48,0.194,2,67,69
1214,2011-02-23,1,0,2,15,0,3,1,1,0.34,0.3485,0.25,0.0896,18,54,72
1237,2011-02-24,1,0,2,15,0,4,1,3,0.4,0.4091,0.54,0.3881,5,58,63
1260,2011-02-25,1,0,2,15,0,5,1,1,0.46,0.4545,0.41,0.806,5,50,55
1284,2011-02-26,1,0,2,15,0,6,0,2,0.36,0.3333,0.4,0.2836,40,125,165
1307,2011-02-27,1,0,2,15,0,0,0,1,0.46,0.4545,0.44,0.1343,98,163,261
1329,2011-02-28,1,0,2,15,0,1,1,3,0.42,0.4242,1,0.2985,0,35,35
1353,2011-03-01,1,0,3,15,0,2,1,1,0.34,0.3636,0.34,0,7,57,64
1377,2011-03-02,1,0,3,15,0,3,1,1,0.54,0.5152,0.19,0.4179,19,91,110
1401,2011-03-03,1,0,3,15,0,4,1,1,0.24,0.2879,0.23,0,6,62,68
1425,2011-03-04,1,0,3,15,0,5,1,1,0.36,0.3333,0.4,0.2985,31,75,106
1449,2011-03-05,1,0,3,15,0,6,0,2,0.46,0.4545,0.63,0.2985,83,122,205
1472,2011-03-06,1,0,3,15,0,0,0,3,0.44,0.4394,1,0.2239,3,4,7
1495,2011-03-07,1,0,3,15,0,1,1,1,0.34,0.303,0.31,0.3881,32,64,96
1519,2011-03-08,1,0,3,15,0,2,1,2,0.36,0.3788,0.18,0,35,77,112
1543,2011-03-09,1,0,3,15,0,3,1,2,0.36,0.3333,0.71,0.2985,15,64,79
1565,2011-03-10,1,0,3,15,0,4,1,3,0.44,0.4394,0,0.2239,3,11,14
1588,2011-03-11,1,0,3,15,0,5,1,2,0.34,0.3182,0.53,0.2537,21,64,85
1612,2011-03-12,1,0,3,15,0,6,0,1,0.42,0.4242,0.44,0.4925,81,101,182
1635,2011-03-13,1,0,3,15,0,0,0,1,0.48,0.4697,0.39,0.3284,149,155,304
1658,2011-03-14,1,0,3,15,0,1,1,1,0.38,0.3939,0.37,0.1642,24,77,101
1681,2011-03-15,1,0,3,15,0,2,1,2,0.38,0.3939,0.43,0.2836,24,66,90
1704,2011-03-16,1,0,3,15,0,3,1,2,0.4,0.4091,0.76,0.2537,22,79,101
1728,2011-03-17,1,0,3,15,0,4,1,1,0.52,0.5,0.42,0.2537,30,95,125
1751,2011-03-18,1,0,3,15,0,5,1,2,0.68,0.6364,0.39,0.3582,62,111,173
1775,2011-03-19,1,0,3,15,0,6,0,1,0.5,0.4848,0.29,0.4179,170,143,313
1799,2011-03-20,1,0,3,15,0,0,0,1,0.4,0.4091,0.32,0.0896,172,136,308
1822,2011-03-21,2,0,3,15,0,1,1,2,0.56,0.5303,0.6,0.2239,41,66,107
1846,2011-03-22,2,0,3,15,0,2,1,1,0.5,0.4848,0.42,0.2239,55,79,134
1869,2011-03-23,2,0,3,15,0,3,1,2,0.38,0.3939,0.82,0.2239,11,74,85
1893,2011-03-24,2,0,3,15,0,4,1,2,0.3,0.2879,0.7,0.2537,13,77,90
1917,2011-03-25,2,0,3,15,0,5,1,2,0.34,0.3182,0.36,0.2537,43,79,122
1941,2011-03-26,2,0,3,15,0,6,0,1,0.34,0.3333,0.29,0.194,110,109,219
1964,2011-03-27,2,0,3,15,0,0,0,1,0.32,0.303,0.36,0.2836,61,111,172
1987,2011-03-28,2,0,3,15,0,1,1,1,0.32,0.303,0.24,0.2836,19,53,72
2011,2011-03-29,2,0,3,15,0,2,1,1,0.38,0.3939,0.25,0.2239,22,65,87
2035,2011-03-30,2,0,3,15,0,3,1,3,0.28,0.2576,0.81,0.2985,14,56,70
2059,2011-03-31,2,0,3,15,0,4,1,3,0.3,0.2727,0.87,0.2985,4,61,65
2083,2011-04-01,2,0,4,15,0,5,1,1,0.34,0.303,0.46,0.4179,30,81,111
2107,2011-04-02,2,0,4,15,0,6,0,3,0.34,0.303,0.76,0.3881,72,64,136
2131,2011-04-03,2,0,4,15,0,0,0,2,0.46,0.4545,0.33,0,174,118,292
2155,2011-04-04,2,0,4,15,0,1,1,1,0.76,0.6667,0.23,0.5522,47,96,143
2179,2011-04-05,2,0,4,15,0,2,1,1,0.4,0.4091,0.46,0.4627,6,62,68
2203,2011-04-06,2,0,4,15,0,3,1,1,0.52,0.5,0.32,0.3284,34,83,117
2227,2011-04-07,2,0,4,15,0,4,1,1,0.6,0.6212,0.38,0.1045,27,133,160
2251,2011-04-08,2,0,4,15,0,5,1,3,0.34,0.3182,0.87,0.2239,1,24,25
2275,2011-04-09,2,0,4,15,0,6,0,2,0.36,0.3788,0.87,0,85,116,201
2299,2011-04-10,2,0,4,15,0,0,0,1,0.5,0.4848,0.77,0.2239,156,141,297
2322,2011-04-11,2,0,4,15,0,1,1,1,0.74,0.6667,0.48,0.5224,56,85,141
2346,2011-04-12,2,0,4,15,0,2,1,2,0.48,0.4697,0.77,0.5224,24,54,78
2370,2011-04-13,2,0,4,15,0,3,1,2,0.44,0.4394,0.72,0.2836,12,69,81
2394,2011-04-14,2,0,4,15,0,4,1,1,0.6,0.6212,0.31,0.0896,57,85,142
2418,2011-04-15,2,0,4,15,1,5,0,1,0.54,0.5152,0.52,0.4478,50,112,162
2442,2011-04-16,2,0,4,15,0,6,0,3,0.52,0.5,0.83,0.5821,16,62,78
2466,2011-04-17,2,0,4,15,0,0,0,1,0.54,0.5152,0.32,0.5224,179,209,388
2490,2011-04-18,2,0,4,15,0,1,1,2,0.6,0.6212,0.43,0.194,64,112,176
2514,2011-04-19,2,0,4,15,0,2,1,2,0.54,0.5152,0.65,0.1642,44,83,127
2538,2011-04-20,2,0,4,15,0,3,1,2,0.76,0.6667,0.35,0.3582,32,113,145
2562,2011-04-21,2,0,4,15,0,4,1,1,0.52,0.5,0.29,0.4179,69,166,235
2586,2011-04-22,2,0,4,15,0,5,1,3,0.34,0.3333,0.87,0.194,13,62,75
2610,2011-04-23,2,0,4,15,0,6,0,1,0.6,0.5909,0.73,0.3881,171,226,397
2634,2011-04-24,2,0,4,15,0,0,0,1,0.66,0.6212,0.61,0.2537,167,202,369
2658,2011-04-25,2,0,4,15,0,1,1,1,0.74,0.6667,0.51,0.2239,50,125,175
2682,2011-04-26,2,0,4,15,0,2,1,1,0.7,0.6515,0.61,0.3582,34,119,153
2706,2011-04-27,2,0,4,15,0,3,1,1,0.7,0.6515,0.65,0.4925,18,120,138
2730,2011-04-28,2,0,4,15,0,4,1,1,0.66,0.6212,0.69,0.3284,46,117,163
2754,2011-04-29,2,0,4,15,0,5,1,2,0.56,0.5303,0.4,0.2985,77,175,252
2778,2011-04-30,2,0,4,15,0,6,0,1,0.56,0.5303,0.37,0.1343,217,282,499
2802,2011-05-01,2,0,5,15,0,0,0,2,0.5,0.4848,0.72,0,113,153,266
2826,2011-05-02,2,0,5,15,0,1,1,1,0.66,0.6212,0.61,0.194,45,110,155
2850,2011-05-03,2,0,5,15,0,2,1,2,0.7,0.6515,0.58,0.4478,37,117,154
2874,2011-05-04,2,0,5,15,0,3,1,1,0.48,0.4697,0.51,0.4179,22,107,129
2898,2011-05-05,2,0,5,15,0,4,1,1,0.56,0.5303,0.26,0.4925,27,120,147
2922,2011-05-06,2,0,5,15,0,5,1,1,0.6,0.6212,0.38,0.3881,89,171,260
2946,2011-05-07,2,0,5,15,0,6,0,1,0.6,0.6212,0.38,0.2537,148,230,378
2970,2011-05-08,2,0,5,15,0,0,0,1,0.6,0.6212,0.49,0,128,230,358
2994,2011-05-09,2,0,5,15,0,1,1,1,0.62,0.6212,0.41,0.2239,51,148,199
3018,2011-05-10,2,0,5,15,0,2,1,2,0.64,0.6212,0.33,0.0896,28,152,180
3042,2011-05-11,2,0,5,15,0,3,1,1,0.64,0.6212,0.41,0,48,131,179
3066,2011-05-12,2,0,5,15,0,4,1,2,0.64,0.6212,0.53,0.2537,54,163,217
3090,2011-05-13,2,0,5,15,0,5,1,2,0.52,0.5,0.88,0.1642,56,142,198
3114,2011-05-14,2,0,5,15,0,6,0,2,0.54,0.5152,0.94,0.1642,73,221,294
3138,2011-05-15,2,0,5,15,0,0,0,1,0.66,0.6212,0.69,0.2537,206,253,459
3162,2011-05-16,2,0,5,15,0,1,1,1,0.72,0.6667,0.51,0,55,110,165
3186,2011-05-17,2,0,5,15,0,2,1,1,0.62,0.6061,0.69,0.4478,79,131,210
3210,2011-05-18,2,0,5,15,0,3,1,1,0.6,0.5758,0.78,0.2537,34,133,167
3234,2011-05-19,2,0,5,15,0,4,1,1,0.56,0.5303,0.78,0.1642,63,125,188
3258,2011-05-20,2,0,5,15,0,5,1,2,0.6,0.6212,0.56,0.194,74,168,242
3282,2011-05-21,2,0,5,15,0,6,0,1,0.72,0.6515,0.45,0.2537,232,274,506
3306,2011-05-22,2,0,5,15,0,0,0,2,0.66,0.6212,0.61,0.1642,110,221,331
3330,2011-05-23,2,0,5,15,0,1,1,2,0.72,0.6818,0.62,0.4478,57,119,176
3354,2011-05-24,2,0,5,15,0,2,1,3,0.74,0.6818,0.55,0.4179,59,129,188
3378,2011-05-25,2,0,5,15,0,3,1,1,0.76,0.697,0.52,0.2537,37,145,182
3402,2011-05-26,2,0,5,15,0,4,1,2,0.82,0.7576,0.46,0.2836,40,101,141
3426,2011-05-27,2,0,5,15,0,5,1,1,0.78,0.7121,0.49,0.2836,98,258,356
3450,2011-05-28,2,0,5,15,0,6,0,1,0.74,0.6818,0.55,0.2239,187,187,374
3474,2011-05-29,2,0,5,15,0,0,0,1,0.74,0.697,0.7,0.2985,221,155,376
3498,2011-05-30,2,0,5,15,1,1,0,1,0.88,0.803,0.39,0.2537,132,179,311
3522,2011-05-31,2,0,5,15,0,2,1,1,0.9,0.8182,0.37,0.1642,42,133,175
3546,2011-06-01,2,0,6,15,0,3,1,1,0.9,0.8333,0.39,0.2985,25,127,152
3570,2011-06-02,2,0,6,15,0,4,1,1,0.8,0.6818,0.21,0.3881,44,144,188
3594,2011-06-03,2,0,6,15,0,5,1,1,0.7,0.6364,0.28,0.2836,56,156,212
3618,2011-06-04,2,0,6,15,0,6,0,2,0.74,0.6515,0.27,0.4179,180,224,404
3642,2011-06-05,2,0,6,15,0,0,0,1,0.7,0.6515,0.54,0,161,256,417
3666,2011-06-06,2,0,6,15,0,1,1,1,0.8,0.697,0.29,0.194,38,127,165
3690,2011-06-07,2,0,6,15,0,2,1,2,0.82,0.7424,0.41,0.3284,56,127,183
3714,2011-06-08,2,0,6,15,0,3,1,1,0.92,0.8788,0.4,0.1642,28,100,128
3738,2011-06-09,2,0,6,15,0,4,1,1,0.94,0.8333,0.31,0.1642,18,86,104
3762,2011-06-10,2,0,6,15,0,5,1,1,0.84,0.7576,0.44,0.1045,49,163,212
3786,2011-06-11,2,0,6,15,0,6,0,1,0.82,0.7727,0.49,0.1045,142,232,374
3810,2011-06-12,2,0,6,15,0,0,0,1,0.8,0.7727,0.59,0.2985,142,218,360
3834,2011-06-13,2,0,6,15,0,1,1,1,0.7,0.6364,0.37,0.4478,58,127,185
3858,2011-06-14,2,0,6,15,0,2,1,1,0.64,0.6212,0.47,0.1642,42,136,178
3882,2011-06-15,2,0,6,15,0,3,1,1,0.76,0.6667,0.27,0,33,131,164
3906,2011-06-16,2,0,6,15,0,4,1,2,0.7,0.6515,0.61,0.2985,32,127,159
3930,2011-06-17,2,0,6,15,0,5,1,1,0.78,0.697,0.43,0.2239,62,181,243
3954,2011-06-18,2,0,6,15,0,6,0,2,0.82,0.7576,0.46,0.1343,153,214,367
3978,2011-06-19,2,0,6,15,0,0,0,2,0.74,0.6818,0.55,0.1045,146,216,362
4002,2011-06-20,2,0,6,15,0,1,1,1,0.66,0.6212,0.61,0.1343,66,139,205
4026,2011-06-21,3,0,6,15,0,2,1,1,0.78,0.7424,0.59,0.2537,42,128,170
4050,2011-06-22,3,0,6,15,0,3,1,2,0.82,0.7879,0.56,0.2836,32,114,146
4074,2011-06-23,3,0,6,15,0,4,1,2,0.76,0.697,0.52,0.3582,62,127,189
4098,2011-06-24,3,0,6,15,0,5,1,1,0.82,0.7273,0.34,0.3881,69,147,216
4122,2011-06-25,3,0,6,15,0,6,0,1,0.74,0.6667,0.45,0,157,235,392
4146,2011-06-26,3,0,6,15,0,0,0,1,0.74,0.6515,0.4,0,174,229,403
4170,2011-06-27,3,0,6,15,0,1,1,2,0.74,0.6818,0.55,0,76,126,202
4194,2011-06-28,3,0,6,15,0,2,1,1,0.86,0.7879,0.41,0,39,127,166
4218,2011-06-29,3,0,6,15,0,3,1,1,0.82,0.7121,0.3,0.1642,43,146,189
4242,2011-06-30,3,0,6,15,0,4,1,1,0.78,0.6667,0.25,0.2537,64,176,240
4266,2011-07-01,3,0,7,15,0,5,1,1,0.82,0.697,0.21,0.2537,82,299,381
4290,2011-07-02,3,0,7,15,0,6,0,1,0.86,0.7273,0.19,0.1642,168,163,331
4314,2011-07-03,3,0,7,15,0,0,0,1,0.84,0.803,0.53,0.2985,194,182,376
4338,2011-07-04,3,0,7,15,1,1,0,1,0.82,0.7424,0.43,0.0896,224,184,408
4362,2011-07-05,3,0,7,15,0,2,1,1,0.82,0.7424,0.43,0,51,111,162
4386,2011-07-06,3,0,7,15,0,3,1,1,0.76,0.7273,0.7,0.2836,55,130,185
4410,2011-07-07,3,0,7,15,0,4,1,1,0.86,0.7879,0.41,0.2537,47,119,166
4434,2011-07-08,3,0,7,15,0,5,1,2,0.8,0.7879,0.63,0.3582,39,102,141
4458,2011-07-09,3,0,7,15,0,6,0,1,0.84,0.7273,0.34,0.0896,182,220,402
4482,2011-07-10,3,0,7,15,0,0,0,1,0.84,0.7424,0.39,0.2836,142,219,361
4506,2011-07-11,3,0,7,15,0,1,1,1,0.86,0.8485,0.56,0.4179,38,108,146
4530,2011-07-12,3,0,7,15,0,2,1,1,0.9,0.8485,0.42,0.3582,37,111,148
4554,2011-07-13,3,0,7,15,0,3,1,3,0.64,0.5606,0.94,0.1343,13,33,46
4578,2011-07-14,3,0,7,15,0,4,1,1,0.76,0.6667,0.33,0.2985,42,138,180
4602,2011-07-15,3,0,7,15,0,5,1,1,0.72,0.6515,0.45,0.1642,74,163,237
4626,2011-07-16,3,0,7,15,0,6,0,1,0.76,0.6818,0.45,0.3284,205,223,428
4650,2011-07-17,3,0,7,15,0,0,0,1,0.82,0.7424,0.43,0.2985,129,195,324
4674,2011-07-18,3,0,7,15,0,1,1,1,0.84,0.803,0.53,0.3284,53,111,164
4698,2011-07-19,3,0,7,15,0,2,1,1,0.88,0.8182,0.44,0.194,48,110,158
4722,2011-07-20,3,0,7,15,0,3,1,1,0.86,0.8182,0.5,0.1642,36,102,138
4746,2011-07-21,3,0,7,15,0,4,1,1,0.9,0.9242,0.53,0.2537,40,93,133
4770,2011-07-22,3,0,7,15,0,5,1,1,0.94,0.9848,0.51,0.2985,32,101,133
4794,2011-07-23,3,0,7,15,0,6,0,1,0.94,0.8788,0.38,0,78,137,215
4818,2011-07-24,3,0,7,15,0,0,0,1,0.9,0.8485,0.42,0.2537,68,170,238
4842,2011-07-25,3,0,7,15,0,1,1,1,0.7,0.6667,0.84,0.3881,16,96,112
4866,2011-07-26,3,0,7,15,0,2,1,1,0.88,0.7576,0.28,0.3284,49,114,163
4890,2011-07-27,3,0,7,15,0,3,1,1,0.86,0.7424,0.26,0.2537,37,103,140
4914,2011-07-28,3,0,7,15,0,4,1,1,0.86,0.8182,0.5,0.194,22,124,146
4938,2011-07-29,3,0,7,15,0,5,1,1,0.96,0.8636,0.3,0.2537,40,129,169
4962,2011-07-30,3,0,7,15,0,6,0,1,0.9,0.803,0.31,0.1343,113,189,302
4986,2011-07-31,3,0,7,15,0,0,0,1,0.92,0.7727,0.18,0.2985,109,184,293
5010,2011-08-01,3,0,8,15,0,1,1,1,0.9,0.7879,0.27,0,52,77,129
5034,2011-08-02,3,0,8,15,0,2,1,1,0.9,0.7727,0.25,0.2836,48,120,168
5058,2011-08-03,3,0,8,15,0,3,1,2,0.7,0.6667,0.79,0.1343,31,87,118
5082,2011-08-04,3,0,8,15,0,4,1,1,0.8,0.7576,0.55,0.2537,50,115,165
5106,2011-08-05,3,0,8,15,0,5,1,1,0.76,0.697,0.55,0.2537,50,160,210
5130,2011-08-06,3,0,8,15,0,6,0,2,0.84,0.803,0.53,0.2537,130,232,362
5154,2011-08-07,3,0,8,15,0,0,0,3,0.72,0.697,0.74,0.2985,118,208,326
5178,2011-08-08,3,0,8,15,0,1,1,1,0.84,0.7576,0.41,0.2985,40,86,126
5202,2011-08-09,3,0,8,15,0,2,1,1,0.86,0.7727,0.39,0.2836,58,106,164
5226,2011-08-10,3,0,8,15,0,3,1,1,0.86,0.7424,0.3,0.3284,53,141,194
5250,2011-08-11,3,0,8,15,0,4,1,1,0.8,0.697,0.29,0.2985,52,126,178
5274,2011-08-12,3,0,8,15,0,5,1,1,0.8,0.697,0.29,0.1642,59,190,249
5298,2011-08-13,3,0,8,15,0,6,0,3,0.68,0.6364,0.79,0.3582,150,208,358
5322,2011-08-14,3,0,8,15,0,0,0,1,0.74,0.697,0.66,0.194,128,203,331
5346,2011-08-15,3,0,8,15,0,1,1,3,0.74,0.6818,0.55,0.2985,49,133,182
5370,2011-08-16,3,0,8,15,0,2,1,1,0.8,0.7121,0.41,0.2985,36,123,159
5394,2011-08-17,3,0,8,15,0,3,1,1,0.8,0.7273,0.43,0.1343,42,117,159
5418,2011-08-18,3,0,8,15,0,4,1,1,0.8,0.7273,0.46,0.3582,56,118,174
5442,2011-08-19,3,0,8,15,0,5,1,1,0.8,0.7424,0.49,0.1045,66,156,222
5466,2011-08-20,3,0,8,15,0,6,0,1,0.8,0.7273,0.43,0.194,175,215,390
5490,2011-08-21,3,0,8,15,0,0,0,1,0.7,0.6667,0.84,0.2836,17,51,68
5514,2011-08-22,3,0,8,15,0,1,1,1,0.74,0.6515,0.3,0.2985,72,127,199
5538,2011-08-23,3,0,8,15,0,2,1,1,0.72,0.6515,0.34,0.2239,178,423,601
5562,2011-08-24,3,0,8,15,0,3,1,1,0.76,0.6818,0.48,0.4478,63,141,204
5586,2011-08-25,3,0,8,15,0,4,1,2,0.74,0.697,0.7,0,28,104,132
5610,2011-08-26,3,0,8,15,0,5,1,2,0.8,0.7727,0.59,0.194,53,196,249
5634,2011-08-27,3,0,8,15,0,6,0,3,0.64,0.5758,0.89,0.5522,2,28,30
5645,2011-08-28,3,0,8,15,0,0,0,1,0.78,0.697,0.43,0.3582,155,314,469
5669,2011-08-29,3,0,8,15,0,1,1,1,0.7,0.6364,0.42,0.1642,56,164,220
5693,2011-08-30,3,0,8,15,0,2,1,1,0.74,0.6515,0.35,0.2239,34,162,196
5717,2011-08-31,3,0,8,15,0,3,1,1,0.74,0.6515,0.4,0.1343,34,138,172
5741,2011-09-01,3,0,9,15,0,4,1,1,0.72,0.6667,0.51,0.1343,39,135,174
5765,2011-09-02,3,0,9,15,0,5,1,2,0.7,0.6515,0.61,0.2537,69,277,346
5789,2011-09-03,3,0,9,15,0,6,0,1,0.72,0.6818,0.7,0.1642,187,201,388
5813,2011-09-04,3,0,9,15,0,0,0,1,0.78,0.7576,0.66,0.2836,218,192,410
5837,2011-09-05,3,0,9,15,1,1,0,2,0.68,0.6364,0.79,0.2836,111,142,253
5860,2011-09-06,3,0,9,15,0,2,1,3,0.54,0.5152,0.94,0.3881,18,71,89
5884,2011-09-07,3,0,9,15,0,3,1,3,0.62,0.5455,0.94,0.1045,3,55,58
5907,2011-09-08,3,0,9,15,0,4,1,3,0.66,0.5909,0.89,0.2985,24,115,139
5931,2011-09-09,3,0,9,15,0,5,1,1,0.74,0.697,0.66,0,27,161,188
5955,2011-09-10,3,0,9,15,0,6,0,1,0.74,0.6818,0.55,0.2239,217,263,480
5979,2011-09-11,3,0,9,15,0,0,0,1,0.74,0.6667,0.51,0.2985,134,270,404
6002,2011-09-12,3,0,9,15,0,1,1,1,0.74,0.6667,0.48,0.0896,60,152,212
6026,2011-09-13,3,0,9,15,0,2,1,1,0.74,0.6667,0.51,0.2985,35,145,180
6050,2011-09-14,3,0,9,15,0,3,1,1,0.78,0.7121,0.49,0.2537,30,146,176
6074,2011-09-15,3,0,9,15,0,4,1,2,0.6,0.5909,0.69,0.4179,25,110,135
6098,2011-09-16,3,0,9,15,0,5,1,2,0.54,0.5152,0.45,0.2239,38,165,203
6122,2011-09-17,3,0,9,15,0,6,0,2,0.52,0.5,0.72,0.194,148,206,354
6146,2011-09-18,3,0,9,15,0,0,0,2,0.58,0.5455,0.6,0.1343,132,233,365
6170,2011-09-19,3,0,9,15,0,1,1,2,0.6,0.6061,0.6,0.2239,44,143,187
6194,2011-09-20,3,0,9,15,0,2,1,2,0.62,0.5909,0.78,0.1045,34,158,192
6218,2011-09-21,3,0,9,15,0,3,1,2,0.66,0.6212,0.74,0.1045,43,142,185
6242,2011-09-22,3,0,9,15,0,4,1,2,0.68,0.6364,0.79,0.1642,32,149,181
6266,2011-09-23,4,0,9,15,0,5,1,3,0.62,0.5455,0.94,0.1045,9,52,61
6290,2011-09-24,4,0,9,15,0,6,0,2,0.66,0.6212,0.74,0.1343,168,284,452
6314,2011-09-25,4,0,9,15,0,0,0,2,0.66,0.6061,0.78,0,119,234,353
6338,2011-09-26,4,0,9,15,0,1,1,1,0.72,0.6818,0.62,0.1343,52,157,209
6362,2011-09-27,4,0,9,15,0,2,1,2,0.68,0.6364,0.83,0.0896,35,170,205
6386,2011-09-28,4,0,9,15,0,3,1,1,0.7,0.6515,0.7,0.1343,35,146,181
6410,2011-09-29,4,0,9,15,0,4,1,1,0.68,0.6364,0.45,0.3881,42,185,227
6434,2011-09-30,4,0,9,15,0,5,1,1,0.64,0.6212,0.5,0.2836,52,193,245
6458,2011-10-01,4,0,10,15,0,6,0,2,0.42,0.4242,0.71,0.2836,41,154,195
6482,2011-10-02,4,0,10,15,0,0,0,3,0.36,0.3333,0.81,0.2537,29,144,173
6506,2011-10-03,4,0,10,15,0,1,1,3,0.4,0.4091,0.76,0,22,79,101
6530,2011-10-04,4,0,10,15,0,2,1,1,0.58,0.5455,0.56,0.2836,28,166,194
6554,2011-10-05,4,0,10,15,0,3,1,1,0.64,0.6212,0.47,0.2836,35,147,182
6578,2011-10-06,4,0,10,15,0,4,1,1,0.58,0.5455,0.46,0.1343,62,157,219
6602,2011-10-07,4,0,10,15,0,5,1,1,0.66,0.6212,0.41,0,68,202,270
6626,2011-10-08,4,0,10,15,0,6,0,1,0.66,0.6212,0.39,0,262,234,496
6650,2011-10-09,4,0,10,15,0,0,0,1,0.68,0.6364,0.51,0.1642,198,209,407
6674,2011-10-10,4,0,10,15,1,1,0,2,0.72,0.6515,0.42,0.1045,130,254,384
6698,2011-10-11,4,0,10,15,0,2,1,2,0.6,0.5758,0.78,0.1642,36,139,175
6722,2011-10-12,4,0,10,15,0,3,1,3,0.54,0.5152,0.94,0.2537,3,42,45
6746,2011-10-13,4,0,10,15,0,4,1,1,0.66,0.6061,0.78,0.194,27,128,155
6770,2011-10-14,4,0,10,15,0,5,1,1,0.62,0.6212,0.43,0.2836,61,169,230
6794,2011-10-15,4,0,10,15,0,6,0,1,0.62,0.6212,0.31,0.4925,166,211,377
6818,2011-10-16,4,0,10,15,0,0,0,1,0.62,0.6212,0.35,0.3881,182,230,412
6842,2011-10-17,4,0,10,15,0,1,1,1,0.56,0.5303,0.6,0.2537,66,142,208
6866,2011-10-18,4,0,10,15,0,2,1,1,0.62,0.6212,0.5,0.194,66,139,205
6889,2011-10-19,4,0,10,15,0,3,1,3,0.54,0.5152,1,0.1343,21,99,120
6913,2011-10-20,4,0,10,15,0,4,1,2,0.48,0.4697,0.51,0.4478,22,138,160
6937,2011-10-21,4,0,10,15,0,5,1,1,0.5,0.4848,0.45,0.2836,57,178,235
6961,2011-10-22,4,0,10,15,0,6,0,1,0.48,0.4697,0.51,0.2239,159,223,382
6985,2011-10-23,4,0,10,15,0,0,0,1,0.52,0.5,0.52,0.1642,171,216,387
7009,2011-10-24,4,0,10,15,0,1,1,1,0.56,0.5303,0.6,0.1642,52,125,177
7033,2011-10-25,4,0,10,15,0,2,1,1,0.56,0.5303,0.37,0.1045,63,171,234
7057,2011-10-26,4,0,10,15,0,3,1,2,0.52,0.5,0.77,0,11,59,70
7081,2011-10-27,4,0,10,15,0,4,1,2,0.52,0.5,0.83,0.1045,12,95,107
7105,2011-10-28,4,0,10,15,0,5,1,2,0.36,0.3333,0.43,0.2537,44,171,215
7129,2011-10-29,4,0,10,15,0,6,0,3,0.22,0.2121,0.93,0.2537,3,38,41
7153,2011-10-30,4,0,10,15,0,0,0,1,0.42,0.4242,0.35,0.1642,88,202,290
7177,2011-10-31,4,0,10,15,0,1,1,1,0.44,0.4394,0.47,0.1642,27,141,168
7201,2011-11-01,4,0,11,15,0,2,1,1,0.5,0.4848,0.45,0.1343,38,148,186
7225,2011-11-02,4,0,11,15,0,3,1,1,0.48,0.4697,0.51,0.1642,26,161,187
7249,2011-11-03,4,0,11,15,0,4,1,1,0.52,0.5,0.52,0.1642,24,138,162
7273,2011-11-04,4,0,11,15,0,5,1,1,0.46,0.4545,0.44,0.3881,45,192,237
7297,2011-11-05,4,0,11,15,0,6,0,1,0.4,0.4091,0.37,0.194,141,202,343
7321,2011-11-06,4,0,11,15,0,0,0,1,0.48,0.4697,0.51,0.194,96,210,306
7345,2011-11-07,4,0,11,15,0,1,1,1,0.56,0.5303,0.37,0.1045,38,132,170
7369,2011-11-08,4,0,11,15,0,2,1,1,0.58,0.5455,0.46,0.1045,33,155,188
7393,2011-11-09,4,0,11,15,0,3,1,1,0.52,0.5,0.45,0.2239,21,130,151
7417,2011-11-10,4,0,11,15,0,4,1,3,0.36,0.3333,0.81,0.2985,5,57,62
7441,2011-11-11,4,0,11,15,1,5,0,1,0.36,0.3333,0.37,0.4179,29,187,216
7465,2011-11-12,4,0,11,15,0,6,0,1,0.52,0.5,0.29,0.2836,165,221,386
7489,2011-11-13,4,0,11,15,0,0,0,2,0.5,0.4848,0.42,0.3284,89,221,310
7513,2011-11-14,4,0,11,15,0,1,1,1,0.64,0.6212,0.44,0.3284,53,142,195
7537,2011-11-15,4,0,11,15,0,2,1,2,0.54,0.5152,0.6,0.1343,36,155,191
7561,2011-11-16,4,0,11,15,0,3,1,3,0.48,0.4697,0.94,0.1045,16,50,66
7585,2011-11-17,4,0,11,15,0,4,1,2,0.34,0.303,0.49,0.4478,10,106,116
7609,2011-11-18,4,0,11,15,0,5,1,1,0.34,0.3333,0.29,0.1343,27,151,178
7633,2011-11-19,4,0,11,15,0,6,0,1,0.42,0.4242,0.41,0.194,120,262,382
7657,2011-11-20,4,0,11,15,0,0,0,2,0.52,0.5,0.68,0.194,109,242,351
7681,2011-11-21,4,0,11,15,0,1,1,3,0.44,0.4394,0.94,0.2239,15,93,108
7705,2011-11-22,4,0,11,15,0,2,1,3,0.44,0.4394,0.94,0,2,32,34
7729,2011-11-23,4,0,11,15,0,3,1,2,0.42,0.4242,0.54,0.4478,13,194,207
7753,2011-11-24,4,0,11,15,1,4,0,1,0.5,0.4848,0.31,0.2537,78,71,149
7777,2011-11-25,4,0,11,15,0,5,1,1,0.52,0.5,0.36,0.194,165,145,310
7801,2011-11-26,4,0,11,15,0,6,0,2,0.5,0.4848,0.42,0.1045,154,160,314
7825,2011-11-27,4,0,11,15,0,0,0,1,0.62,0.6212,0.43,0.2836,96,221,317
7848,2011-11-28,4,0,11,15,0,1,1,1,0.58,0.5455,0.6,0.1642,18,132,150
7872,2011-11-29,4,0,11,15,0,2,1,3,0.4,0.4091,0.87,0.3284,5,60,65
7896,2011-11-30,4,0,11,15,0,3,1,1,0.36,0.3333,0.46,0.3284,11,104,115
7920,2011-12-01,4,0,12,15,0,4,1,1,0.4,0.4091,0.4,0.2239,10,144,154
7944,2011-12-02,4,0,12,15,0,5,1,1,0.42,0.4242,0.41,0.0896,24,175,199
7968,2011-12-03,4,0,12,15,0,6,0,1,0.38,0.3939,0.46,0,100,237,337
7992,2011-12-04,4,0,12,15,0,0,0,1,0.42,0.4242,0.62,0.194,69,227,296
8016,2011-12-05,4,0,12,15,0,1,1,2,0.46,0.4545,0.72,0.0896,16,132,148
8040,2011-12-06,4,0,12,15,0,2,1,3,0.5,0.4848,1,0.194,2,43,45
8064,2011-12-07,4,0,12,15,0,3,1,3,0.42,0.4242,0.94,0.2239,5,25,30
8088,2011-12-08,4,0,12,15,0,4,1,1,0.32,0.3333,0.45,0.1343,19,98,117
8112,2011-12-09,4,0,12,15,0,5,1,1,0.38,0.3939,0.46,0.2836,29,160,189
8136,2011-12-10,4,0,12,15,0,6,0,1,0.34,0.303,0.34,0.3582,60,239,299
8160,2011-12-11,4,0,12,15,0,0,0,1,0.3,0.3333,0.26,0,47,219,266
8184,2011-12-12,4,0,12,15,0,1,1,2,0.32,0.3333,0.57,0.1045,8,124,132
8208,2011-12-13,4,0,12,15,0,2,1,1,0.4,0.4091,0.35,0.2537,7,144,151
8232,2011-12-14,4,0,12,15,0,3,1,2,0.38,0.3939,0.54,0.1045,24,143,167
8256,2011-12-15,4,0,12,15,0,4,1,3,0.52,0.5,0.55,0.2239,6,76,82
8280,2011-12-16,4,0,12,15,0,5,1,2,0.32,0.303,0.45,0.2985,12,141,153
8304,2011-12-17,4,0,12,15,0,6,0,1,0.28,0.2576,0.45,0.2836,33,195,228
8328,2011-12-18,4,0,12,15,0,0,0,1,0.32,0.303,0.45,0.2836,23,184,207
8352,2011-12-19,4,0,12,15,0,1,1,1,0.38,0.3939,0.46,0.1642,24,135,159
8376,2011-12-20,4,0,12,15,0,2,1,2,0.44,0.4394,0.54,0,15,139,154
8400,2011-12-21,1,0,12,15,0,3,1,2,0.48,0.4697,0.88,0.3881,4,57,61
8424,2011-12-22,1,0,12,15,0,4,1,2,0.48,0.4697,0.59,0,28,186,214
8448,2011-12-23,1,0,12,15,0,5,1,1,0.38,0.3939,0.54,0.3582,12,191,203
8472,2011-12-24,1,0,12,15,0,6,0,1,0.32,0.303,0.39,0.2239,15,82,97
8495,2011-12-25,1,0,12,15,0,0,0,1,0.34,0.3333,0.61,0.194,43,48,91
8518,2011-12-26,1,0,12,15,1,1,0,1,0.38,0.3939,0.4,0.2537,26,105,131
8542,2011-12-27,1,0,12,15,0,2,1,3,0.42,0.4242,0.82,0.3881,2,17,19
8565,2011-12-28,1,0,12,15,0,3,1,1,0.32,0.2879,0.36,0.4179,16,101,117
8589,2011-12-29,1,0,12,15,0,4,1,2,0.3,0.3182,0.52,0.0896,27,150,177
8613,2011-12-30,1,0,12,15,0,5,1,1,0.42,0.4242,0.44,0,56,236,292
8637,2011-12-31,1,0,12,15,0,6,0,1,0.46,0.4545,0.47,0.4925,89,164,253
8661,2012-01-01,1,1,1,15,0,0,0,1,0.46,0.4545,0.51,0.2985,101,164,265
8684,2012-01-02,1,1,1,15,1,1,0,1,0.28,0.2424,0.38,0.4478,29,139,168
8708,2012-01-03,1,1,1,15,0,2,1,1,0.16,0.1212,0.37,0.4179,9,68,77
8732,2012-01-04,1,1,1,15,0,3,1,2,0.18,0.1515,0.37,0.3284,9,81,90
8756,2012-01-05,1,1,1,15,0,4,1,1,0.36,0.3333,0.34,0.2836,6,113,119
8780,2012-01-06,1,1,1,15,0,5,1,1,0.52,0.5,0.27,0.2537,44,178,222
8804,2012-01-07,1,1,1,15,0,6,0,1,0.58,0.5455,0.37,0.2985,132,317,449
8828,2012-01-08,1,1,1,15,0,0,0,1,0.4,0.4091,0.37,0.2836,89,241,330
8852,2012-01-09,1,1,1,15,0,1,1,3,0.22,0.2273,0.75,0.1642,5,64,69
8875,2012-01-10,1,1,1,15,0,2,1,1,0.42,0.4242,0.38,0.2985,17,119,136
8899,2012-01-11,1,1,1,15,0,3,1,2,0.34,0.3485,0.87,0.0896,6,73,79
8923,2012-01-12,1,1,1,15,0,4,1,1,0.44,0.4394,0.72,0.1343,32,156,188
8947,2012-01-13,1,1,1,15,0,5,1,1,0.26,0.2121,0.33,0.5821,15,123,138
8971,2012-01-14,1,1,1,15,0,6,0,1,0.24,0.2121,0.38,0.2985,49,177,226
8995,2012-01-15,1,1,1,15,0,0,0,1,0.22,0.2273,0.27,0.194,33,173,206
9019,2012-01-16,1,1,1,15,1,1,0,1,0.26,0.2121,0.44,0.4478,17,175,192
9042,2012-01-17,1,1,1,15,0,2,1,1,0.44,0.4394,0.62,0.4925,6,123,129
9066,2012-01-18,1,1,1,15,0,3,1,1,0.3,0.2576,0.33,0.5224,8,122,130
9090,2012-01-19,1,1,1,15,0,4,1,1,0.26,0.2273,0.44,0.2985,9,118,127
9114,2012-01-20,1,1,1,15,0,5,1,2,0.22,0.2273,0.35,0.194,12,144,156
9138,2012-01-21,1,1,1,15,0,6,0,3,0.2,0.197,0.8,0.194,6,113,119
9162,2012-01-22,1,1,1,15,0,0,0,2,0.16,0.1515,0.8,0.194,27,149,176
9186,2012-01-23,1,1,1,15,0,1,1,2,0.22,0.2121,1,0.2239,10,64,74
9210,2012-01-24,1,1,1,15,0,2,1,2,0.4,0.4091,0.71,0.1642,52,156,208
9234,2012-01-25,1,1,1,15,0,3,1,1,0.36,0.3788,0.46,0,30,125,155
9258,2012-01-26,1,1,1,15,0,4,1,2,0.42,0.4242,0.71,0.1045,22,142,164
9282,2012-01-27,1,1,1,15,0,5,1,1,0.48,0.4697,0.51,0.3284,27,170,197
9306,2012-01-28,1,1,1,15,0,6,0,1,0.4,0.4091,0.47,0.3284,90,320,410
9330,2012-01-29,1,1,1,15,0,0,0,1,0.36,0.3333,0.25,0.2836,68,242,310
9354,2012-01-30,1,1,1,15,0,1,1,1,0.32,0.3182,0.24,0.194,7,131,138
9378,2012-01-31,1,1,1,15,0,2,1,1,0.54,0.5152,0.26,0.4478,27,150,177
9402,2012-02-01,1,1,2,15,0,3,1,1,0.6,0.6212,0.35,0.2836,25,169,194
9426,2012-02-02,1,1,2,15,0,4,1,1,0.46,0.4545,0.67,0.1642,24,150,174
9450,2012-02-03,1,1,2,15,0,5,1,1,0.38,0.3939,0.4,0,48,168,216
9474,2012-02-04,1,1,2,15,0,6,0,2,0.32,0.303,0.66,0.2239,61,244,305
9498,2012-02-05,1,1,2,15,0,0,0,2,0.3,0.2879,0.56,0.2537,55,217,272
9521,2012-02-06,1,1,2,15,0,1,1,1,0.42,0.4242,0.32,0.2836,25,146,171
9545,2012-02-07,1,1,2,15,0,2,1,1,0.44,0.4394,0.38,0.194,13,133,146
9569,2012-02-08,1,1,2,15,0,3,1,3,0.3,0.3182,0.61,0.1045,5,49,54
9593,2012-02-09,1,1,2,15,0,4,1,1,0.32,0.303,0.36,0.2985,14,120,134
9617,2012-02-10,1,1,2,15,0,5,1,2,0.32,0.3333,0.45,0.1343,27,164,191
9641,2012-02-11,1,1,2,15,0,6,0,2,0.3,0.2727,0.61,0.2985,12,112,124
9665,2012-02-12,1,1,2,15,0,0,0,1,0.16,0.1212,0.4,0.5522,5,150,155
9689,2012-02-13,1,1,2,15,0,1,1,1,0.36,0.3485,0.27,0.1343,10,145,155
9713,2012-02-14,1,1,2,15,0,2,1,2,0.42,0.4242,0.38,0.4478,7,138,145
9737,2012-02-15,1,1,2,15,0,3,1,1,0.42,0.4242,0.41,0.2239,7,164,171
9761,2012-02-16,1,1,2,15,0,4,1,3,0.34,0.3636,0.76,0,3,50,53
9785,2012-02-17,1,1,2,15,0,5,1,1,0.42,0.4242,0.35,0.4179,41,180,221
9809,2012-02-18,1,1,2,15,0,6,0,1,0.42,0.4242,0.41,0.2537,229,270,499
9833,2012-02-19,1,1,2,15,0,0,0,2,0.3,0.2879,0.49,0.194,85,168,253
9856,2012-02-20,1,1,2,15,1,1,0,1,0.34,0.3182,0.34,0.2239,54,235,289
9879,2012-02-21,1,1,2,15,0,2,1,1,0.34,0.303,0.49,0.4179,23,137,160
9903,2012-02-22,1,1,2,15,0,3,1,1,0.5,0.4848,0.31,0.4179,34,161,195
9927,2012-02-23,1,1,2,15,0,4,1,1,0.54,0.5152,0.33,0.1343,46,171,217
9951,2012-02-24,1,1,2,15,0,5,1,3,0.4,0.4091,0.87,0.194,11,83,94
9975,2012-02-25,1,1,2,15,0,6,0,1,0.32,0.2879,0.29,0.4179,21,211,232
9999,2012-02-26,1,1,2,15,0,0,0,1,0.36,0.3485,0.29,0,72,281,353
10023,2012-02-27,1,1,2,15,0,1,1,1,0.52,0.5,0.25,0.4179,24,150,174
10047,2012-02-28,1,1,2,15,0,2,1,1,0.42,0.4242,0.26,0.0896,17,149,166
10070,2012-02-29,1,1,2,15,0,3,1,2,0.4,0.4091,0.82,0.2836,3,87,90
10094,2012-03-01,1,1,3,15,0,4,1,1,0.6,0.6212,0.31,0.2537,31,192,223
10118,2012-03-02,1,1,3,15,0,5,1,2,0.42,0.4242,0.5,0.2985,5,73,78
10142,2012-03-03,1,1,3,15,0,6,0,1,0.48,0.4697,0.29,0.2985,145,254,399
10166,2012-03-04,1,1,3,15,0,0,0,1,0.36,0.3182,0.32,0.5224,82,252,334
10190,2012-03-05,1,1,3,15,0,1,1,2,0.3,0.2879,0.53,0.194,20,110,130
10214,2012-03-06,1,1,3,15,0,2,1,1,0.34,0.303,0.36,0.2985,24,142,166
10238,2012-03-07,1,1,3,15,0,3,1,1,0.54,0.5152,0.37,0.4478,44,165,209
10262,2012-03-08,1,1,3,15,0,4,1,1,0.64,0.6212,0.38,0.6866,24,161,185
10286,2012-03-09,1,1,3,15,0,5,1,1,0.46,0.4545,0.24,0.2537,50,188,238
10310,2012-03-10,1,1,3,15,0,6,0,1,0.34,0.3636,0.25,0,132,274,406
10333,2012-03-11,1,1,3,15,0,0,0,1,0.5,0.4848,0.29,0.2985,201,286,487
10357,2012-03-12,1,1,3,15,0,1,1,1,0.56,0.5303,0.4,0.1343,74,159,233
10381,2012-03-13,1,1,3,15,0,2,1,1,0.7,0.6364,0.39,0.2239,68,196,264
10405,2012-03-14,1,1,3,15,0,3,1,1,0.7,0.6364,0.24,0,86,197,283
10429,2012-03-15,1,1,3,15,0,4,1,1,0.72,0.6515,0.32,0.2239,100,187,287
10453,2012-03-16,1,1,3,15,0,5,1,3,0.46,0.4545,0.82,0.1045,19,88,107
10477,2012-03-17,1,1,3,15,0,6,0,1,0.64,0.6212,0.53,0.1343,357,322,679
10501,2012-03-18,1,1,3,15,0,0,0,1,0.54,0.5152,0.68,0.0896,240,314,554
10525,2012-03-19,1,1,3,15,0,1,1,1,0.64,0.6212,0.57,0.2239,97,189,286
10549,2012-03-20,1,1,3,15,0,2,1,2,0.62,0.6061,0.69,0.1045,67,177,244
10573,2012-03-21,2,1,3,15,0,3,1,2,0.56,0.5303,0.78,0,68,175,243
10597,2012-03-22,2,1,3,15,0,4,1,1,0.62,0.6061,0.69,0.194,102,202,304
10621,2012-03-23,2,1,3,15,0,5,1,2,0.72,0.6515,0.42,0.1343,191,281,472
10645,2012-03-24,2,1,3,15,0,6,0,3,0.5,0.4848,0.94,0.4179,118,172,290
10669,2012-03-25,2,1,3,15,0,0,0,2,0.44,0.4394,0.88,0.194,139,282,421
10693,2012-03-26,2,1,3,15,0,1,1,1,0.48,0.4697,0.29,0.6119,66,157,223
10717,2012-03-27,2,1,3,15,0,2,1,1,0.42,0.4242,0.2,0,42,158,200
10741,2012-03-28,2,1,3,15,0,3,1,2,0.62,0.6212,0.41,0.2985,47,152,199
10765,2012-03-29,2,1,3,15,0,4,1,1,0.52,0.5,0.39,0.3582,109,198,307
10789,2012-03-30,2,1,3,15,0,5,1,3,0.42,0.4242,0.54,0,73,207,280
10813,2012-03-31,2,1,3,15,0,6,0,2,0.52,0.5,0.59,0.2836,275,330,605
10837,2012-04-01,2,1,4,15,0,0,0,1,0.5,0.4848,0.55,0.2537,295,278,573
10860,2012-04-02,2,1,4,15,0,1,1,1,0.48,0.4697,0.33,0.4179,132,192,324
10884,2012-04-03,2,1,4,15,0,2,1,1,0.6,0.5909,0.2,0.194,109,207,316
10908,2012-04-04,2,1,4,15,0,3,1,2,0.64,0.6212,0.44,0.2836,86,182,268
10932,2012-04-05,2,1,4,15,0,4,1,1,0.5,0.4848,0.31,0.1045,98,171,269
10956,2012-04-06,2,1,4,15,0,5,1,1,0.5,0.4848,0.27,0.2836,218,319,537
10980,2012-04-07,2,1,4,15,0,6,0,1,0.52,0.5,0.19,0.4179,321,305,626
11004,2012-04-08,2,1,4,15,0,0,0,1,0.62,0.6061,0.17,0.3582,260,226,486
11028,2012-04-09,2,1,4,15,0,1,1,1,0.58,0.5455,0.28,0.5522,82,173,255
11052,2012-04-10,2,1,4,15,0,2,1,1,0.56,0.5303,0.21,0.2985,46,157,203
11075,2012-04-11,2,1,4,15,0,3,1,3,0.38,0.3939,0.46,0.2239,50,152,202
11099,2012-04-12,2,1,4,15,0,4,1,1,0.48,0.4697,0.31,0.2537,42,169,211
11123,2012-04-13,2,1,4,15,0,5,1,1,0.54,0.5152,0.28,0.2537,115,237,352
11147,2012-04-14,2,1,4,15,0,6,0,2,0.64,0.6212,0.27,0.3582,311,347,658
11171,2012-04-15,2,1,4,15,0,0,0,1,0.7,0.6364,0.39,0.3881,266,351,617
11195,2012-04-16,2,1,4,15,1,1,0,1,0.8,0.697,0.33,0.4478,81,194,275
11219,2012-04-17,2,1,4,15,0,2,1,1,0.66,0.6212,0.24,0.3284,91,217,308
11243,2012-04-18,2,1,4,15,0,3,1,3,0.42,0.4242,0.77,0.194,10,88,98
11267,2012-04-19,2,1,4,15,0,4,1,1,0.6,0.6212,0.43,0,66,196,262
11291,2012-04-20,2,1,4,15,0,5,1,1,0.64,0.6212,0.47,0.194,145,262,407
11315,2012-04-21,2,1,4,15,0,6,0,1,0.72,0.6515,0.39,0.2537,267,361,628
11339,2012-04-22,2,1,4,15,0,0,0,3,0.38,0.3939,0.87,0.3881,0,38,38
11363,2012-04-23,2,1,4,15,0,1,1,2,0.36,0.3333,0.62,0.3881,11,101,112
11387,2012-04-24,2,1,4,15,0,2,1,1,0.5,0.4848,0.23,0.4179,60,176,236
11411,2012-04-25,2,1,4,15,0,3,1,1,0.58,0.5455,0.19,0.1642,47,182,229
11435,2012-04-26,2,1,4,15,0,4,1,2,0.52,0.5,0.83,0.3284,39,165,204
11459,2012-04-27,2,1,4,15,0,5,1,1,0.52,0.5,0.29,0.4925,101,223,324
11483,2012-04-28,2,1,4,15,0,6,0,1,0.42,0.4242,0.41,0.2239,148,260,408
11507,2012-04-29,2,1,4,15,0,0,0,1,0.56,0.5303,0.37,0.1343,279,324,603
11531,2012-04-30,2,1,4,15,0,1,1,2,0.52,0.5,0.55,0.1045,55,176,231
11555,2012-05-01,2,1,5,15,0,2,1,2,0.74,0.6667,0.45,0.2239,48,186,234
11579,2012-05-02,2,1,5,15,0,3,1,1,0.64,0.6061,0.65,0.194,52,204,256
11603,2012-05-03,2,1,5,15,0,4,1,1,0.66,0.6212,0.61,0.194,63,220,283
11627,2012-05-04,2,1,5,15,0,5,1,2,0.72,0.6818,0.62,0.1045,103,240,343
11651,2012-05-05,2,1,5,15,0,6,0,3,0.66,0.6212,0.74,0.194,241,300,541
11675,2012-05-06,2,1,5,15,0,0,0,2,0.62,0.6061,0.61,0.1045,229,342,571
11699,2012-05-07,2,1,5,15,0,1,1,2,0.62,0.6212,0.53,0.2985,76,186,262
11723,2012-05-08,2,1,5,15,0,2,1,3,0.62,0.5909,0.73,0.2537,40,94,134
11747,2012-05-09,2,1,5,15,0,3,1,2,0.64,0.6212,0.53,0.1045,68,191,259
11771,2012-05-10,2,1,5,15,0,4,1,1,0.54,0.5152,0.37,0.3881,79,192,271
11795,2012-05-11,2,1,5,15,0,5,1,1,0.62,0.6061,0.25,0.194,140,299,439
11819,2012-05-12,2,1,5,15,0,6,0,1,0.68,0.6212,0.24,0.194,269,321,590
11843,2012-05-13,2,1,5,15,0,0,0,1,0.72,0.6515,0.45,0.3582,190,309,499
11867,2012-05-14,2,1,5,15,0,1,1,2,0.62,0.5909,0.73,0.1642,40,156,196
11891,2012-05-15,2,1,5,15,0,2,1,2,0.7,0.6515,0.61,0.0896,51,205,256
11915,2012-05-16,2,1,5,15,0,3,1,2,0.72,0.6667,0.48,0.1045,52,222,274
11939,2012-05-17,2,1,5,15,0,4,1,1,0.64,0.6212,0.36,0.2537,83,233,316
11963,2012-05-18,2,1,5,15,0,5,1,1,0.66,0.6212,0.36,0.194,131,260,391
11987,2012-05-19,2,1,5,15,0,6,0,1,0.72,0.6515,0.3,0.1045,356,316,672
12011,2012-05-20,2,1,5,15,0,0,0,2,0.7,0.6364,0.39,0.4179,246,256,502
12035,2012-05-21,2,1,5,15,0,1,1,2,0.64,0.6061,0.73,0.194,67,158,225
12059,2012-05-22,2,1,5,15,0,2,1,1,0.7,0.6515,0.61,0.0896,54,191,245
12083,2012-05-23,2,1,5,15,0,3,1,2,0.7,0.6515,0.61,0,65,192,257
12107,2012-05-24,2,1,5,15,0,4,1,1,0.74,0.6818,0.55,0.2537,69,222,291
12131,2012-05-25,2,1,5,15,0,5,1,1,0.76,0.7121,0.62,0.194,106,360,466
12155,2012-05-26,2,1,5,15,0,6,0,1,0.76,0.7273,0.66,0.2836,274,239,513
12179,2012-05-27,2,1,5,15,0,0,0,1,0.78,0.7121,0.52,0.2836,290,245,535
12203,2012-05-28,2,1,5,15,1,1,0,1,0.82,0.7879,0.56,0.2985,181,279,460
12227,2012-05-29,2,1,5,15,0,2,1,1,0.82,0.7727,0.49,0.3881,71,185,256
12251,2012-05-30,2,1,5,15,0,3,1,1,0.72,0.6667,0.51,0.1343,54,221,275
12275,2012-05-31,2,1,5,15,0,4,1,1,0.76,0.6667,0.33,0.2985,81,209,290
12299,2012-06-01,2,1,6,15,0,5,1,3,0.72,0.6818,0.66,0.2836,45,213,258
12323,2012-06-02,2,1,6,15,0,6,0,1,0.64,0.6212,0.38,0.2537,297,405,702
12347,2012-06-03,2,1,6,15,0,0,0,1,0.7,0.6364,0.34,0,236,408,644
12371,2012-06-04,2,1,6,15,0,1,1,1,0.66,0.6212,0.39,0.2985,77,215,292
12395,2012-06-05,2,1,6,15,0,2,1,2,0.58,0.5455,0.46,0.1343,54,218,272
12419,2012-06-06,2,1,6,15,0,3,1,1,0.64,0.6212,0.38,0,75,225,300
12443,2012-06-07,2,1,6,15,0,4,1,1,0.74,0.6515,0.3,0,99,234,333
12467,2012-06-08,2,1,6,15,0,5,1,1,0.76,0.6667,0.29,0.2836,98,299,397
12491,2012-06-09,2,1,6,15,0,6,0,1,0.84,0.7121,0.2,0.2985,218,337,555
12515,2012-06-10,2,1,6,15,0,0,0,1,0.84,0.7273,0.3,0.2239,159,316,475
12539,2012-06-11,2,1,6,15,0,1,1,1,0.8,0.7121,0.41,0.3582,72,187,259
12563,2012-06-12,2,1,6,15,0,2,1,3,0.66,0.5909,0.89,0.194,22,94,116
12587,2012-06-13,2,1,6,15,0,3,1,1,0.72,0.6515,0.32,0.4925,65,216,281
12611,2012-06-14,2,1,6,15,0,4,1,1,0.74,0.6667,0.48,0.2985,111,213,324
12635,2012-06-15,2,1,6,15,0,5,1,1,0.72,0.6515,0.39,0.194,107,270,377
12659,2012-06-16,2,1,6,15,0,6,0,1,0.74,0.6515,0.35,0.2537,295,288,583
12683,2012-06-17,2,1,6,15,0,0,0,1,0.66,0.6212,0.5,0.2239,203,260,463
12707,2012-06-18,2,1,6,15,0,1,1,2,0.6,0.5909,0.69,0.194,61,176,237
12731,2012-06-19,2,1,6,15,0,2,1,1,0.78,0.7424,0.59,0.1642,72,187,259
12755,2012-06-20,2,1,6,15,0,3,1,1,0.9,0.8182,0.35,0,36,143,179
12779,2012-06-21,3,1,6,15,0,4,1,1,0.92,0.8333,0.33,0.1642,40,154,194
12803,2012-06-22,3,1,6,15,0,5,1,1,0.9,0.8182,0.35,0.3582,72,212,284
12827,2012-06-23,3,1,6,15,0,6,0,1,0.84,0.7273,0.3,0.3284,217,266,483
12851,2012-06-24,3,1,6,15,0,0,0,1,0.86,0.7424,0.28,0.2239,197,290,487
12875,2012-06-25,3,1,6,15,0,1,1,1,0.78,0.6818,0.38,0.4627,65,168,233
12899,2012-06-26,3,1,6,15,0,2,1,1,0.72,0.6515,0.28,0.4627,88,229,317
12923,2012-06-27,3,1,6,15,0,3,1,1,0.8,0.697,0.26,0.4627,61,188,249
12947,2012-06-28,3,1,6,15,0,4,1,1,0.86,0.7273,0.25,0.3284,24,195,219
12971,2012-06-29,3,1,6,15,0,5,1,1,0.96,0.9091,0.36,0,47,183,230
12995,2012-06-30,3,1,6,15,0,6,0,1,0.88,0.7727,0.3,0.2537,117,287,404
13019,2012-07-01,3,1,7,15,0,0,0,1,0.9,0.8182,0.37,0.2836,101,244,345
13043,2012-07-02,3,1,7,15,0,1,1,1,0.84,0.7424,0.36,0.194,59,175,234
13067,2012-07-03,3,1,7,15,0,2,1,2,0.9,0.7727,0.24,0,71,330,401
13091,2012-07-04,3,1,7,15,1,3,0,1,0.92,0.8485,0.35,0.2985,155,299,454
13115,2012-07-05,3,1,7,15,0,4,1,1,0.92,0.8333,0.33,0.3582,71,183,254
13139,2012-07-06,3,1,7,15,0,5,1,1,0.92,0.8182,0.29,0.194,79,206,285
13163,2012-07-07,3,1,7,15,0,6,0,1,0.96,0.8485,0.26,0,113,193,306
13187,2012-07-08,3,1,7,15,0,0,0,3,0.92,0.8939,0.42,0.2836,80,218,298
13211,2012-07-09,3,1,7,15,0,1,1,2,0.76,0.6818,0.45,0.2239,66,214,280
13235,2012-07-10,3,1,7,15,0,2,1,1,0.8,0.7121,0.41,0.2239,77,188,265
13259,2012-07-11,3,1,7,15,0,3,1,1,0.8,0.7121,0.41,0.2537,56,220,276
13283,2012-07-12,3,1,7,15,0,4,1,1,0.8,0.7121,0.36,0.194,63,208,271
13307,2012-07-13,3,1,7,15,0,5,1,2,0.8,0.7121,0.36,0.1045,92,261,353
13331,2012-07-14,3,1,7,15,0,6,0,1,0.8,0.7576,0.55,0.1642,243,317,560
13355,2012-07-15,3,1,7,15,0,0,0,1,0.86,0.803,0.47,0.1343,182,307,489
13379,2012-07-16,3,1,7,15,0,1,1,1,0.86,0.803,0.47,0.2537,61,176,237
13403,2012-07-17,3,1,7,15,0,2,1,1,0.92,0.8182,0.31,0.1642,57,187,244
13427,2012-07-18,3,1,7,15,0,3,1,3,0.92,0.8485,0.35,0.3582,42,152,194
13451,2012-07-19,3,1,7,15,0,4,1,1,0.84,0.7727,0.47,0.0896,66,226,292
13475,2012-07-20,3,1,7,15,0,5,1,2,0.7,0.6667,0.84,0.2985,47,169,216
13499,2012-07-21,3,1,7,15,0,6,0,3,0.6,0.5455,0.88,0.2537,148,232,380
13523,2012-07-22,3,1,7,15,0,0,0,1,0.72,0.6818,0.66,0.1045,254,370,624
13547,2012-07-23,3,1,7,15,0,1,1,1,0.8,0.7576,0.55,0.194,76,205,281
13571,2012-07-24,3,1,7,15,0,2,1,1,0.82,0.7727,0.49,0.2985,73,212,285
13595,2012-07-25,3,1,7,15,0,3,1,1,0.78,0.6818,0.31,0.0896,94,223,317
13619,2012-07-26,3,1,7,15,0,4,1,1,0.92,0.8939,0.42,0.2985,65,173,238
13643,2012-07-27,3,1,7,15,0,5,1,1,0.86,0.7879,0.41,0.2239,81,242,323
13667,2012-07-28,3,1,7,15,0,6,0,1,0.88,0.7727,0.32,0.2836,206,291,497
13691,2012-07-29,3,1,7,15,0,0,0,1,0.8,0.7273,0.43,0.1343,195,306,501
13715,2012-07-30,3,1,7,15,0,1,1,1,0.8,0.7424,0.49,0.2537,51,185,236
13739,2012-07-31,3,1,7,15,0,2,1,1,0.76,0.7121,0.62,0.1343,29,115,144
13763,2012-08-01,3,1,8,15,0,3,1,1,0.82,0.7576,0.46,0.1642,89,206,295
13787,2012-08-02,3,1,8,15,0,4,1,1,0.78,0.7424,0.62,0.4627,68,202,270
13811,2012-08-03,3,1,8,15,0,5,1,1,0.88,0.8182,0.42,0.2537,112,268,380
13835,2012-08-04,3,1,8,15,0,6,0,1,0.88,0.8182,0.42,0.4179,205,284,489
13859,2012-08-05,3,1,8,15,0,0,0,1,0.9,0.8182,0.37,0.5224,164,286,450
13883,2012-08-06,3,1,8,15,0,1,1,1,0.82,0.7576,0.46,0.1343,91,183,274
13907,2012-08-07,3,1,8,15,0,2,1,1,0.8,0.7424,0.52,0,100,206,306
13931,2012-08-08,3,1,8,15,0,3,1,2,0.84,0.7576,0.44,0.194,110,168,278
13955,2012-08-09,3,1,8,15,0,4,1,1,0.88,0.7727,0.32,0.2239,63,204,267
13979,2012-08-10,3,1,8,15,0,5,1,1,0.8,0.7424,0.52,0.4478,100,224,324
14003,2012-08-11,3,1,8,15,0,6,0,1,0.8,0.7273,0.46,0.2836,246,316,562
14027,2012-08-12,3,1,8,15,0,0,0,1,0.76,0.6818,0.4,0.1343,235,342,577
14051,2012-08-13,3,1,8,15,0,1,1,1,0.82,0.7273,0.34,0.2239,80,194,274
14075,2012-08-14,3,1,8,15,0,2,1,1,0.82,0.7576,0.46,0.2239,84,199,283
14099,2012-08-15,3,1,8,15,0,3,1,1,0.76,0.697,0.52,0.2537,70,196,266
14123,2012-08-16,3,1,8,15,0,4,1,1,0.8,0.697,0.33,0.2537,63,197,260
14147,2012-08-17,3,1,8,15,0,5,1,1,0.86,0.2424,0.3,0.4627,127,256,383
14171,2012-08-18,3,1,8,15,0,6,0,1,0.76,0.6667,0.37,0.2239,250,346,596
14195,2012-08-19,3,1,8,15,0,0,0,2,0.64,0.6061,0.65,0,89,187,276
14219,2012-08-20,3,1,8,15,0,1,1,1,0.72,0.6667,0.54,0.2537,102,207,309
14243,2012-08-21,3,1,8,15,0,2,1,1,0.76,0.6667,0.37,0,76,226,302
14267,2012-08-22,3,1,8,15,0,3,1,1,0.76,0.6818,0.48,0.1343,94,222,316
14291,2012-08-23,3,1,8,15,0,4,1,1,0.78,0.697,0.46,0.1343,104,201,305
14315,2012-08-24,3,1,8,15,0,5,1,2,0.76,0.6818,0.48,0.1343,99,251,350
14339,2012-08-25,3,1,8,15,0,6,0,2,0.64,0.6061,0.73,0.3284,79,154,233
14363,2012-08-26,3,1,8,15,0,0,0,3,0.64,0.5758,0.89,0.2836,132,259,391
14387,2012-08-27,3,1,8,15,0,1,1,1,0.8,0.7576,0.55,0.2985,77,205,282
14411,2012-08-28,3,1,8,15,0,2,1,1,0.82,0.7273,0.34,0.2985,59,258,317
14435,2012-08-29,3,1,8,15,0,3,1,1,0.76,0.6818,0.4,0.194,96,242,338
14459,2012-08-30,3,1,8,15,0,4,1,1,0.8,0.7273,0.46,0.1642,99,239,338
14483,2012-08-31,3,1,8,15,0,5,1,1,0.9,0.7879,0.27,0.2985,109,417,526
14507,2012-09-01,3,1,9,15,0,6,0,2,0.86,0.7879,0.44,0.2836,257,306,563
14531,2012-09-02,3,1,9,15,0,0,0,3,0.74,0.7121,0.74,0.1343,179,176,355
14555,2012-09-03,3,1,9,15,1,1,0,1,0.74,0.697,0.7,0.2239,168,281,449
14579,2012-09-04,3,1,9,15,0,2,1,1,0.8,0.7727,0.59,0.4627,68,224,292
14603,2012-09-05,3,1,9,15,0,3,1,1,0.78,0.7727,0.7,0.194,41,204,245
14627,2012-09-06,3,1,9,15,0,4,1,1,0.74,0.697,0.66,0.194,42,228,270
14651,2012-09-07,3,1,9,15,0,5,1,1,0.8,0.7576,0.55,0.2537,66,265,331
14675,2012-09-08,3,1,9,15,0,6,0,3,0.56,0.5303,0.88,0.2537,175,337,512
14699,2012-09-09,3,1,9,15,0,0,0,1,0.72,0.6515,0.32,0.2537,284,412,696
14723,2012-09-10,3,1,9,15,0,1,1,1,0.66,0.6212,0.31,0.3881,115,231,346
14747,2012-09-11,3,1,9,15,0,2,1,1,0.7,0.6364,0.28,0.1045,73,253,326
14771,2012-09-12,3,1,9,15,0,3,1,1,0.72,0.6515,0.37,0.1343,75,243,318
14795,2012-09-13,3,1,9,15,0,4,1,1,0.72,0.6515,0.42,0.1045,99,253,352
14819,2012-09-14,3,1,9,15,0,5,1,2,0.72,0.6667,0.48,0.1343,94,273,367
14843,2012-09-15,3,1,9,15,0,6,0,2,0.68,0.6364,0.34,0.2836,312,342,654
14867,2012-09-16,3,1,9,15,0,0,0,1,0.64,0.6212,0.41,0.1642,215,342,557
14891,2012-09-17,3,1,9,15,0,1,1,2,0.64,0.6061,0.65,0.2537,82,256,338
14915,2012-09-18,3,1,9,15,0,2,1,3,0.6,0.5455,0.88,0.2537,1,35,36
14939,2012-09-19,3,1,9,15,0,3,1,1,0.62,0.6212,0.35,0,57,254,311
14963,2012-09-20,3,1,9,15,0,4,1,1,0.66,0.6212,0.47,0.194,60,231,291
14987,2012-09-21,3,1,9,15,0,5,1,1,0.7,0.6515,0.54,0.2239,90,333,423
15011,2012-09-22,3,1,9,15,0,6,0,1,0.74,0.6667,0.48,0.3881,307,443,750
15035,2012-09-23,4,1,9,15,0,0,0,1,0.6,0.6212,0.33,0.2239,265,375,640
15059,2012-09-24,4,1,9,15,0,1,1,1,0.6,0.6212,0.31,0,84,216,300
15083,2012-09-25,4,1,9,15,0,2,1,1,0.66,0.6212,0.36,0.3284,56,247,303
15107,2012-09-26,4,1,9,15,0,3,1,1,0.74,0.6667,0.48,0.2985,69,231,300
15131,2012-09-27,4,1,9,15,0,4,1,2,0.76,0.6818,0.45,0,41,255,296
15155,2012-09-28,4,1,9,15,0,5,1,2,0.68,0.6364,0.54,0.2836,104,288,392
15179,2012-09-29,4,1,9,15,0,6,0,1,0.6,0.6212,0.43,0.2537,271,456,727
15203,2012-09-30,4,1,9,15,0,0,0,1,0.64,0.6212,0.36,0.2537,230,419,649
15227,2012-10-01,4,1,10,15,0,1,1,2,0.62,0.6212,0.43,0.1343,95,234,329
15251,2012-10-02,4,1,10,15,0,2,1,3,0.62,0.5758,0.83,0.1343,14,195,209
15275,2012-10-03,4,1,10,15,0,3,1,2,0.72,0.6818,0.62,0.1642,59,260,319
15299,2012-10-04,4,1,10,15,0,4,1,1,0.72,0.6667,0.54,0.2836,77,248,325
15323,2012-10-05,4,1,10,15,0,5,1,1,0.72,0.6515,0.39,0.2537,150,320,470
15347,2012-10-06,4,1,10,15,0,6,0,1,0.6,0.6212,0.46,0.4179,279,341,620
15371,2012-10-07,4,1,10,15,0,0,0,3,0.42,0.4242,0.77,0.1343,74,232,306
15395,2012-10-08,4,1,10,15,1,1,0,3,0.42,0.4242,0.58,0.194,76,294,370
15419,2012-10-09,4,1,10,15,0,2,1,2,0.52,0.5,0.63,0.1642,59,195,254
15443,2012-10-10,4,1,10,15,0,3,1,1,0.6,0.6212,0.4,0.1642,58,261,319
15467,2012-10-11,4,1,10,15,0,4,1,1,0.52,0.5,0.34,0.1642,102,358,460
15491,2012-10-12,4,1,10,15,0,5,1,1,0.52,0.5,0.42,0.4478,138,317,455
15515,2012-10-13,4,1,10,15,0,6,0,1,0.5,0.4848,0.36,0.194,251,364,615
15539,2012-10-14,4,1,10,15,0,0,0,1,0.66,0.6212,0.39,0.4179,213,355,568
15563,2012-10-15,4,1,10,15,0,1,1,1,0.6,0.5758,0.78,0.3284,70,190,260
15587,2012-10-16,4,1,10,15,0,2,1,1,0.54,0.5152,0.41,0.3284,76,270,346
15611,2012-10-17,4,1,10,15,0,3,1,2,0.58,0.5455,0.43,0.2239,62,239,301
15635,2012-10-18,4,1,10,15,0,4,1,2,0.6,0.6061,0.6,0.194,69,284,353
15659,2012-10-19,4,1,10,15,0,5,1,1,0.64,0.6061,0.65,0.2985,93,302,395
15683,2012-10-20,4,1,10,15,0,6,0,1,0.56,0.5303,0.43,0,308,403,711
15707,2012-10-21,4,1,10,15,0,0,0,1,0.56,0.5303,0.35,0.3284,240,383,623
15731,2012-10-22,4,1,10,15,0,1,1,1,0.64,0.6212,0.29,0.1642,74,222,296
15755,2012-10-23,4,1,10,15,0,2,1,1,0.68,0.6364,0.41,0.2239,76,270,346
15779,2012-10-24,4,1,10,15,0,3,1,1,0.7,0.6364,0.39,0.1045,63,245,308
15803,2012-10-25,4,1,10,15,0,4,1,1,0.62,0.6061,0.65,0.1343,63,242,305
15827,2012-10-26,4,1,10,15,0,5,1,2,0.62,0.6061,0.61,0.1045,142,306,448
15851,2012-10-27,4,1,10,15,0,6,0,2,0.56,0.5303,0.6,0.2836,310,401,711
15875,2012-10-28,4,1,10,15,0,0,0,2,0.5,0.4848,0.63,0.4925,76,225,301
15887,2012-10-30,4,1,10,15,0,2,1,3,0.3,0.2879,0.87,0.2537,10,114,124
15911,2012-10-31,4,1,10,15,0,3,1,1,0.42,0.4242,0.54,0.1642,33,197,230
15935,2012-11-01,4,1,11,15,0,4,1,2,0.4,0.4091,0.54,0.1642,35,179,214
15959,2012-11-02,4,1,11,15,0,5,1,2,0.4,0.4091,0.4,0.4179,51,255,306
15983,2012-11-03,4,1,11,15,0,6,0,2,0.36,0.3182,0.46,0.4478,117,331,448
16007,2012-11-04,4,1,11,15,0,0,0,1,0.4,0.4091,0.4,0.2239,149,300,449
16031,2012-11-05,4,1,11,15,0,1,1,1,0.38,0.3939,0.4,0.2836,24,207,231
16055,2012-11-06,4,1,11,15,0,2,1,1,0.34,0.3182,0.46,0.2537,45,227,272
16079,2012-11-07,4,1,11,15,0,3,1,2,0.32,0.303,0.53,0.2985,20,178,198
16102,2012-11-08,4,1,11,15,0,4,1,1,0.44,0.4394,0.18,0.4179,32,201,233
16126,2012-11-09,4,1,11,15,0,5,1,1,0.46,0.4545,0.36,0.2239,78,278,356
16150,2012-11-10,4,1,11,15,0,6,0,1,0.52,0.5,0.45,0,216,351,567
16174,2012-11-11,4,1,11,15,0,0,0,1,0.56,0.5303,0.37,0.2239,304,420,724
16198,2012-11-12,4,1,11,15,1,1,0,1,0.56,0.5303,0.64,0.2537,102,280,382
16222,2012-11-13,4,1,11,15,0,2,1,1,0.4,0.4091,0.4,0.2985,33,184,217
16246,2012-11-14,4,1,11,15,0,3,1,1,0.36,0.3333,0.43,0.2836,32,228,260
16270,2012-11-15,4,1,11,15,0,4,1,2,0.38,0.3939,0.58,0.1642,26,191,217
16294,2012-11-16,4,1,11,15,0,5,1,1,0.42,0.4242,0.38,0.1343,30,237,267
16318,2012-11-17,4,1,11,15,0,6,0,1,0.42,0.4242,0.35,0.2985,175,374,549
16342,2012-11-18,4,1,11,15,0,0,0,1,0.42,0.4242,0.54,0.2836,89,318,407
16366,2012-11-19,4,1,11,15,0,1,1,1,0.44,0.4394,0.54,0.194,44,213,257
16390,2012-11-20,4,1,11,15,0,2,1,2,0.46,0.4545,0.55,0.1045,61,226,287
16414,2012-11-21,4,1,11,15,0,3,1,1,0.46,0.4545,0.36,0.0896,68,381,449
16438,2012-11-22,4,1,11,15,1,4,0,1,0.48,0.4697,0.29,0,132,96,228
16462,2012-11-23,4,1,11,15,0,5,1,1,0.48,0.4697,0.41,0.2537,233,214,447
16486,2012-11-24,4,1,11,15,0,6,0,1,0.3,0.2727,0.36,0.4627,59,139,198
16510,2012-11-25,4,1,11,15,0,0,0,1,0.3,0.2879,0.42,0.2537,36,209,245
16534,2012-11-26,4,1,11,15,0,1,1,1,0.42,0.4242,0.35,0.0896,49,181,230
16558,2012-11-27,4,1,11,15,0,2,1,2,0.3,0.2727,0.75,0.2985,9,146,155
16582,2012-11-28,4,1,11,15,0,3,1,1,0.36,0.3333,0.32,0.3284,7,172,179
16605,2012-11-29,4,1,11,15,0,4,1,1,0.36,0.3333,0.43,0.2836,19,201,220
16629,2012-11-30,4,1,11,15,0,5,1,2,0.42,0.4242,0.38,0.1045,34,262,296
16653,2012-12-01,4,1,12,15,0,6,0,2,0.4,0.4091,0.62,0,113,371,484
16677,2012-12-02,4,1,12,15,0,0,0,1,0.44,0.4394,0.67,0.1343,106,311,417
16701,2012-12-03,4,1,12,15,0,1,1,1,0.6,0.6212,0.56,0,58,210,268
16725,2012-12-04,4,1,12,15,0,2,1,2,0.6,0.6212,0.49,0.2537,56,244,300
16749,2012-12-05,4,1,12,15,0,3,1,1,0.48,0.4697,0.33,0.2836,20,265,285
16773,2012-12-06,4,1,12,15,0,4,1,1,0.32,0.3485,0.39,0,38,232,270
16797,2012-12-07,4,1,12,15,0,5,1,2,0.36,0.3485,0.71,0.1642,34,269,303
16821,2012-12-08,4,1,12,15,0,6,0,1,0.42,0.4242,0.82,0.1642,167,374,541
16845,2012-12-09,4,1,12,15,0,0,0,3,0.36,0.3485,0.93,0.1642,25,200,225
16869,2012-12-10,4,1,12,15,0,1,1,2,0.5,0.4848,0.87,0.1642,29,207,236
16893,2012-12-11,4,1,12,15,0,2,1,2,0.38,0.3939,0.5,0.2239,20,250,270
16917,2012-12-12,4,1,12,15,0,3,1,2,0.34,0.3485,0.46,0.1045,21,207,228
16941,2012-12-13,4,1,12,15,0,4,1,1,0.36,0.3485,0.34,0.1343,40,240,280
16965,2012-12-14,4,1,12,15,0,5,1,1,0.4,0.4091,0.47,0.1642,57,252,309
16989,2012-12-15,4,1,12,15,0,6,0,1,0.42,0.4242,0.47,0,95,352,447
17013,2012-12-16,4,1,12,15,0,0,0,2,0.38,0.3939,0.82,0.1045,46,292,338
17037,2012-12-17,4,1,12,15,0,1,1,2,0.42,0.4242,0.88,0,15,196,211
17061,2012-12-18,4,1,12,15,0,2,1,1,0.46,0.4545,0.44,0.4925,28,218,246
17085,2012-12-19,4,1,12,15,0,3,1,1,0.42,0.4242,0.5,0.2836,28,209,237
17109,2012-12-20,4,1,12,15,0,4,1,2,0.34,0.3333,0.57,0.194,33,216,249
17133,2012-12-21,1,1,12,15,0,5,1,2,0.3,0.2727,0.42,0.3881,29,234,263
17157,2012-12-22,1,1,12,15,0,6,0,1,0.32,0.2727,0.33,0.5821,14,139,153
17181,2012-12-23,1,1,12,15,0,0,0,1,0.34,0.3333,0.34,0.1343,39,98,137
17204,2012-12-24,1,1,12,15,0,1,1,3,0.24,0.2273,0.87,0.2239,6,27,33
17227,2012-12-25,1,1,12,15,1,2,0,1,0.36,0.3333,0.5,0.2537,51,56,107
17251,2012-12-26,1,1,12,15,0,3,1,3,0.26,0.2273,0.87,0.3582,0,13,13
17275,2012-12-27,1,1,12,15,0,4,1,2,0.26,0.2121,0.56,0.4478,31,89,120
17299,2012-12-28,1,1,12,15,0,5,1,2,0.3,0.3182,0.49,0,74,151,225
17323,2012-12-29,1,1,12,15,0,6,0,2,0.24,0.2424,0.87,0,19,110,129
17347,2012-12-30,1,1,12,15,0,0,0,1,0.28,0.2576,0.38,0.3284,37,101,138
17371,2012-12-31,1,1,12,15,0,1,1,2,0.28,0.2879,0.45,0.1343,69,246,315
