17,2011-01-01,1,0,1,16,0,6,0,2,0.42,0.4242,0.82,0.2985,41,52,93
40,2011-01-02,1,0,1,16,0,0,0,3,0.34,0.3333,0.71,0.1642,9,67,76
62,2011-01-03,1,0,1,16,0,1,1,1,0.26,0.2424,0.3,0.2537,9,67,76
85,2011-01-04,1,0,1,16,0,2,1,1,0.3,0.2879,0.49,0.2537,15,68,83
108,2011-01-05,1,0,1,16,0,3,1,1,0.3,0.3182,0.28,0.0896,4,85,89
131,2011-01-06,1,0,1,16,0,4,1,1,0.26,0.2576,0.38,0.1642,12,74,86
154,2011-01-07,1,0,1,16,0,5,1,2,0.2,0.2121,0.37,0.1642,5,82,87
178,2011-01-08,1,0,1,16,0,6,0,1,0.18,0.1364,0.29,0.4478,8,68,76
202,2011-01-09,1,0,1,16,0,0,0,1,0.2,0.1667,0.34,0.4478,13,79,92
226,2011-01-10,1,0,1,16,0,1,1,1,0.2,0.2121,0.4,0.1343,4,70,74
248,2011-01-11,1,0,1,16,0,2,1,2,0.16,0.1515,0.86,0.2239,4,72,76
270,2011-01-12,1,0,1,16,0,3,1,1,0.22,0.197,0.44,0.3284,5,63,68
294,2011-01-13,1,0,1,16,0,4,1,1,0.24,0.2121,0.38,0.3582,2,76,78
317,2011-01-14,1,0,1,16,0,5,1,1,0.22,0.2424,0.41,0.1045,3,87,90
341,2011-01-15,1,0,1,16,0,6,0,2,0.34,0.3333,0.34,0.194,33,95,128
365,2011-01-16,1,0,1,16,0,0,0,1,0.24,0.2273,0.38,0.2239,22,77,99
389,2011-01-17,1,0,1,16,1,1,0,2,0.2,0.2121,0.47,0.1642,6,76,82
401,2011-01-18,1,0,1,16,0,2,1,2,0.22,0.2273,0.87,0.194,0,61,61
424,2011-01-19,1,0,1,16,0,3,1,1,0.38,0.3939,0.58,0.3881,10,94,104
448,2011-01-20,1,0,1,16,0,4,1,2,0.3,0.303,0.49,0.1343,8,83,91
472,2011-01-21,1,0,1,16,0,5,1,1,0.16,0.1364,0.26,0.3582,0,97,97
495,2011-01-22,1,0,1,16,0,6,0,1,0.12,0.1364,0.28,0.194,11,72,83
518,2011-01-23,1,0,1,16,0,0,0,1,0.16,0.1364,0.26,0.3284,9,56,65
541,2011-01-24,1,0,1,16,0,1,1,1,0.16,0.1515,0.47,0.2537,4,66,70
564,2011-01-25,1,0,1,16,0,2,1,2,0.32,0.3485,0.42,0,14,102,116
586,2011-01-26,1,0,1,16,0,3,1,4,0.22,0.197,0.93,0.3284,1,35,36
588,2011-01-27,1,0,1,16,0,4,1,1,0.22,0.2273,0.55,0.194,1,23,24
611,2011-01-28,1,0,1,16,0,5,1,1,0.22,0.2727,0.8,0,10,70,80
634,2011-01-29,1,0,1,16,0,6,0,1,0.24,0.2424,0.6,0.1642,19,88,107
657,2011-01-30,1,0,1,16,0,0,0,1,0.3,0.3333,0.56,0,19,104,123
681,2011-01-31,1,0,1,16,0,1,1,2,0.16,0.1818,0.56,0.194,3,83,86
704,2011-02-01,1,0,2,16,0,2,1,2,0.24,0.2424,0.75,0.1343,3,61,64
728,2011-02-02,1,0,2,16,0,3,1,1,0.36,0.3333,0.71,0.2985,8,95,103
751,2011-02-03,1,0,2,16,0,4,1,1,0.22,0.2121,0.37,0.2537,5,73,78
774,2011-02-04,1,0,2,16,0,5,1,2,0.3,0.2879,0.42,0.2239,8,91,99
798,2011-02-05,1,0,2,16,0,6,0,3,0.22,0.2273,1,0.1343,8,63,71
822,2011-02-06,1,0,2,16,0,0,0,1,0.34,0.3485,0.49,0.1045,42,115,157
846,2011-02-07,1,0,2,16,0,1,1,2,0.36,0.3485,0.57,0.1343,16,98,114
870,2011-02-08,1,0,2,16,0,2,1,1,0.22,0.1818,0.35,0.5224,4,79,83
893,2011-02-09,1,0,2,16,0,3,1,2,0.2,0.197,0.37,0.2537,7,72,79
916,2011-02-10,1,0,2,16,0,4,1,1,0.2,0.1818,0.27,0.2985,4,76,80
938,2011-02-11,1,0,2,16,0,5,1,1,0.3,0.2879,0.28,0.194,14,111,125
962,2011-02-12,1,0,2,16,0,6,0,1,0.34,0.303,0.29,0.4179,42,103,145
985,2011-02-13,1,0,2,16,0,0,0,2,0.42,0.4242,0.28,0.3284,28,106,134
1009,2011-02-14,1,0,2,16,0,1,1,1,0.52,0.5,0.27,0.4627,16,102,118
1032,2011-02-15,1,0,2,16,0,2,1,1,0.34,0.3182,0.19,0.2537,21,77,98
1055,2011-02-16,1,0,2,16,0,3,1,1,0.46,0.4545,0.31,0.3881,26,96,122
1079,2011-02-17,1,0,2,16,0,4,1,2,0.56,0.5303,0.35,0.2985,29,117,146
1103,2011-02-18,1,0,2,16,0,5,1,1,0.66,0.6212,0.36,0.2836,68,164,232
1127,2011-02-19,1,0,2,16,0,6,0,1,0.44,0.4394,0.16,0.6418,39,81,120
1150,2011-02-20,1,0,2,16,0,0,0,1,0.36,0.3636,0.29,0.0896,59,88,147
1174,2011-02-21,1,0,2,16,1,1,0,3,0.28,0.2424,0.75,0.4179,8,48,56
1192,2011-02-22,1,0,2,16,0,2,1,1,0.22,0.2273,0.51,0.1642,7,79,86
1215,2011-02-23,1,0,2,16,0,3,1,1,0.34,0.3636,0.25,0,15,79,94
1238,2011-02-24,1,0,2,16,0,4,1,3,0.38,0.3939,0.62,0.2836,4,67,71
1261,2011-02-25,1,0,2,16,0,5,1,1,0.32,0.2879,0.49,0.4627,11,91,102
1285,2011-02-26,1,0,2,16,0,6,0,1,0.36,0.3333,0.46,0.2836,41,130,171
1308,2011-02-27,1,0,2,16,0,0,0,1,0.48,0.4697,0.44,0.1642,98,170,268
1330,2011-02-28,1,0,2,16,0,1,1,3,0.42,0.4242,1,0.1343,2,40,42
1354,2011-03-01,1,0,3,16,0,2,1,1,0.34,0.3485,0.34,0.0896,10,92,102
1378,2011-03-02,1,0,3,16,0,3,1,1,0.54,0.5152,0.19,0.3284,27,112,139
1402,2011-03-03,1,0,3,16,0,4,1,1,0.26,0.303,0.23,0,6,65,71
1426,2011-03-04,1,0,3,16,0,5,1,1,0.36,0.3485,0.46,0.194,17,101,118
1450,2011-03-05,1,0,3,16,0,6,0,2,0.48,0.4697,0.59,0.2985,74,130,204
1473,2011-03-06,1,0,3,16,0,0,0,3,0.36,0.3333,1,0.2836,3,8,11
1496,2011-03-07,1,0,3,16,0,1,1,1,0.34,0.303,0.31,0.3582,26,96,122
1520,2011-03-08,1,0,3,16,0,2,1,1,0.38,0.3939,0.27,0.1642,26,82,108
1544,2011-03-09,1,0,3,16,0,3,1,2,0.34,0.303,0.76,0.3284,10,102,112
1566,2011-03-10,1,0,3,16,0,4,1,3,0.42,0.4242,0,0.2537,1,20,21
1589,2011-03-11,1,0,3,16,0,5,1,2,0.34,0.303,0.49,0.2985,18,95,113
1613,2011-03-12,1,0,3,16,0,6,0,1,0.46,0.4545,0.41,0.4478,100,144,244
1636,2011-03-13,1,0,3,16,0,0,0,1,0.46,0.4545,0.41,0.3881,124,132,256
1659,2011-03-14,1,0,3,16,0,1,1,1,0.4,0.4091,0.35,0.1045,27,80,107
1682,2011-03-15,1,0,3,16,0,2,1,2,0.38,0.3939,0.46,0.3284,21,93,114
1705,2011-03-16,1,0,3,16,0,3,1,2,0.4,0.4091,0.76,0.1642,30,121,151
1729,2011-03-17,1,0,3,16,0,4,1,1,0.5,0.4848,0.48,0.2836,34,108,142
1752,2011-03-18,1,0,3,16,0,5,1,1,0.68,0.6364,0.39,0.2836,67,137,204
1776,2011-03-19,1,0,3,16,0,6,0,1,0.5,0.4848,0.31,0.3881,175,129,304
1800,2011-03-20,1,0,3,16,0,0,0,1,0.42,0.4242,0.32,0,92,132,224
1823,2011-03-21,2,0,3,16,0,1,1,2,0.54,0.5152,0.64,0.2836,29,112,141
1847,2011-03-22,2,0,3,16,0,2,1,1,0.5,0.4848,0.42,0.1045,40,125,165
1870,2011-03-23,2,0,3,16,0,3,1,2,0.4,0.4091,0.76,0.2239,13,123,136
1894,2011-03-24,2,0,3,16,0,4,1,2,0.3,0.2879,0.65,0.2239,6,78,84
1918,2011-03-25,2,0,3,16,0,5,1,2,0.34,0.303,0.34,0.2985,23,127,150
1942,2011-03-26,2,0,3,16,0,6,0,1,0.34,0.3333,0.23,0.194,118,130,248
1965,2011-03-27,2,0,3,16,0,0,0,1,0.34,0.3333,0.34,0,45,98,143
1988,2011-03-28,2,0,3,16,0,1,1,1,0.34,0.3182,0.23,0.2239,15,117,132
2012,2011-03-29,2,0,3,16,0,2,1,1,0.38,0.3939,0.22,0.1642,12,124,136
2036,2011-03-30,2,0,3,16,0,3,1,3,0.28,0.2727,0.87,0.2537,0,36,36
2060,2011-03-31,2,0,3,16,0,4,1,2,0.3,0.2879,0.87,0.2537,13,72,85
2084,2011-04-01,2,0,4,16,0,5,1,1,0.34,0.303,0.46,0.4179,42,125,167
2108,2011-04-02,2,0,4,16,0,6,0,1,0.38,0.3939,0.62,0.3284,111,85,196
2132,2011-04-03,2,0,4,16,0,0,0,2,0.46,0.4545,0.31,0.194,147,156,303
2156,2011-04-04,2,0,4,16,0,1,1,1,0.76,0.6515,0.22,0.5224,59,130,189
2180,2011-04-05,2,0,4,16,0,2,1,1,0.38,0.3939,0.46,0.4179,17,113,130
2204,2011-04-06,2,0,4,16,0,3,1,1,0.54,0.5152,0.28,0.4179,27,142,169
2228,2011-04-07,2,0,4,16,0,4,1,1,0.6,0.6212,0.35,0,52,161,213
2252,2011-04-08,2,0,4,16,0,5,1,2,0.32,0.303,0.93,0.2537,2,58,60
2276,2011-04-09,2,0,4,16,0,6,0,2,0.38,0.3939,0.82,0,73,118,191
2300,2011-04-10,2,0,4,16,0,0,0,2,0.52,0.5,0.72,0.1642,135,153,288
2323,2011-04-11,2,0,4,16,0,1,1,1,0.74,0.6667,0.48,0.5224,73,162,235
2347,2011-04-12,2,0,4,16,0,2,1,2,0.48,0.4697,0.77,0.3881,19,80,99
2371,2011-04-13,2,0,4,16,0,3,1,1,0.46,0.4545,0.67,0.2836,23,119,142
2395,2011-04-14,2,0,4,16,0,4,1,1,0.6,0.6061,0.26,0.1045,49,153,202
2419,2011-04-15,2,0,4,16,1,5,0,1,0.52,0.5,0.55,0.4925,70,173,243
2443,2011-04-16,2,0,4,16,0,6,0,3,0.5,0.4848,0.88,0.4627,6,27,33
2467,2011-04-17,2,0,4,16,0,0,0,1,0.54,0.5152,0.3,0.3582,161,182,343
2491,2011-04-18,2,0,4,16,0,1,1,1,0.6,0.6212,0.46,0.2836,40,165,205
2515,2011-04-19,2,0,4,16,0,2,1,1,0.56,0.5303,0.52,0.2985,30,162,192
2539,2011-04-20,2,0,4,16,0,3,1,2,0.76,0.6667,0.35,0.3582,54,201,255
2563,2011-04-21,2,0,4,16,0,4,1,1,0.52,0.5,0.27,0.3582,66,228,294
2587,2011-04-22,2,0,4,16,0,5,1,3,0.34,0.3333,0.87,0.1343,4,58,62
2611,2011-04-23,2,0,4,16,0,6,0,1,0.6,0.5909,0.73,0.2836,180,246,426
2635,2011-04-24,2,0,4,16,0,0,0,1,0.74,0.6667,0.48,0.3881,162,197,359
2659,2011-04-25,2,0,4,16,0,1,1,1,0.7,0.6515,0.54,0.3582,41,198,239
2683,2011-04-26,2,0,4,16,0,2,1,1,0.7,0.6515,0.58,0.3881,40,251,291
2707,2011-04-27,2,0,4,16,0,3,1,1,0.7,0.6515,0.7,0.3881,29,189,218
2731,2011-04-28,2,0,4,16,0,4,1,1,0.62,0.5909,0.78,0.2537,42,228,270
2755,2011-04-29,2,0,4,16,0,5,1,2,0.54,0.5152,0.42,0.3582,59,240,299
2779,2011-04-30,2,0,4,16,0,6,0,1,0.58,0.5455,0.37,0.194,191,273,464
2803,2011-05-01,2,0,5,16,0,0,0,2,0.5,0.4848,0.72,0.194,75,139,214
2827,2011-05-02,2,0,5,16,0,1,1,1,0.66,0.6212,0.61,0.2239,49,220,269
2851,2011-05-03,2,0,5,16,0,2,1,1,0.72,0.6667,0.54,0.4627,46,225,271
2875,2011-05-04,2,0,5,16,0,3,1,1,0.5,0.4848,0.45,0.4627,22,173,195
2899,2011-05-05,2,0,5,16,0,4,1,1,0.58,0.5455,0.24,0.4179,36,233,269
2923,2011-05-06,2,0,5,16,0,5,1,1,0.6,0.6212,0.4,0.2537,82,262,344
2947,2011-05-07,2,0,5,16,0,6,0,1,0.6,0.6212,0.38,0.194,119,223,342
2971,2011-05-08,2,0,5,16,0,0,0,1,0.6,0.6212,0.46,0.1045,122,263,385
2995,2011-05-09,2,0,5,16,0,1,1,1,0.64,0.6212,0.38,0.2239,49,255,304
3019,2011-05-10,2,0,5,16,0,2,1,1,0.66,0.6212,0.31,0.1045,56,271,327
3043,2011-05-11,2,0,5,16,0,3,1,1,0.66,0.6212,0.39,0,49,240,289
3067,2011-05-12,2,0,5,16,0,4,1,2,0.64,0.6212,0.57,0.2537,50,238,288
3091,2011-05-13,2,0,5,16,0,5,1,2,0.52,0.5,0.88,0.1343,44,256,300
3115,2011-05-14,2,0,5,16,0,6,0,2,0.54,0.5152,0.94,0.194,107,188,295
3139,2011-05-15,2,0,5,16,0,0,0,1,0.64,0.6061,0.69,0.2537,158,282,440
3163,2011-05-16,2,0,5,16,0,1,1,3,0.6,0.5758,0.78,0.2537,45,181,226
3187,2011-05-17,2,0,5,16,0,2,1,1,0.62,0.6061,0.61,0.3284,73,217,290
3211,2011-05-18,2,0,5,16,0,3,1,1,0.6,0.5909,0.73,0.194,53,241,294
3235,2011-05-19,2,0,5,16,0,4,1,1,0.58,0.5455,0.64,0.194,55,247,302
3259,2011-05-20,2,0,5,16,0,5,1,2,0.6,0.6212,0.53,0.1642,61,269,330
3283,2011-05-21,2,0,5,16,0,6,0,2,0.72,0.6515,0.39,0.2537,204,267,471
3307,2011-05-22,2,0,5,16,0,0,0,1,0.68,0.6364,0.61,0.1343,72,201,273
3331,2011-05-23,2,0,5,16,0,1,1,2,0.72,0.6818,0.62,0.2985,56,223,279
3355,2011-05-24,2,0,5,16,0,2,1,1,0.66,0.6212,0.69,0.194,52,225,277
3379,2011-05-25,2,0,5,16,0,3,1,1,0.74,0.6667,0.51,0.2836,61,238,299
3403,2011-05-26,2,0,5,16,0,4,1,2,0.8,0.7424,0.49,0.3582,58,233,291
3427,2011-05-27,2,0,5,16,0,5,1,2,0.76,0.697,0.55,0.3881,63,356,419
3451,2011-05-28,2,0,5,16,0,6,0,1,0.76,0.697,0.55,0.2836,201,201,402
3475,2011-05-29,2,0,5,16,0,0,0,1,0.74,0.697,0.7,0.2836,194,167,361
3499,2011-05-30,2,0,5,16,1,1,0,1,0.88,0.7879,0.37,0.2836,101,208,309
3523,2011-05-31,2,0,5,16,0,2,1,1,0.9,0.8333,0.39,0.1343,44,205,249
3547,2011-06-01,2,0,6,16,0,3,1,1,0.86,0.803,0.47,0.2985,39,227,266
3571,2011-06-02,2,0,6,16,0,4,1,1,0.8,0.6818,0.22,0.4925,63,255,318
3595,2011-06-03,2,0,6,16,0,5,1,1,0.72,0.6364,0.26,0.3284,63,286,349
3619,2011-06-04,2,0,6,16,0,6,0,2,0.72,0.6515,0.3,0.1343,168,272,440
3643,2011-06-05,2,0,6,16,0,0,0,1,0.72,0.6667,0.51,0.0896,138,260,398
3667,2011-06-06,2,0,6,16,0,1,1,1,0.76,0.6667,0.33,0.1343,34,233,267
3691,2011-06-07,2,0,6,16,0,2,1,1,0.8,0.7121,0.38,0.2239,55,253,308
3715,2011-06-08,2,0,6,16,0,3,1,1,0.92,0.8788,0.4,0.2239,34,199,233
3739,2011-06-09,2,0,6,16,0,4,1,1,0.92,0.8333,0.33,0.1343,30,170,200
3763,2011-06-10,2,0,6,16,0,5,1,1,0.82,0.7879,0.56,0.2985,46,239,285
3787,2011-06-11,2,0,6,16,0,6,0,2,0.8,0.7273,0.46,0.194,169,225,394
3811,2011-06-12,2,0,6,16,0,0,0,3,0.68,0.6364,0.83,0.2836,115,235,350
3835,2011-06-13,2,0,6,16,0,1,1,1,0.7,0.6364,0.37,0.4179,64,262,326
3859,2011-06-14,2,0,6,16,0,2,1,1,0.68,0.6364,0.41,0.194,51,279,330
3883,2011-06-15,2,0,6,16,0,3,1,1,0.76,0.6667,0.27,0.1343,47,265,312
3907,2011-06-16,2,0,6,16,0,4,1,3,0.66,0.6212,0.69,0.194,36,258,294
3931,2011-06-17,2,0,6,16,0,5,1,1,0.76,0.6818,0.45,0.1642,69,286,355
3955,2011-06-18,2,0,6,16,0,6,0,2,0.76,0.697,0.52,0.2239,193,275,468
3979,2011-06-19,2,0,6,16,0,0,0,2,0.76,0.6818,0.48,0,121,257,378
4003,2011-06-20,2,0,6,16,0,1,1,1,0.7,0.6515,0.58,0.1642,61,238,299
4027,2011-06-21,3,0,6,16,0,2,1,1,0.8,0.7727,0.59,0.2239,62,273,335
4051,2011-06-22,3,0,6,16,0,3,1,2,0.82,0.803,0.59,0.3284,34,224,258
4075,2011-06-23,3,0,6,16,0,4,1,2,0.74,0.6818,0.62,0.2985,58,217,275
4099,2011-06-24,3,0,6,16,0,5,1,1,0.8,0.697,0.33,0.4179,80,247,327
4123,2011-06-25,3,0,6,16,0,6,0,1,0.76,0.6818,0.43,0.2985,175,235,410
4147,2011-06-26,3,0,6,16,0,0,0,1,0.74,0.6667,0.42,0.194,177,278,455
4171,2011-06-27,3,0,6,16,0,1,1,1,0.74,0.6818,0.55,0.1045,53,222,275
4195,2011-06-28,3,0,6,16,0,2,1,1,0.86,0.803,0.47,0.2836,41,220,261
4219,2011-06-29,3,0,6,16,0,3,1,1,0.82,0.7121,0.3,0.4179,60,268,328
4243,2011-06-30,3,0,6,16,0,4,1,1,0.8,0.697,0.26,0.1343,63,260,323
4267,2011-07-01,3,0,7,16,0,5,1,1,0.82,0.697,0.17,0,85,342,427
4291,2011-07-02,3,0,7,16,0,6,0,1,0.88,0.7424,0.22,0.2239,206,192,398
4315,2011-07-03,3,0,7,16,0,0,0,1,0.84,0.803,0.53,0.2985,195,219,414
4339,2011-07-04,3,0,7,16,1,1,0,1,0.82,0.7424,0.41,0,236,216,452
4363,2011-07-05,3,0,7,16,0,2,1,1,0.82,0.7576,0.46,0.1045,79,202,281
4387,2011-07-06,3,0,7,16,0,3,1,1,0.76,0.7273,0.7,0.2537,57,218,275
4411,2011-07-07,3,0,7,16,0,4,1,1,0.86,0.7727,0.39,0.2239,47,218,265
4435,2011-07-08,3,0,7,16,0,5,1,3,0.68,0.6364,0.83,0.4478,27,105,132
4459,2011-07-09,3,0,7,16,0,6,0,1,0.82,0.7273,0.38,0,171,245,416
4483,2011-07-10,3,0,7,16,0,0,0,1,0.84,0.7576,0.41,0.2836,128,244,372
4507,2011-07-11,3,0,7,16,0,1,1,1,0.86,0.8485,0.56,0.3881,57,182,239
4531,2011-07-12,3,0,7,16,0,2,1,1,0.86,0.7879,0.44,0.2836,25,177,202
4555,2011-07-13,3,0,7,16,0,3,1,2,0.66,0.5909,0.89,0,23,118,141
4579,2011-07-14,3,0,7,16,0,4,1,1,0.76,0.6667,0.33,0.1343,43,231,274
4603,2011-07-15,3,0,7,16,0,5,1,1,0.72,0.6667,0.51,0.194,96,265,361
4627,2011-07-16,3,0,7,16,0,6,0,1,0.76,0.6818,0.45,0.2836,183,242,425
4651,2011-07-17,3,0,7,16,0,0,0,1,0.8,0.7273,0.46,0.2985,129,188,317
4675,2011-07-18,3,0,7,16,0,1,1,1,0.84,0.803,0.53,0.2836,45,220,265
4699,2011-07-19,3,0,7,16,0,2,1,1,0.9,0.8485,0.42,0.2985,61,216,277
4723,2011-07-20,3,0,7,16,0,3,1,1,0.84,0.8182,0.56,0,30,204,234
4747,2011-07-21,3,0,7,16,0,4,1,1,0.92,0.9242,0.48,0.2836,43,167,210
4771,2011-07-22,3,0,7,16,0,5,1,3,0.9,0.8333,0.39,0.2985,29,153,182
4795,2011-07-23,3,0,7,16,0,6,0,1,0.94,0.8788,0.38,0.1343,70,151,221
4819,2011-07-24,3,0,7,16,0,0,0,1,0.9,0.8485,0.42,0.2537,62,187,249
4843,2011-07-25,3,0,7,16,0,1,1,1,0.7,0.6667,0.84,0.2239,37,161,198
4867,2011-07-26,3,0,7,16,0,2,1,1,0.86,0.7576,0.36,0.2836,41,213,254
4891,2011-07-27,3,0,7,16,0,3,1,1,0.86,0.7273,0.25,0.1642,40,228,268
4915,2011-07-28,3,0,7,16,0,4,1,1,0.86,0.803,0.47,0.1642,42,214,256
4939,2011-07-29,3,0,7,16,0,5,1,1,0.96,0.8636,0.3,0.3881,35,198,233
4963,2011-07-30,3,0,7,16,0,6,0,1,0.9,0.7879,0.27,0.2239,126,176,302
4987,2011-07-31,3,0,7,16,0,0,0,1,0.92,0.7727,0.17,0.2836,98,208,306
5011,2011-08-01,3,0,8,16,0,1,1,1,0.9,0.7879,0.27,0,34,197,231
5035,2011-08-02,3,0,8,16,0,2,1,1,0.9,0.7727,0.25,0.2836,58,216,274
5059,2011-08-03,3,0,8,16,0,3,1,3,0.68,0.6364,0.79,0,21,129,150
5083,2011-08-04,3,0,8,16,0,4,1,1,0.76,0.7121,0.62,0.3284,70,220,290
5107,2011-08-05,3,0,8,16,0,5,1,1,0.8,0.7424,0.49,0.2537,76,254,330
5131,2011-08-06,3,0,8,16,0,6,0,3,0.74,0.7121,0.79,0.1642,155,188,343
5155,2011-08-07,3,0,8,16,0,0,0,3,0.72,0.697,0.74,0.2985,74,119,193
5179,2011-08-08,3,0,8,16,0,1,1,1,0.86,0.7727,0.39,0.2836,64,218,282
5203,2011-08-09,3,0,8,16,0,2,1,1,0.86,0.7727,0.39,0.2985,57,228,285
5227,2011-08-10,3,0,8,16,0,3,1,1,0.86,0.7424,0.26,0.2985,76,206,282
5251,2011-08-11,3,0,8,16,0,4,1,1,0.8,0.697,0.27,0.194,57,241,298
5275,2011-08-12,3,0,8,16,0,5,1,1,0.82,0.7121,0.28,0,68,266,334
5299,2011-08-13,3,0,8,16,0,6,0,2,0.7,0.6667,0.74,0.2836,148,133,281
5323,2011-08-14,3,0,8,16,0,0,0,1,0.74,0.697,0.66,0.1642,116,176,292
5347,2011-08-15,3,0,8,16,0,1,1,1,0.74,0.6818,0.55,0.3284,58,225,283
5371,2011-08-16,3,0,8,16,0,2,1,1,0.8,0.7121,0.41,0.2239,55,248,303
5395,2011-08-17,3,0,8,16,0,3,1,1,0.82,0.7424,0.43,0.2239,62,238,300
5419,2011-08-18,3,0,8,16,0,4,1,1,0.8,0.7273,0.46,0.3582,49,196,245
5443,2011-08-19,3,0,8,16,0,5,1,1,0.8,0.7424,0.49,0,66,261,327
5467,2011-08-20,3,0,8,16,0,6,0,1,0.8,0.7273,0.46,0.194,151,222,373
5491,2011-08-21,3,0,8,16,0,0,0,1,0.72,0.697,0.79,0.1642,97,161,258
5515,2011-08-22,3,0,8,16,0,1,1,1,0.74,0.6515,0.3,0.3881,66,254,320
5539,2011-08-23,3,0,8,16,0,2,1,1,0.72,0.6515,0.32,0.1343,133,311,444
5563,2011-08-24,3,0,8,16,0,3,1,1,0.76,0.697,0.52,0.4179,49,222,271
5587,2011-08-25,3,0,8,16,0,4,1,1,0.72,0.7121,0.84,0,16,105,121
5611,2011-08-26,3,0,8,16,0,5,1,1,0.78,0.7424,0.62,0.1045,50,293,343
5635,2011-08-27,3,0,8,16,0,6,0,3,0.64,0.5758,0.89,0.5224,10,14,24
5646,2011-08-28,3,0,8,16,0,0,0,1,0.8,0.7121,0.36,0.3881,196,295,491
5670,2011-08-29,3,0,8,16,0,1,1,1,0.72,0.6515,0.42,0.1642,56,226,282
5694,2011-08-30,3,0,8,16,0,2,1,1,0.74,0.6515,0.37,0.1642,42,295,337
5718,2011-08-31,3,0,8,16,0,3,1,1,0.74,0.6667,0.42,0.1343,46,263,309
5742,2011-09-01,3,0,9,16,0,4,1,1,0.74,0.6667,0.51,0.194,55,253,308
5766,2011-09-02,3,0,9,16,0,5,1,2,0.7,0.6515,0.61,0.1343,82,299,381
5790,2011-09-03,3,0,9,16,0,6,0,1,0.72,0.6818,0.7,0.194,186,188,374
5814,2011-09-04,3,0,9,16,0,0,0,1,0.8,0.7727,0.59,0.2239,196,141,337
5838,2011-09-05,3,0,9,16,1,1,0,2,0.68,0.6364,0.79,0.2836,92,192,284
5861,2011-09-06,3,0,9,16,0,2,1,3,0.54,0.5152,0.94,0.3881,11,95,106
5885,2011-09-07,3,0,9,16,0,3,1,1,0.64,0.5758,0.89,0,7,137,144
5908,2011-09-08,3,0,9,16,0,4,1,3,0.64,0.5606,0.94,0.2836,5,151,156
5932,2011-09-09,3,0,9,16,0,5,1,1,0.74,0.697,0.66,0.1343,41,244,285
5956,2011-09-10,3,0,9,16,0,6,0,1,0.74,0.6818,0.55,0.194,170,261,431
5980,2011-09-11,3,0,9,16,0,0,0,1,0.72,0.6667,0.51,0.2985,180,303,483
6003,2011-09-12,3,0,9,16,0,1,1,1,0.72,0.6667,0.48,0,60,238,298
6027,2011-09-13,3,0,9,16,0,2,1,1,0.74,0.6667,0.51,0.2239,41,251,292
6051,2011-09-14,3,0,9,16,0,3,1,1,0.76,0.697,0.52,0.2836,36,241,277
6075,2011-09-15,3,0,9,16,0,4,1,2,0.54,0.5152,0.77,0.4627,29,193,222
6099,2011-09-16,3,0,9,16,0,5,1,2,0.52,0.5,0.48,0.1642,67,291,358
6123,2011-09-17,3,0,9,16,0,6,0,1,0.54,0.5152,0.68,0.2537,116,189,305
6147,2011-09-18,3,0,9,16,0,0,0,2,0.56,0.5303,0.64,0.1642,134,235,369
6171,2011-09-19,3,0,9,16,0,1,1,2,0.6,0.6061,0.6,0.1642,55,208,263
6195,2011-09-20,3,0,9,16,0,2,1,2,0.6,0.5606,0.83,0.1642,23,241,264
6219,2011-09-21,3,0,9,16,0,3,1,2,0.66,0.6212,0.74,0.1045,51,230,281
6243,2011-09-22,3,0,9,16,0,4,1,2,0.68,0.6364,0.74,0.1343,39,262,301
6267,2011-09-23,4,0,9,16,0,5,1,3,0.62,0.5455,0.94,0,5,51,56
6291,2011-09-24,4,0,9,16,0,6,0,2,0.64,0.5909,0.78,0.0896,167,282,449
6315,2011-09-25,4,0,9,16,0,0,0,1,0.7,0.6515,0.7,0,144,320,464
6339,2011-09-26,4,0,9,16,0,1,1,1,0.7,0.6515,0.65,0.1642,74,239,313
6363,2011-09-27,4,0,9,16,0,2,1,2,0.66,0.6061,0.83,0.194,33,225,258
6387,2011-09-28,4,0,9,16,0,3,1,1,0.7,0.6515,0.7,0.194,39,241,280
6411,2011-09-29,4,0,9,16,0,4,1,1,0.68,0.6364,0.41,0.3582,64,227,291
6435,2011-09-30,4,0,9,16,0,5,1,1,0.62,0.6212,0.53,0.2239,62,298,360
6459,2011-10-01,4,0,10,16,0,6,0,2,0.4,0.4091,0.76,0.2985,58,165,223
6483,2011-10-02,4,0,10,16,0,0,0,3,0.36,0.3485,0.87,0.194,44,162,206
6507,2011-10-03,4,0,10,16,0,1,1,2,0.4,0.4091,0.76,0.1045,16,202,218
6531,2011-10-04,4,0,10,16,0,2,1,1,0.58,0.5455,0.56,0.3284,36,273,309
6555,2011-10-05,4,0,10,16,0,3,1,1,0.64,0.6212,0.47,0.3284,37,245,282
6579,2011-10-06,4,0,10,16,0,4,1,1,0.58,0.5455,0.49,0.194,51,272,323
6603,2011-10-07,4,0,10,16,0,5,1,1,0.64,0.6212,0.44,0,73,346,419
6627,2011-10-08,4,0,10,16,0,6,0,1,0.64,0.6212,0.44,0.0896,221,230,451
6651,2011-10-09,4,0,10,16,0,0,0,1,0.66,0.6212,0.5,0.1343,223,247,470
6675,2011-10-10,4,0,10,16,1,1,0,2,0.7,0.6364,0.45,0.0896,154,248,402
6699,2011-10-11,4,0,10,16,0,2,1,2,0.6,0.5909,0.73,0.1642,63,257,320
6723,2011-10-12,4,0,10,16,0,3,1,2,0.56,0.5303,0.88,0.2239,5,50,55
6747,2011-10-13,4,0,10,16,0,4,1,1,0.66,0.6212,0.74,0.2239,36,240,276
6771,2011-10-14,4,0,10,16,0,5,1,1,0.6,0.6212,0.43,0.2239,80,264,344
6795,2011-10-15,4,0,10,16,0,6,0,1,0.62,0.6212,0.29,0.3881,179,264,443
6819,2011-10-16,4,0,10,16,0,0,0,1,0.6,0.6212,0.46,0.3881,177,289,466
6843,2011-10-17,4,0,10,16,0,1,1,1,0.58,0.5455,0.56,0.2537,64,238,302
6867,2011-10-18,4,0,10,16,0,2,1,1,0.62,0.6212,0.57,0.2537,58,246,304
6890,2011-10-19,4,0,10,16,0,3,1,3,0.56,0.5303,0.94,0.1642,21,180,201
6914,2011-10-20,4,0,10,16,0,4,1,2,0.48,0.4697,0.51,0.4478,31,203,234
6938,2011-10-21,4,0,10,16,0,5,1,1,0.5,0.4848,0.45,0.2537,60,242,302
6962,2011-10-22,4,0,10,16,0,6,0,1,0.5,0.4848,0.45,0.194,169,190,359
6986,2011-10-23,4,0,10,16,0,0,0,1,0.52,0.5,0.55,0.194,188,217,405
7010,2011-10-24,4,0,10,16,0,1,1,1,0.54,0.5152,0.64,0.194,68,242,310
7034,2011-10-25,4,0,10,16,0,2,1,1,0.56,0.5303,0.37,0.194,52,233,285
7058,2011-10-26,4,0,10,16,0,3,1,2,0.52,0.5,0.77,0.0896,17,196,213
7082,2011-10-27,4,0,10,16,0,4,1,2,0.56,0.5303,0.73,0.1642,14,193,207
7106,2011-10-28,4,0,10,16,0,5,1,2,0.36,0.3485,0.46,0.1642,46,262,308
7130,2011-10-29,4,0,10,16,0,6,0,3,0.22,0.197,0.93,0.3284,3,19,22
7154,2011-10-30,4,0,10,16,0,0,0,1,0.42,0.4242,0.32,0.1343,107,213,320
7178,2011-10-31,4,0,10,16,0,1,1,1,0.42,0.4242,0.54,0.1642,30,242,272
7202,2011-11-01,4,0,11,16,0,2,1,1,0.48,0.4697,0.44,0.1642,46,252,298
7226,2011-11-02,4,0,11,16,0,3,1,1,0.48,0.4697,0.51,0.1045,35,231,266
7250,2011-11-03,4,0,11,16,0,4,1,1,0.52,0.5,0.48,0.194,33,234,267
7274,2011-11-04,4,0,11,16,0,5,1,1,0.46,0.4545,0.36,0.3881,53,237,290
7298,2011-11-05,4,0,11,16,0,6,0,1,0.4,0.4091,0.4,0.2239,128,207,335
7322,2011-11-06,4,0,11,16,0,0,0,1,0.46,0.4545,0.55,0.2239,84,263,347
7346,2011-11-07,4,0,11,16,0,1,1,1,0.52,0.5,0.45,0,40,255,295
7370,2011-11-08,4,0,11,16,0,2,1,1,0.56,0.5303,0.46,0.1343,39,250,289
7394,2011-11-09,4,0,11,16,0,3,1,1,0.52,0.5,0.48,0.194,24,257,281
7418,2011-11-10,4,0,11,16,0,4,1,3,0.36,0.3485,0.81,0.2239,6,67,73
7442,2011-11-11,4,0,11,16,1,5,0,1,0.36,0.3333,0.34,0.3284,49,189,238
7466,2011-11-12,4,0,11,16,0,6,0,1,0.52,0.5,0.32,0.2537,137,224,361
7490,2011-11-13,4,0,11,16,0,0,0,2,0.54,0.5152,0.28,0.3881,93,226,319
7514,2011-11-14,4,0,11,16,0,1,1,1,0.62,0.6212,0.46,0.4179,51,264,315
7538,2011-11-15,4,0,11,16,0,2,1,2,0.52,0.5,0.68,0.1343,31,240,271
7562,2011-11-16,4,0,11,16,0,3,1,3,0.48,0.4697,0.94,0.1045,13,110,123
7586,2011-11-17,4,0,11,16,0,4,1,1,0.32,0.2879,0.39,0.4179,8,187,195
7610,2011-11-18,4,0,11,16,0,5,1,1,0.34,0.3333,0.29,0.1343,19,190,209
7634,2011-11-19,4,0,11,16,0,6,0,1,0.42,0.4242,0.38,0.2985,99,188,287
7658,2011-11-20,4,0,11,16,0,0,0,2,0.52,0.5,0.63,0.1343,81,225,306
7682,2011-11-21,4,0,11,16,0,1,1,3,0.44,0.4394,0.94,0.2239,13,95,108
7706,2011-11-22,4,0,11,16,0,2,1,3,0.44,0.4394,0.94,0,3,59,62
7730,2011-11-23,4,0,11,16,0,3,1,2,0.4,0.4091,0.62,0.4627,4,169,173
7754,2011-11-24,4,0,11,16,1,4,0,1,0.5,0.4848,0.34,0.2836,48,66,114
7778,2011-11-25,4,0,11,16,0,5,1,1,0.5,0.4848,0.39,0.1642,122,139,261
7802,2011-11-26,4,0,11,16,0,6,0,2,0.46,0.4545,0.47,0.1343,137,138,275
7826,2011-11-27,4,0,11,16,0,0,0,1,0.56,0.5303,0.52,0.2537,94,229,323
7849,2011-11-28,4,0,11,16,0,1,1,1,0.56,0.5303,0.6,0.194,24,240,264
7873,2011-11-29,4,0,11,16,0,2,1,3,0.4,0.4091,0.87,0.2239,5,146,151
7897,2011-11-30,4,0,11,16,0,3,1,1,0.36,0.3333,0.46,0.2836,27,199,226
7921,2011-12-01,4,0,12,16,0,4,1,1,0.4,0.4091,0.4,0.194,9,192,201
7945,2011-12-02,4,0,12,16,0,5,1,1,0.42,0.4242,0.41,0.0896,22,254,276
7969,2011-12-03,4,0,12,16,0,6,0,1,0.38,0.3939,0.46,0,75,230,305
7993,2011-12-04,4,0,12,16,0,0,0,1,0.42,0.4242,0.58,0.2239,64,266,330
8017,2011-12-05,4,0,12,16,0,1,1,1,0.5,0.4848,0.63,0.0896,10,238,248
8041,2011-12-06,4,0,12,16,0,2,1,3,0.46,0.4545,1,0.2537,4,84,88
8065,2011-12-07,4,0,12,16,0,3,1,3,0.42,0.4242,0.94,0.194,3,28,31
8089,2011-12-08,4,0,12,16,0,4,1,1,0.32,0.3182,0.45,0.194,7,201,208
8113,2011-12-09,4,0,12,16,0,5,1,1,0.36,0.3485,0.62,0.1343,24,226,250
8137,2011-12-10,4,0,12,16,0,6,0,1,0.32,0.2879,0.31,0.3881,58,183,241
8161,2011-12-11,4,0,12,16,0,0,0,1,0.3,0.3333,0.26,0,32,174,206
8185,2011-12-12,4,0,12,16,0,1,1,2,0.32,0.3333,0.57,0.0896,5,209,214
8209,2011-12-13,4,0,12,16,0,2,1,1,0.38,0.3939,0.37,0.2537,13,194,207
8233,2011-12-14,4,0,12,16,0,3,1,2,0.38,0.3939,0.54,0.1045,12,233,245
8257,2011-12-15,4,0,12,16,0,4,1,3,0.46,0.4545,0.72,0.1642,7,124,131
8281,2011-12-16,4,0,12,16,0,5,1,2,0.32,0.303,0.45,0.2239,12,212,224
8305,2011-12-17,4,0,12,16,0,6,0,1,0.28,0.2727,0.45,0.2239,30,192,222
8329,2011-12-18,4,0,12,16,0,0,0,1,0.28,0.2727,0.48,0.2537,27,207,234
8353,2011-12-19,4,0,12,16,0,1,1,1,0.4,0.4091,0.4,0.2537,19,189,208
8377,2011-12-20,4,0,12,16,0,2,1,1,0.44,0.4394,0.54,0,20,218,238
8401,2011-12-21,1,0,12,16,0,3,1,3,0.44,0.4394,1,0.3284,6,95,101
8425,2011-12-22,1,0,12,16,0,4,1,2,0.46,0.4545,0.63,0,30,226,256
8449,2011-12-23,1,0,12,16,0,5,1,1,0.38,0.3939,0.5,0.2985,15,166,181
8473,2011-12-24,1,0,12,16,0,6,0,1,0.32,0.3182,0.42,0.194,25,74,99
8496,2011-12-25,1,0,12,16,0,0,0,1,0.36,0.3636,0.57,0.1045,35,51,86
8519,2011-12-26,1,0,12,16,1,1,0,1,0.36,0.3333,0.43,0.2836,28,69,97
8543,2011-12-27,1,0,12,16,0,2,1,3,0.44,0.4394,0.88,0.3284,2,44,46
8566,2011-12-28,1,0,12,16,0,3,1,1,0.3,0.2727,0.36,0.4179,23,144,167
8590,2011-12-29,1,0,12,16,0,4,1,1,0.3,0.303,0.52,0.1642,22,155,177
8614,2011-12-30,1,0,12,16,0,5,1,1,0.42,0.4242,0.47,0.194,36,247,283
8638,2011-12-31,1,0,12,16,0,6,0,1,0.44,0.4394,0.51,0.3881,52,143,195
8662,2012-01-01,1,1,1,16,0,0,0,2,0.44,0.4394,0.54,0.2985,68,147,215
8685,2012-01-02,1,1,1,16,1,1,0,1,0.26,0.2273,0.35,0.4179,10,144,154
8709,2012-01-03,1,1,1,16,0,2,1,1,0.14,0.0909,0.39,0.5821,7,129,136
8733,2012-01-04,1,1,1,16,0,3,1,2,0.18,0.1667,0.4,0.2836,8,123,131
8757,2012-01-05,1,1,1,16,0,4,1,1,0.36,0.3333,0.34,0.2836,19,178,197
8781,2012-01-06,1,1,1,16,0,5,1,1,0.52,0.5,0.27,0.2836,35,259,294
8805,2012-01-07,1,1,1,16,0,6,0,2,0.56,0.5303,0.37,0.2836,133,268,401
8829,2012-01-08,1,1,1,16,0,0,0,1,0.4,0.4091,0.37,0.2985,58,256,314
8853,2012-01-09,1,1,1,16,0,1,1,3,0.22,0.2576,0.87,0.0896,3,46,49
8876,2012-01-10,1,1,1,16,0,2,1,1,0.42,0.4242,0.38,0.3582,15,225,240
8900,2012-01-11,1,1,1,16,0,3,1,2,0.34,0.3182,0.87,0.2537,6,112,118
8924,2012-01-12,1,1,1,16,0,4,1,1,0.46,0.4545,0.67,0.194,33,248,281
8948,2012-01-13,1,1,1,16,0,5,1,1,0.28,0.2424,0.3,0.4627,18,215,233
8972,2012-01-14,1,1,1,16,0,6,0,1,0.24,0.2273,0.38,0.2239,28,178,206
8996,2012-01-15,1,1,1,16,0,0,0,1,0.22,0.2121,0.29,0.2985,31,174,205
9020,2012-01-16,1,1,1,16,1,1,0,1,0.26,0.2273,0.44,0.3582,22,158,180
9043,2012-01-17,1,1,1,16,0,2,1,1,0.46,0.4545,0.63,0.5522,14,205,219
9067,2012-01-18,1,1,1,16,0,3,1,1,0.28,0.2273,0.3,0.5224,13,163,176
9091,2012-01-19,1,1,1,16,0,4,1,1,0.26,0.2273,0.41,0.3284,8,185,193
9115,2012-01-20,1,1,1,16,0,5,1,2,0.2,0.2121,0.37,0.1642,11,163,174
9139,2012-01-21,1,1,1,16,0,6,0,2,0.2,0.1818,0.8,0.2985,5,113,118
9163,2012-01-22,1,1,1,16,0,0,0,2,0.16,0.1515,0.8,0.194,12,143,155
9187,2012-01-23,1,1,1,16,0,1,1,2,0.24,0.2424,0.93,0.1642,14,108,122
9211,2012-01-24,1,1,1,16,0,2,1,1,0.4,0.4091,0.71,0.1343,35,243,278
9235,2012-01-25,1,1,1,16,0,3,1,1,0.34,0.3333,0.53,0.1642,29,217,246
9259,2012-01-26,1,1,1,16,0,4,1,2,0.4,0.4091,0.71,0.0896,15,209,224
9283,2012-01-27,1,1,1,16,0,5,1,1,0.44,0.4394,0.51,0.5522,26,241,267
9307,2012-01-28,1,1,1,16,0,6,0,1,0.42,0.4242,0.44,0.3582,131,276,407
9331,2012-01-29,1,1,1,16,0,0,0,1,0.36,0.3333,0.21,0.4179,54,268,322
9355,2012-01-30,1,1,1,16,0,1,1,1,0.34,0.3333,0.25,0.194,11,210,221
9379,2012-01-31,1,1,1,16,0,2,1,1,0.54,0.5152,0.26,0.4478,30,277,307
9403,2012-02-01,1,1,2,16,0,3,1,1,0.6,0.6212,0.4,0.2239,22,261,283
9427,2012-02-02,1,1,2,16,0,4,1,1,0.46,0.4545,0.55,0.2836,18,211,229
9451,2012-02-03,1,1,2,16,0,5,1,1,0.4,0.4091,0.37,0.1045,36,275,311
9475,2012-02-04,1,1,2,16,0,6,0,2,0.34,0.3333,0.61,0.1642,20,123,143
9499,2012-02-05,1,1,2,16,0,0,0,1,0.3,0.2879,0.56,0.2239,35,261,296
9522,2012-02-06,1,1,2,16,0,1,1,1,0.4,0.4091,0.43,0.2537,13,215,228
9546,2012-02-07,1,1,2,16,0,2,1,1,0.44,0.4394,0.35,0.2537,19,257,276
9570,2012-02-08,1,1,2,16,0,3,1,3,0.26,0.2727,0.81,0.1045,2,73,75
9594,2012-02-09,1,1,2,16,0,4,1,1,0.34,0.3333,0.36,0,15,223,238
9618,2012-02-10,1,1,2,16,0,5,1,2,0.34,0.3182,0.42,0.2537,28,240,268
9642,2012-02-11,1,1,2,16,0,6,0,3,0.22,0.197,0.75,0.4179,12,134,146
9666,2012-02-12,1,1,2,16,0,0,0,1,0.2,0.1667,0.34,0.4627,16,148,164
9690,2012-02-13,1,1,2,16,0,1,1,1,0.36,0.3485,0.23,0.194,5,206,211
9714,2012-02-14,1,1,2,16,0,2,1,1,0.42,0.4242,0.35,0.2985,15,251,266
9738,2012-02-15,1,1,2,16,0,3,1,1,0.42,0.4242,0.38,0.194,9,222,231
9762,2012-02-16,1,1,2,16,0,4,1,3,0.34,0.3636,0.81,0,8,110,118
9786,2012-02-17,1,1,2,16,0,5,1,1,0.42,0.4242,0.32,0.2985,56,251,307
9810,2012-02-18,1,1,2,16,0,6,0,1,0.44,0.4394,0.44,0.3284,186,218,404
9834,2012-02-19,1,1,2,16,0,0,0,2,0.32,0.303,0.45,0.2836,62,150,212
9857,2012-02-20,1,1,2,16,1,1,0,1,0.36,0.3788,0.29,0.1045,64,216,280
9880,2012-02-21,1,1,2,16,0,2,1,1,0.36,0.3333,0.46,0.4179,14,240,254
9904,2012-02-22,1,1,2,16,0,3,1,1,0.52,0.5,0.29,0.4627,30,268,298
9928,2012-02-23,1,1,2,16,0,4,1,1,0.56,0.5303,0.32,0,45,298,343
9952,2012-02-24,1,1,2,16,0,5,1,3,0.4,0.4091,0.87,0.194,12,166,178
9976,2012-02-25,1,1,2,16,0,6,0,1,0.32,0.2727,0.26,0.5821,32,163,195
10000,2012-02-26,1,1,2,16,0,0,0,1,0.36,0.3333,0.32,0.2537,64,275,339
10024,2012-02-27,1,1,2,16,0,1,1,1,0.54,0.5152,0.26,0.4478,20,266,286
10048,2012-02-28,1,1,2,16,0,2,1,1,0.42,0.4242,0.28,0.0896,17,270,287
10071,2012-02-29,1,1,2,16,0,3,1,3,0.4,0.4091,0.82,0.2239,5,162,167
10095,2012-03-01,1,1,3,16,0,4,1,1,0.58,0.5455,0.32,0.2985,38,323,361
10119,2012-03-02,1,1,3,16,0,5,1,3,0.4,0.4091,0.58,0.2985,1,49,50
10143,2012-03-03,1,1,3,16,0,6,0,1,0.5,0.4848,0.27,0.2985,167,300,467
10167,2012-03-04,1,1,3,16,0,0,0,1,0.36,0.3182,0.29,0.4925,68,231,299
10191,2012-03-05,1,1,3,16,0,1,1,1,0.3,0.2727,0.45,0.2985,30,180,210
10215,2012-03-06,1,1,3,16,0,2,1,1,0.36,0.3333,0.32,0.2836,22,228,250
10239,2012-03-07,1,1,3,16,0,3,1,1,0.56,0.5303,0.37,0.4179,34,254,288
10263,2012-03-08,1,1,3,16,0,4,1,2,0.62,0.6212,0.41,0.6418,37,305,342
10287,2012-03-09,1,1,3,16,0,5,1,1,0.48,0.4697,0.23,0.4179,51,292,343
10311,2012-03-10,1,1,3,16,0,6,0,1,0.36,0.3636,0.23,0,115,275,390
10334,2012-03-11,1,1,3,16,0,0,0,1,0.5,0.4848,0.31,0.3582,208,301,509
10358,2012-03-12,1,1,3,16,0,1,1,1,0.62,0.6212,0.35,0.4478,77,255,332
10382,2012-03-13,1,1,3,16,0,2,1,1,0.72,0.6515,0.34,0.3881,53,312,365
10406,2012-03-14,1,1,3,16,0,3,1,1,0.72,0.6364,0.25,0.194,78,278,356
10430,2012-03-15,1,1,3,16,0,4,1,1,0.72,0.6515,0.37,0.3881,95,331,426
10454,2012-03-16,1,1,3,16,0,5,1,3,0.48,0.4697,0.77,0,18,111,129
10478,2012-03-17,1,1,3,16,0,6,0,1,0.64,0.6212,0.5,0,367,318,685
10502,2012-03-18,1,1,3,16,0,0,0,1,0.54,0.5152,0.73,0.0896,229,312,541
10526,2012-03-19,1,1,3,16,0,1,1,1,0.66,0.6212,0.5,0.2239,65,320,385
10550,2012-03-20,1,1,3,16,0,2,1,1,0.62,0.6061,0.66,0.2239,99,332,431
10574,2012-03-21,2,1,3,16,0,3,1,1,0.58,0.5455,0.73,0,91,287,378
10598,2012-03-22,2,1,3,16,0,4,1,1,0.64,0.6061,0.65,0.194,125,300,425
10622,2012-03-23,2,1,3,16,0,5,1,2,0.72,0.6515,0.42,0.1642,219,370,589
10646,2012-03-24,2,1,3,16,0,6,0,3,0.5,0.4848,0.94,0.2985,49,128,177
10670,2012-03-25,2,1,3,16,0,0,0,1,0.48,0.4697,0.77,0,153,339,492
10694,2012-03-26,2,1,3,16,0,1,1,1,0.48,0.4697,0.25,0.6418,60,245,305
10718,2012-03-27,2,1,3,16,0,2,1,1,0.42,0.4242,0.2,0,38,267,305
10742,2012-03-28,2,1,3,16,0,3,1,3,0.62,0.6212,0.43,0.0896,51,170,221
10766,2012-03-29,2,1,3,16,0,4,1,1,0.52,0.5,0.36,0.3284,67,321,388
10790,2012-03-30,2,1,3,16,0,5,1,3,0.4,0.4091,0.62,0.2836,75,292,367
10814,2012-03-31,2,1,3,16,0,6,0,2,0.5,0.4848,0.63,0.2985,243,292,535
10838,2012-04-01,2,1,4,16,0,0,0,1,0.52,0.5,0.52,0.2537,236,275,511
10861,2012-04-02,2,1,4,16,0,1,1,1,0.5,0.4848,0.34,0.3284,104,291,395
10885,2012-04-03,2,1,4,16,0,2,1,1,0.62,0.6061,0.21,0.1642,145,340,485
10909,2012-04-04,2,1,4,16,0,3,1,2,0.64,0.6212,0.44,0.2836,86,304,390
10933,2012-04-05,2,1,4,16,0,4,1,1,0.5,0.4848,0.31,0.194,84,318,402
10957,2012-04-06,2,1,4,16,0,5,1,1,0.5,0.4848,0.22,0.4179,184,352,536
10981,2012-04-07,2,1,4,16,0,6,0,1,0.54,0.5152,0.19,0.3881,354,261,615
11005,2012-04-08,2,1,4,16,0,0,0,1,0.64,0.6061,0.19,0.3284,232,244,476
11029,2012-04-09,2,1,4,16,0,1,1,1,0.56,0.5303,0.3,0.4179,81,310,391
11053,2012-04-10,2,1,4,16,0,2,1,1,0.58,0.5455,0.21,0.2537,66,296,362
11076,2012-04-11,2,1,4,16,0,3,1,1,0.44,0.4394,0.33,0.2985,51,256,307
11100,2012-04-12,2,1,4,16,0,4,1,1,0.48,0.4697,0.31,0.2836,54,299,353
11124,2012-04-13,2,1,4,16,0,5,1,1,0.56,0.5303,0.26,0.2537,113,350,463
11148,2012-04-14,2,1,4,16,0,6,0,2,0.64,0.6212,0.27,0.3582,253,329,582
11172,2012-04-15,2,1,4,16,0,0,0,1,0.72,0.6515,0.39,0.3582,286,330,616
11196,2012-04-16,2,1,4,16,1,1,0,1,0.8,0.697,0.33,0.4627,92,266,358
11220,2012-04-17,2,1,4,16,0,2,1,1,0.68,0.6212,0.22,0.3582,50,320,370
11244,2012-04-18,2,1,4,16,0,3,1,2,0.42,0.4242,0.77,0.2239,36,199,235
11268,2012-04-19,2,1,4,16,0,4,1,1,0.62,0.6212,0.41,0.1045,63,324,387
11292,2012-04-20,2,1,4,16,0,5,1,1,0.66,0.6212,0.44,0.194,151,429,580
11316,2012-04-21,2,1,4,16,0,6,0,1,0.7,0.6364,0.42,0.3284,267,372,639
11340,2012-04-22,2,1,4,16,0,0,0,3,0.38,0.3939,0.87,0.4478,4,32,36
11364,2012-04-23,2,1,4,16,0,1,1,3,0.3,0.2727,0.81,0.3582,10,93,103
11388,2012-04-24,2,1,4,16,0,2,1,1,0.5,0.4848,0.23,0.194,54,308,362
11412,2012-04-25,2,1,4,16,0,3,1,1,0.6,0.5909,0.2,0.3284,49,327,376
11436,2012-04-26,2,1,4,16,0,4,1,2,0.52,0.5,0.83,0.2239,37,281,318
11460,2012-04-27,2,1,4,16,0,5,1,1,0.52,0.5,0.29,0.2537,105,335,440
11484,2012-04-28,2,1,4,16,0,6,0,2,0.44,0.4394,0.38,0.194,132,244,376
11508,2012-04-29,2,1,4,16,0,0,0,1,0.6,0.6061,0.28,0.194,240,347,587
11532,2012-04-30,2,1,4,16,0,1,1,1,0.56,0.5303,0.6,0.194,44,303,347
11556,2012-05-01,2,1,5,16,0,2,1,1,0.74,0.6667,0.45,0.194,41,313,354
11580,2012-05-02,2,1,5,16,0,3,1,1,0.64,0.6061,0.65,0.1642,54,313,367
11604,2012-05-03,2,1,5,16,0,4,1,1,0.68,0.6364,0.57,0.1642,45,325,370
11628,2012-05-04,2,1,5,16,0,5,1,1,0.76,0.6818,0.48,0.1642,82,358,440
11652,2012-05-05,2,1,5,16,0,6,0,2,0.68,0.6364,0.65,0.3881,230,310,540
11676,2012-05-06,2,1,5,16,0,0,0,2,0.62,0.6061,0.61,0,181,363,544
11700,2012-05-07,2,1,5,16,0,1,1,2,0.6,0.6212,0.53,0.3881,68,320,388
11724,2012-05-08,2,1,5,16,0,2,1,3,0.64,0.6061,0.73,0.2239,54,335,389
11748,2012-05-09,2,1,5,16,0,3,1,2,0.66,0.6212,0.5,0.194,68,289,357
11772,2012-05-10,2,1,5,16,0,4,1,1,0.58,0.5455,0.3,0.4627,87,334,421
11796,2012-05-11,2,1,5,16,0,5,1,1,0.62,0.6061,0.25,0.3284,128,397,525
11820,2012-05-12,2,1,5,16,0,6,0,2,0.7,0.6364,0.21,0.194,254,337,591
11844,2012-05-13,2,1,5,16,0,0,0,1,0.72,0.6515,0.42,0.2537,225,339,564
11868,2012-05-14,2,1,5,16,0,1,1,3,0.62,0.6061,0.69,0.2836,20,91,111
11892,2012-05-15,2,1,5,16,0,2,1,1,0.68,0.6364,0.65,0.1642,74,300,374
11916,2012-05-16,2,1,5,16,0,3,1,1,0.72,0.6515,0.45,0.1045,70,376,446
11940,2012-05-17,2,1,5,16,0,4,1,1,0.66,0.6212,0.31,0.194,86,344,430
11964,2012-05-18,2,1,5,16,0,5,1,1,0.66,0.6212,0.34,0.2537,151,417,568
11988,2012-05-19,2,1,5,16,0,6,0,1,0.74,0.6515,0.3,0.1045,331,311,642
12012,2012-05-20,2,1,5,16,0,0,0,1,0.72,0.6515,0.42,0.3582,238,339,577
12036,2012-05-21,2,1,5,16,0,1,1,2,0.64,0.6061,0.73,0.2537,46,269,315
12060,2012-05-22,2,1,5,16,0,2,1,1,0.68,0.6364,0.61,0.1045,70,316,386
12084,2012-05-23,2,1,5,16,0,3,1,3,0.7,0.6515,0.61,0.0896,62,216,278
12108,2012-05-24,2,1,5,16,0,4,1,1,0.74,0.6818,0.55,0.3582,61,329,390
12132,2012-05-25,2,1,5,16,0,5,1,1,0.78,0.7121,0.52,0.2239,137,447,584
12156,2012-05-26,2,1,5,16,0,6,0,1,0.78,0.7273,0.55,0.2537,261,243,504
12180,2012-05-27,2,1,5,16,0,0,0,1,0.78,0.7121,0.52,0.2836,258,243,501
12204,2012-05-28,2,1,5,16,1,1,0,1,0.82,0.7879,0.56,0.3284,223,278,501
12228,2012-05-29,2,1,5,16,0,2,1,1,0.82,0.7727,0.49,0.4925,73,320,393
12252,2012-05-30,2,1,5,16,0,3,1,1,0.72,0.6667,0.51,0.1642,46,352,398
12276,2012-05-31,2,1,5,16,0,4,1,1,0.76,0.6667,0.33,0.2836,103,384,487
12300,2012-06-01,2,1,6,16,0,5,1,3,0.74,0.6818,0.58,0.4478,36,186,222
12324,2012-06-02,2,1,6,16,0,6,0,1,0.64,0.6212,0.38,0.2537,275,369,644
12348,2012-06-03,2,1,6,16,0,0,0,1,0.7,0.6364,0.34,0.2985,226,436,662
12372,2012-06-04,2,1,6,16,0,1,1,1,0.66,0.6212,0.39,0.4627,73,375,448
12396,2012-06-05,2,1,6,16,0,2,1,1,0.6,0.6212,0.43,0.194,91,382,473
12420,2012-06-06,2,1,6,16,0,3,1,1,0.64,0.6212,0.41,0.1343,107,345,452
12444,2012-06-07,2,1,6,16,0,4,1,1,0.72,0.6515,0.34,0.2239,77,389,466
12468,2012-06-08,2,1,6,16,0,5,1,1,0.76,0.6667,0.29,0.2985,111,412,523
12492,2012-06-09,2,1,6,16,0,6,0,1,0.82,0.697,0.24,0.194,219,315,534
12516,2012-06-10,2,1,6,16,0,0,0,1,0.84,0.7424,0.36,0.2836,173,335,508
12540,2012-06-11,2,1,6,16,0,1,1,2,0.8,0.7121,0.41,0.4179,87,340,427
12564,2012-06-12,2,1,6,16,0,2,1,2,0.66,0.5909,0.89,0.2836,30,209,239
12588,2012-06-13,2,1,6,16,0,3,1,1,0.72,0.6515,0.3,0.4925,72,320,392
12612,2012-06-14,2,1,6,16,0,4,1,1,0.72,0.6667,0.51,0.2836,70,368,438
12636,2012-06-15,2,1,6,16,0,5,1,1,0.72,0.6515,0.37,0.194,132,426,558
12660,2012-06-16,2,1,6,16,0,6,0,2,0.72,0.6515,0.37,0.1045,238,304,542
12684,2012-06-17,2,1,6,16,0,0,0,1,0.66,0.6212,0.54,0.2985,240,340,580
12708,2012-06-18,2,1,6,16,0,1,1,2,0.6,0.5909,0.73,0.194,53,279,332
12732,2012-06-19,2,1,6,16,0,2,1,1,0.8,0.7576,0.55,0.2239,48,286,334
12756,2012-06-20,2,1,6,16,0,3,1,1,0.9,0.8182,0.35,0.1045,51,284,335
12780,2012-06-21,3,1,6,16,0,4,1,1,0.9,0.8182,0.35,0.1343,37,283,320
12804,2012-06-22,3,1,6,16,0,5,1,1,0.9,0.803,0.31,0.2239,67,313,380
12828,2012-06-23,3,1,6,16,0,6,0,1,0.84,0.7121,0.26,0.2985,196,317,513
12852,2012-06-24,3,1,6,16,0,0,0,1,0.84,0.7273,0.3,0.2537,181,280,461
12876,2012-06-25,3,1,6,16,0,1,1,1,0.8,0.697,0.31,0.3881,104,310,414
12900,2012-06-26,3,1,6,16,0,2,1,1,0.72,0.6364,0.26,0.4925,67,349,416
12924,2012-06-27,3,1,6,16,0,3,1,1,0.82,0.697,0.24,0.4478,55,337,392
12948,2012-06-28,3,1,6,16,0,4,1,1,0.88,0.7424,0.23,0.194,56,331,387
12972,2012-06-29,3,1,6,16,0,5,1,1,0.96,0.9091,0.36,0,59,292,351
12996,2012-06-30,3,1,6,16,0,6,0,1,0.9,0.7879,0.29,0.1642,109,264,373
13020,2012-07-01,3,1,7,16,0,0,0,1,0.92,0.8333,0.33,0.2985,85,228,313
13044,2012-07-02,3,1,7,16,0,1,1,1,0.84,0.7424,0.36,0.2836,61,304,365
13068,2012-07-03,3,1,7,16,0,2,1,2,0.9,0.7727,0.24,0.194,90,437,527
13092,2012-07-04,3,1,7,16,1,3,0,1,0.92,0.8485,0.35,0.2537,163,226,389
13116,2012-07-05,3,1,7,16,0,4,1,1,0.92,0.8333,0.33,0.2537,109,324,433
13140,2012-07-06,3,1,7,16,0,5,1,1,0.92,0.8182,0.29,0.1045,69,300,369
13164,2012-07-07,3,1,7,16,0,6,0,1,1,0.8636,0.19,0.1642,102,192,294
13188,2012-07-08,3,1,7,16,0,0,0,2,0.8,0.803,0.66,0.2239,65,226,291
13212,2012-07-09,3,1,7,16,0,1,1,1,0.78,0.697,0.4,0.2836,88,325,413
13236,2012-07-10,3,1,7,16,0,2,1,1,0.8,0.7273,0.43,0.2239,89,346,435
13260,2012-07-11,3,1,7,16,0,3,1,1,0.8,0.7121,0.38,0.194,53,358,411
13284,2012-07-12,3,1,7,16,0,4,1,1,0.8,0.7121,0.36,0.194,69,370,439
13308,2012-07-13,3,1,7,16,0,5,1,2,0.8,0.7121,0.36,0.2239,111,381,492
13332,2012-07-14,3,1,7,16,0,6,0,2,0.72,0.697,0.79,0.3582,226,340,566
13356,2012-07-15,3,1,7,16,0,0,0,1,0.86,0.7879,0.41,0.2239,152,343,495
13380,2012-07-16,3,1,7,16,0,1,1,3,0.76,0.7273,0.66,0.5821,77,309,386
13404,2012-07-17,3,1,7,16,0,2,1,1,0.92,0.8182,0.29,0.1642,64,317,381
13428,2012-07-18,3,1,7,16,0,3,1,1,0.74,0.697,0.66,0.2537,34,190,224
13452,2012-07-19,3,1,7,16,0,4,1,1,0.84,0.7727,0.47,0.0896,70,288,358
13476,2012-07-20,3,1,7,16,0,5,1,2,0.68,0.6364,0.83,0.3284,70,366,436
13500,2012-07-21,3,1,7,16,0,6,0,3,0.6,0.5455,0.88,0.194,130,196,326
13524,2012-07-22,3,1,7,16,0,0,0,1,0.74,0.697,0.66,0.1045,245,383,628
13548,2012-07-23,3,1,7,16,0,1,1,1,0.82,0.7727,0.52,0.1343,111,346,457
13572,2012-07-24,3,1,7,16,0,2,1,1,0.8,0.7576,0.55,0.2985,86,369,455
13596,2012-07-25,3,1,7,16,0,3,1,1,0.8,0.697,0.29,0.1642,91,393,484
13620,2012-07-26,3,1,7,16,0,4,1,1,0.94,0.8788,0.38,0.3881,62,312,374
13644,2012-07-27,3,1,7,16,0,5,1,1,0.84,0.7727,0.47,0.2239,80,419,499
13668,2012-07-28,3,1,7,16,0,6,0,1,0.86,0.7727,0.39,0.2239,208,279,487
13692,2012-07-29,3,1,7,16,0,0,0,1,0.8,0.7273,0.43,0.1343,191,330,521
13716,2012-07-30,3,1,7,16,0,1,1,1,0.8,0.7424,0.49,0.2836,88,337,425
13740,2012-07-31,3,1,7,16,0,2,1,1,0.76,0.7121,0.58,0.2239,66,336,402
13764,2012-08-01,3,1,8,16,0,3,1,1,0.8,0.7576,0.55,0.2836,93,386,479
13788,2012-08-02,3,1,8,16,0,4,1,1,0.82,0.7576,0.46,0.194,71,335,406
13812,2012-08-03,3,1,8,16,0,5,1,2,0.86,0.7879,0.41,0.2239,112,380,492
13836,2012-08-04,3,1,8,16,0,6,0,1,0.9,0.8182,0.39,0.2985,197,253,450
13860,2012-08-05,3,1,8,16,0,0,0,1,0.82,0.7576,0.46,0.2537,143,278,421
13884,2012-08-06,3,1,8,16,0,1,1,1,0.84,0.7576,0.41,0.1045,88,363,451
13908,2012-08-07,3,1,8,16,0,2,1,3,0.76,0.7273,0.66,0.2836,101,344,445
13932,2012-08-08,3,1,8,16,0,3,1,2,0.8,0.7424,0.49,0.2836,113,328,441
13956,2012-08-09,3,1,8,16,0,4,1,1,0.86,0.7727,0.39,0.2537,97,320,417
13980,2012-08-10,3,1,8,16,0,5,1,1,0.78,0.7273,0.55,0.2985,96,371,467
14004,2012-08-11,3,1,8,16,0,6,0,1,0.8,0.7273,0.46,0.2985,227,304,531
14028,2012-08-12,3,1,8,16,0,0,0,1,0.76,0.6818,0.4,0.1045,213,300,513
14052,2012-08-13,3,1,8,16,0,1,1,1,0.8,0.7121,0.36,0.0896,116,348,464
14076,2012-08-14,3,1,8,16,0,2,1,1,0.82,0.7424,0.43,0.2239,95,363,458
14100,2012-08-15,3,1,8,16,0,3,1,1,0.76,0.6818,0.48,0.194,91,340,431
14124,2012-08-16,3,1,8,16,0,4,1,1,0.82,0.7121,0.32,0.2239,79,340,419
14148,2012-08-17,3,1,8,16,0,5,1,2,0.84,0.2424,0.32,0.4478,116,372,488
14172,2012-08-18,3,1,8,16,0,6,0,1,0.76,0.6667,0.37,0.2537,287,354,641
14196,2012-08-19,3,1,8,16,0,0,0,2,0.66,0.6212,0.65,0,97,259,356
14220,2012-08-20,3,1,8,16,0,1,1,1,0.72,0.6667,0.54,0.2537,103,357,460
14244,2012-08-21,3,1,8,16,0,2,1,1,0.76,0.6667,0.37,0,109,358,467
14268,2012-08-22,3,1,8,16,0,3,1,3,0.74,0.6818,0.55,0.2239,102,358,460
14292,2012-08-23,3,1,8,16,0,4,1,1,0.76,0.6818,0.48,0.1642,121,344,465
14316,2012-08-24,3,1,8,16,0,5,1,2,0.76,0.6818,0.48,0.1343,101,414,515
14340,2012-08-25,3,1,8,16,0,6,0,2,0.66,0.6212,0.74,0.2985,174,260,434
14364,2012-08-26,3,1,8,16,0,0,0,3,0.64,0.5758,0.89,0.2836,57,116,173
14388,2012-08-27,3,1,8,16,0,1,1,1,0.8,0.7576,0.55,0.2537,77,367,444
14412,2012-08-28,3,1,8,16,0,2,1,1,0.82,0.7121,0.33,0.3284,84,396,480
14436,2012-08-29,3,1,8,16,0,3,1,1,0.76,0.6667,0.37,0.1343,104,389,493
14460,2012-08-30,3,1,8,16,0,4,1,1,0.8,0.7273,0.43,0.1642,77,405,482
14484,2012-08-31,3,1,8,16,0,5,1,1,0.9,0.7879,0.27,0.2537,111,417,528
14508,2012-09-01,3,1,9,16,0,6,0,2,0.84,0.7879,0.49,0.1642,209,253,462
14532,2012-09-02,3,1,9,16,0,0,0,1,0.74,0.697,0.7,0,222,252,474
14556,2012-09-03,3,1,9,16,1,1,0,1,0.74,0.697,0.7,0.2239,165,335,500
14580,2012-09-04,3,1,9,16,0,2,1,1,0.76,0.7273,0.7,0.4179,61,397,458
14604,2012-09-05,3,1,9,16,0,3,1,1,0.76,0.7273,0.7,0.2537,86,344,430
14628,2012-09-06,3,1,9,16,0,4,1,1,0.74,0.697,0.7,0.2239,42,374,416
14652,2012-09-07,3,1,9,16,0,5,1,1,0.8,0.7576,0.55,0.2836,75,395,470
14676,2012-09-08,3,1,9,16,0,6,0,3,0.56,0.5303,0.88,0.194,19,95,114
14700,2012-09-09,3,1,9,16,0,0,0,1,0.68,0.6364,0.36,0.2836,228,473,701
14724,2012-09-10,3,1,9,16,0,1,1,1,0.66,0.6212,0.34,0.3284,108,380,488
14748,2012-09-11,3,1,9,16,0,2,1,1,0.7,0.6364,0.28,0.1343,99,437,536
14772,2012-09-12,3,1,9,16,0,3,1,1,0.72,0.6515,0.37,0.1642,90,419,509
14796,2012-09-13,3,1,9,16,0,4,1,1,0.72,0.6515,0.39,0.0896,85,406,491
14820,2012-09-14,3,1,9,16,0,5,1,2,0.72,0.6667,0.51,0,109,454,563
14844,2012-09-15,3,1,9,16,0,6,0,2,0.66,0.6212,0.36,0.2239,350,433,783
14868,2012-09-16,3,1,9,16,0,0,0,1,0.64,0.6212,0.44,0.1642,194,402,596
14892,2012-09-17,3,1,9,16,0,1,1,2,0.64,0.6061,0.69,0.2537,74,379,453
14916,2012-09-18,3,1,9,16,0,2,1,3,0.6,0.5455,0.88,0.2985,19,122,141
14940,2012-09-19,3,1,9,16,0,3,1,1,0.62,0.6212,0.35,0,69,397,466
14964,2012-09-20,3,1,9,16,0,4,1,1,0.64,0.6212,0.47,0.1642,72,385,457
14988,2012-09-21,3,1,9,16,0,5,1,1,0.7,0.6515,0.54,0.194,103,464,567
15012,2012-09-22,3,1,9,16,0,6,0,1,0.74,0.6667,0.51,0.3284,253,427,680
15036,2012-09-23,4,1,9,16,0,0,0,1,0.6,0.6212,0.33,0.3284,254,437,691
15060,2012-09-24,4,1,9,16,0,1,1,1,0.58,0.5455,0.3,0.2537,99,417,516
15084,2012-09-25,4,1,9,16,0,2,1,1,0.66,0.6212,0.39,0.2985,59,436,495
15108,2012-09-26,4,1,9,16,0,3,1,1,0.74,0.6667,0.45,0.2836,71,397,468
15132,2012-09-27,4,1,9,16,0,4,1,2,0.72,0.6667,0.58,0.3284,73,399,472
15156,2012-09-28,4,1,9,16,0,5,1,2,0.66,0.6212,0.5,0.2239,83,419,502
15180,2012-09-29,4,1,9,16,0,6,0,1,0.62,0.6212,0.41,0.2537,275,447,722
15204,2012-09-30,4,1,9,16,0,0,0,1,0.64,0.6212,0.36,0.2239,202,446,648
15228,2012-10-01,4,1,10,16,0,1,1,2,0.62,0.6212,0.46,0.2537,51,408,459
15252,2012-10-02,4,1,10,16,0,2,1,3,0.62,0.5606,0.88,0.1343,46,328,374
15276,2012-10-03,4,1,10,16,0,3,1,2,0.72,0.6667,0.58,0,42,436,478
15300,2012-10-04,4,1,10,16,0,4,1,1,0.7,0.6515,0.54,0.2836,86,411,497
15324,2012-10-05,4,1,10,16,0,5,1,1,0.72,0.6515,0.37,0,153,481,634
15348,2012-10-06,4,1,10,16,0,6,0,1,0.6,0.6212,0.43,0.5224,317,342,659
15372,2012-10-07,4,1,10,16,0,0,0,3,0.4,0.4091,0.82,0.1642,87,246,333
15396,2012-10-08,4,1,10,16,1,1,0,3,0.42,0.4242,0.58,0.194,61,316,377
15420,2012-10-09,4,1,10,16,0,2,1,2,0.5,0.4848,0.72,0.1642,70,354,424
15444,2012-10-10,4,1,10,16,0,3,1,1,0.6,0.6212,0.4,0.2239,92,474,566
15468,2012-10-11,4,1,10,16,0,4,1,1,0.5,0.4848,0.36,0.1343,68,413,481
15492,2012-10-12,4,1,10,16,0,5,1,1,0.46,0.4545,0.41,0.3582,108,412,520
15516,2012-10-13,4,1,10,16,0,6,0,1,0.5,0.4848,0.31,0.194,294,343,637
15540,2012-10-14,4,1,10,16,0,0,0,1,0.64,0.6212,0.41,0.2985,203,378,581
15564,2012-10-15,4,1,10,16,0,1,1,1,0.56,0.5303,0.64,0.2985,76,371,447
15588,2012-10-16,4,1,10,16,0,2,1,1,0.54,0.5152,0.39,0.2836,79,367,446
15612,2012-10-17,4,1,10,16,0,3,1,1,0.56,0.5303,0.52,0.194,70,396,466
15636,2012-10-18,4,1,10,16,0,4,1,1,0.6,0.6212,0.56,0.2836,94,356,450
15660,2012-10-19,4,1,10,16,0,5,1,3,0.62,0.6061,0.69,0.3582,131,434,565
15684,2012-10-20,4,1,10,16,0,6,0,1,0.54,0.5152,0.42,0.2836,325,366,691
15708,2012-10-21,4,1,10,16,0,0,0,1,0.54,0.5152,0.37,0.2239,182,409,591
15732,2012-10-22,4,1,10,16,0,1,1,1,0.62,0.6212,0.33,0.1642,80,444,524
15756,2012-10-23,4,1,10,16,0,2,1,1,0.68,0.6364,0.44,0.0896,108,433,541
15780,2012-10-24,4,1,10,16,0,3,1,1,0.74,0.6515,0.33,0.1343,67,465,532
15804,2012-10-25,4,1,10,16,0,4,1,1,0.6,0.5909,0.69,0.1642,92,407,499
15828,2012-10-26,4,1,10,16,0,5,1,2,0.58,0.5455,0.73,0.1642,137,445,582
15852,2012-10-27,4,1,10,16,0,6,0,2,0.56,0.5303,0.64,0.2836,257,355,612
15876,2012-10-28,4,1,10,16,0,0,0,3,0.48,0.4697,0.67,0.4627,42,251,293
15888,2012-10-30,4,1,10,16,0,2,1,3,0.3,0.2879,0.87,0.2537,15,83,98
15912,2012-10-31,4,1,10,16,0,3,1,2,0.42,0.4242,0.54,0.2239,51,373,424
15936,2012-11-01,4,1,11,16,0,4,1,2,0.4,0.4091,0.54,0.1642,31,313,344
15960,2012-11-02,4,1,11,16,0,5,1,1,0.38,0.3939,0.4,0.3284,48,373,421
15984,2012-11-03,4,1,11,16,0,6,0,2,0.36,0.3333,0.46,0.3284,108,292,400
16008,2012-11-04,4,1,11,16,0,0,0,1,0.4,0.4091,0.4,0.3284,119,316,435
16032,2012-11-05,4,1,11,16,0,1,1,1,0.36,0.3333,0.43,0.2836,35,325,360
16056,2012-11-06,4,1,11,16,0,2,1,1,0.34,0.3333,0.46,0.1642,33,369,402
16080,2012-11-07,4,1,11,16,0,3,1,2,0.32,0.2879,0.53,0.3582,23,250,273
16103,2012-11-08,4,1,11,16,0,4,1,1,0.42,0.4242,0.16,0.3881,18,321,339
16127,2012-11-09,4,1,11,16,0,5,1,1,0.46,0.4545,0.38,0.1642,57,377,434
16151,2012-11-10,4,1,11,16,0,6,0,1,0.54,0.5152,0.37,0,227,378,605
16175,2012-11-11,4,1,11,16,0,0,0,1,0.54,0.5152,0.42,0.2239,260,393,653
16199,2012-11-12,4,1,11,16,1,1,0,1,0.56,0.5303,0.64,0.1642,87,347,434
16223,2012-11-13,4,1,11,16,0,2,1,1,0.38,0.3939,0.4,0.2985,28,282,310
16247,2012-11-14,4,1,11,16,0,3,1,1,0.34,0.3485,0.46,0.1045,31,290,321
16271,2012-11-15,4,1,11,16,0,4,1,2,0.36,0.3485,0.57,0.194,24,318,342
16295,2012-11-16,4,1,11,16,0,5,1,1,0.42,0.4242,0.35,0.2836,33,350,383
16319,2012-11-17,4,1,11,16,0,6,0,1,0.4,0.4091,0.4,0.2239,144,325,469
16343,2012-11-18,4,1,11,16,0,0,0,2,0.4,0.4091,0.62,0.3284,59,313,372
16367,2012-11-19,4,1,11,16,0,1,1,1,0.42,0.4242,0.58,0.2537,55,325,380
16391,2012-11-20,4,1,11,16,0,2,1,2,0.42,0.4242,0.62,0.0896,60,335,395
16415,2012-11-21,4,1,11,16,0,3,1,1,0.44,0.4394,0.33,0.1343,59,410,469
16439,2012-11-22,4,1,11,16,1,4,0,1,0.46,0.4545,0.33,0,101,81,182
16463,2012-11-23,4,1,11,16,0,5,1,2,0.48,0.4697,0.41,0.1045,158,199,357
16487,2012-11-24,4,1,11,16,0,6,0,1,0.28,0.2424,0.38,0.4478,43,127,170
16511,2012-11-25,4,1,11,16,0,0,0,1,0.3,0.2879,0.39,0.2239,25,203,228
16535,2012-11-26,4,1,11,16,0,1,1,1,0.44,0.4394,0.3,0,49,297,346
16559,2012-11-27,4,1,11,16,0,2,1,2,0.3,0.2727,0.75,0.2985,5,252,257
16583,2012-11-28,4,1,11,16,0,3,1,1,0.36,0.3333,0.29,0.2537,9,316,325
16606,2012-11-29,4,1,11,16,0,4,1,1,0.36,0.3485,0.4,0.2239,24,346,370
16630,2012-11-30,4,1,11,16,0,5,1,1,0.4,0.4091,0.43,0.1343,37,368,405
16654,2012-12-01,4,1,12,16,0,6,0,2,0.38,0.3939,0.66,0,89,354,443
16678,2012-12-02,4,1,12,16,0,0,0,2,0.44,0.4394,0.67,0.1045,85,358,443
16702,2012-12-03,4,1,12,16,0,1,1,1,0.6,0.6212,0.53,0.1343,45,397,442
16726,2012-12-04,4,1,12,16,0,2,1,1,0.58,0.5455,0.49,0.2836,44,391,435
16750,2012-12-05,4,1,12,16,0,3,1,1,0.46,0.4545,0.33,0.2836,23,354,377
16774,2012-12-06,4,1,12,16,0,4,1,1,0.32,0.3485,0.42,0,39,292,331
16798,2012-12-07,4,1,12,16,0,5,1,1,0.36,0.3485,0.76,0.1343,39,336,375
16822,2012-12-08,4,1,12,16,0,6,0,1,0.42,0.4242,0.82,0.1642,139,368,507
16846,2012-12-09,4,1,12,16,0,0,0,3,0.36,0.3485,0.93,0.1642,33,220,253
16870,2012-12-10,4,1,12,16,0,1,1,2,0.5,0.4848,0.88,0.1045,37,308,345
16894,2012-12-11,4,1,12,16,0,2,1,2,0.38,0.3939,0.5,0.2239,24,334,358
16918,2012-12-12,4,1,12,16,0,3,1,2,0.34,0.3333,0.46,0.1343,19,310,329
16942,2012-12-13,4,1,12,16,0,4,1,1,0.34,0.3485,0.39,0.1045,50,356,406
16966,2012-12-14,4,1,12,16,0,5,1,1,0.38,0.3939,0.54,0.194,45,372,417
16990,2012-12-15,4,1,12,16,0,6,0,1,0.4,0.4091,0.5,0.1343,85,328,413
17014,2012-12-16,4,1,12,16,0,0,0,2,0.38,0.3939,0.82,0.1045,66,334,400
17038,2012-12-17,4,1,12,16,0,1,1,3,0.4,0.4091,0.94,0.2537,15,287,302
17062,2012-12-18,4,1,12,16,0,2,1,1,0.44,0.4394,0.41,0.4627,40,323,363
17086,2012-12-19,4,1,12,16,0,3,1,1,0.42,0.4242,0.5,0.3582,37,297,334
17110,2012-12-20,4,1,12,16,0,4,1,2,0.34,0.303,0.53,0.3284,21,281,302
17134,2012-12-21,1,1,12,16,0,5,1,2,0.3,0.2727,0.39,0.3284,28,253,281
17158,2012-12-22,1,1,12,16,0,6,0,1,0.3,0.2727,0.39,0.4478,23,124,147
17182,2012-12-23,1,1,12,16,0,0,0,1,0.34,0.3333,0.34,0.194,53,137,190
17205,2012-12-24,1,1,12,16,0,1,1,3,0.24,0.2273,0.87,0.2239,6,27,33
17228,2012-12-25,1,1,12,16,1,2,0,2,0.36,0.3333,0.5,0.2537,48,38,86
17252,2012-12-26,1,1,12,16,0,3,1,3,0.26,0.2273,0.87,0.3582,0,13,13
17276,2012-12-27,1,1,12,16,0,4,1,2,0.26,0.2424,0.52,0.2836,23,151,174
17300,2012-12-28,1,1,12,16,0,5,1,1,0.3,0.303,0.49,0.1343,42,208,250
17324,2012-12-29,1,1,12,16,0,6,0,1,0.3,0.2424,0.75,0.1045,22,125,147
17348,2012-12-30,1,1,12,16,0,0,0,1,0.28,0.2424,0.38,0.4179,31,102,133
17372,2012-12-31,1,1,12,16,0,1,1,2,0.26,0.2576,0.48,0.194,30,184,214
