18,2011-01-01,1,0,1,17,0,6,0,2,0.44,0.4394,0.82,0.2836,15,52,67
41,2011-01-02,1,0,1,17,0,0,0,1,0.34,0.3333,0.57,0.194,7,58,65
63,2011-01-03,1,0,1,17,0,1,1,1,0.24,0.2273,0.3,0.2239,11,146,157
86,2011-01-04,1,0,1,17,0,2,1,1,0.28,0.2727,0.48,0.2239,10,202,212
109,2011-01-05,1,0,1,17,0,3,1,1,0.24,0.2273,0.38,0.194,4,186,190
132,2011-01-06,1,0,1,17,0,4,1,1,0.22,0.2273,0.51,0.1642,9,163,172
155,2011-01-07,1,0,1,17,0,5,1,2,0.2,0.2576,0.37,0,9,178,187
179,2011-01-08,1,0,1,17,0,6,0,1,0.16,0.1212,0.37,0.5522,5,64,69
203,2011-01-09,1,0,1,17,0,0,0,1,0.18,0.1515,0.37,0.3881,3,59,62
227,2011-01-10,1,0,1,17,0,1,1,1,0.2,0.2273,0.4,0.1045,4,174,178
249,2011-01-11,1,0,1,17,0,2,1,2,0.16,0.1515,0.86,0.2239,6,130,136
271,2011-01-12,1,0,1,17,0,3,1,1,0.2,0.1818,0.47,0.3582,0,139,139
295,2011-01-13,1,0,1,17,0,4,1,1,0.2,0.1818,0.4,0.2836,4,158,162
318,2011-01-14,1,0,1,17,0,5,1,1,0.22,0.2273,0.41,0.1642,4,155,159
342,2011-01-15,1,0,1,17,0,6,0,2,0.32,0.303,0.36,0.2836,29,54,83
366,2011-01-16,1,0,1,17,0,0,0,1,0.22,0.2121,0.37,0.2537,23,82,105
390,2011-01-17,1,0,1,17,1,1,0,1,0.2,0.197,0.51,0.194,4,67,71
402,2011-01-18,1,0,1,17,0,2,1,2,0.22,0.2273,0.82,0.194,1,124,125
425,2011-01-19,1,0,1,17,0,3,1,1,0.36,0.3333,0.57,0.3284,7,190,197
449,2011-01-20,1,0,1,17,0,4,1,2,0.3,0.3182,0.49,0.1045,8,207,215
473,2011-01-21,1,0,1,17,0,5,1,1,0.14,0.1212,0.28,0.3582,10,151,161
496,2011-01-22,1,0,1,17,0,6,0,1,0.12,0.197,0.28,0,8,59,67
519,2011-01-23,1,0,1,17,0,0,0,1,0.14,0.1061,0.26,0.3881,5,50,55
542,2011-01-24,1,0,1,17,0,1,1,1,0.14,0.1212,0.5,0.2537,6,178,184
565,2011-01-25,1,0,1,17,0,2,1,1,0.3,0.3333,0.45,0,14,208,222
587,2011-01-26,1,0,1,17,0,3,1,3,0.2,0.1818,0.93,0.3582,0,26,26
589,2011-01-27,1,0,1,17,0,4,1,1,0.22,0.2424,0.55,0.1045,2,82,84
612,2011-01-28,1,0,1,17,0,5,1,1,0.24,0.2424,0.75,0.1343,2,147,149
635,2011-01-29,1,0,1,17,0,6,0,1,0.24,0.2879,0.6,0,9,82,91
658,2011-01-30,1,0,1,17,0,0,0,1,0.3,0.2879,0.56,0.194,6,71,77
682,2011-01-31,1,0,1,17,0,1,1,2,0.16,0.1515,0.59,0.194,6,155,161
705,2011-02-01,1,0,2,17,0,2,1,2,0.24,0.2879,0.75,0,4,172,176
729,2011-02-02,1,0,2,17,0,3,1,1,0.36,0.3182,0.53,0.5224,7,183,190
752,2011-02-03,1,0,2,17,0,4,1,1,0.2,0.197,0.4,0.194,5,170,175
775,2011-02-04,1,0,2,17,0,5,1,2,0.26,0.2727,0.56,0.1343,10,195,205
799,2011-02-05,1,0,2,17,0,6,0,2,0.24,0.2121,1,0.2836,14,64,78
823,2011-02-06,1,0,2,17,0,0,0,1,0.34,0.3636,0.46,0,24,97,121
847,2011-02-07,1,0,2,17,0,1,1,2,0.32,0.3182,0.7,0.1642,9,207,216
871,2011-02-08,1,0,2,17,0,2,1,1,0.22,0.1818,0.32,0.5821,4,172,176
894,2011-02-09,1,0,2,17,0,3,1,2,0.2,0.197,0.34,0.2537,9,157,166
917,2011-02-10,1,0,2,17,0,4,1,1,0.18,0.1818,0.26,0.194,6,159,165
939,2011-02-11,1,0,2,17,0,5,1,1,0.3,0.3333,0.24,0,18,193,211
963,2011-02-12,1,0,2,17,0,6,0,1,0.32,0.2879,0.31,0.5224,24,113,137
986,2011-02-13,1,0,2,17,0,0,0,1,0.42,0.4242,0.28,0.3284,30,95,125
1010,2011-02-14,1,0,2,17,0,1,1,1,0.46,0.4545,0.33,0.6119,25,218,243
1033,2011-02-15,1,0,2,17,0,2,1,1,0.32,0.303,0.22,0.2239,15,191,206
1056,2011-02-16,1,0,2,17,0,3,1,1,0.46,0.4545,0.28,0.2836,11,244,255
1080,2011-02-17,1,0,2,17,0,4,1,2,0.58,0.5455,0.32,0.2985,18,256,274
1104,2011-02-18,1,0,2,17,0,5,1,1,0.66,0.6212,0.34,0.3582,52,275,327
1128,2011-02-19,1,0,2,17,0,6,0,1,0.42,0.4242,0.19,0.6119,36,91,127
1151,2011-02-20,1,0,2,17,0,0,0,1,0.34,0.3485,0.33,0.1642,60,86,146
1175,2011-02-21,1,0,2,17,1,1,0,2,0.28,0.2576,0.75,0.3881,18,62,80
1193,2011-02-22,1,0,2,17,0,2,1,1,0.22,0.2121,0.51,0.2239,8,188,196
1216,2011-02-23,1,0,2,17,0,3,1,1,0.34,0.3485,0.25,0.0896,15,207,222
1239,2011-02-24,1,0,2,17,0,4,1,3,0.36,0.3485,0.66,0.194,9,168,177
1262,2011-02-25,1,0,2,17,0,5,1,1,0.32,0.2727,0.49,0.7463,8,181,189
1286,2011-02-26,1,0,2,17,0,6,0,1,0.36,0.3485,0.43,0.2239,53,130,183
1309,2011-02-27,1,0,2,17,0,0,0,1,0.42,0.4242,0.54,0.194,66,121,187
1331,2011-02-28,1,0,2,17,0,1,1,3,0.4,0.4091,1,0.2985,2,77,79
1355,2011-03-01,1,0,3,17,0,2,1,1,0.34,0.3485,0.34,0.0896,12,230,242
1379,2011-03-02,1,0,3,17,0,3,1,1,0.5,0.4848,0.23,0.2836,30,238,268
1403,2011-03-03,1,0,3,17,0,4,1,1,0.26,0.303,0.22,0,17,185,202
1427,2011-03-04,1,0,3,17,0,5,1,2,0.36,0.3333,0.5,0.2537,22,206,228
1451,2011-03-05,1,0,3,17,0,6,0,2,0.48,0.4697,0.59,0.3582,60,104,164
1474,2011-03-06,1,0,3,17,0,0,0,3,0.34,0.303,1,0.2985,2,23,25
1497,2011-03-07,1,0,3,17,0,1,1,1,0.34,0.303,0.29,0.3582,27,206,233
1521,2011-03-08,1,0,3,17,0,2,1,1,0.36,0.3485,0.27,0.2239,39,209,248
1545,2011-03-09,1,0,3,17,0,3,1,2,0.34,0.303,0.76,0.2985,18,176,194
1567,2011-03-10,1,0,3,17,0,4,1,2,0.44,0.4394,0,0.3881,2,109,111
1590,2011-03-11,1,0,3,17,0,5,1,1,0.34,0.3182,0.49,0.2239,23,200,223
1614,2011-03-12,1,0,3,17,0,6,0,1,0.46,0.4545,0.44,0.3284,99,114,213
1637,2011-03-13,1,0,3,17,0,0,0,1,0.44,0.4394,0.41,0.3582,98,143,241
1660,2011-03-14,1,0,3,17,0,1,1,1,0.38,0.3939,0.4,0.194,42,229,271
1683,2011-03-15,1,0,3,17,0,2,1,2,0.36,0.3485,0.62,0.194,22,195,217
1706,2011-03-16,1,0,3,17,0,3,1,2,0.44,0.4394,0.54,0.2985,37,216,253
1730,2011-03-17,1,0,3,17,0,4,1,1,0.5,0.4848,0.42,0.194,48,265,313
1753,2011-03-18,1,0,3,17,0,5,1,1,0.7,0.6364,0.37,0.3284,95,237,332
1777,2011-03-19,1,0,3,17,0,6,0,1,0.48,0.4697,0.31,0.3284,138,140,278
1801,2011-03-20,1,0,3,17,0,0,0,1,0.4,0.4091,0.35,0.2836,83,143,226
1824,2011-03-21,2,0,3,17,0,1,1,2,0.54,0.5152,0.64,0.2537,41,231,272
1848,2011-03-22,2,0,3,17,0,2,1,1,0.5,0.4848,0.42,0.1045,42,265,307
1871,2011-03-23,2,0,3,17,0,3,1,2,0.4,0.4091,0.76,0.2239,28,245,273
1895,2011-03-24,2,0,3,17,0,4,1,2,0.3,0.2879,0.7,0.2239,12,221,233
1919,2011-03-25,2,0,3,17,0,5,1,2,0.32,0.2879,0.36,0.3582,23,202,225
1943,2011-03-26,2,0,3,17,0,6,0,1,0.32,0.303,0.24,0.2239,102,101,203
1966,2011-03-27,2,0,3,17,0,0,0,1,0.32,0.303,0.31,0.2537,50,109,159
1989,2011-03-28,2,0,3,17,0,1,1,1,0.34,0.303,0.23,0.2985,25,227,252
2013,2011-03-29,2,0,3,17,0,2,1,1,0.4,0.4091,0.2,0.1343,34,265,299
2037,2011-03-30,2,0,3,17,0,3,1,3,0.26,0.2727,0.93,0.1045,11,105,116
2061,2011-03-31,2,0,3,17,0,4,1,2,0.3,0.2879,0.87,0.2537,15,153,168
2085,2011-04-01,2,0,4,17,0,5,1,1,0.34,0.303,0.46,0.3284,36,245,281
2109,2011-04-02,2,0,4,17,0,6,0,1,0.38,0.3939,0.54,0.3582,89,95,184
2133,2011-04-03,2,0,4,17,0,0,0,2,0.46,0.4545,0.28,0.1343,148,126,274
2157,2011-04-04,2,0,4,17,0,1,1,1,0.74,0.6515,0.23,0.6119,83,283,366
2181,2011-04-05,2,0,4,17,0,2,1,1,0.42,0.4242,0.38,0.4179,27,246,273
2205,2011-04-06,2,0,4,17,0,3,1,1,0.52,0.5,0.32,0.4478,53,303,356
2229,2011-04-07,2,0,4,17,0,4,1,1,0.52,0.5,0.52,0.2836,63,280,343
2253,2011-04-08,2,0,4,17,0,5,1,3,0.32,0.303,0.93,0.2537,10,138,148
2277,2011-04-09,2,0,4,17,0,6,0,2,0.38,0.3939,0.82,0.0896,128,129,257
2301,2011-04-10,2,0,4,17,0,0,0,2,0.52,0.5,0.72,0.194,84,152,236
2324,2011-04-11,2,0,4,17,0,1,1,1,0.74,0.6667,0.48,0.5224,100,352,452
2348,2011-04-12,2,0,4,17,0,2,1,3,0.44,0.4394,0.77,0.2239,29,262,291
2372,2011-04-13,2,0,4,17,0,3,1,1,0.46,0.4545,0.67,0.2985,25,284,309
2396,2011-04-14,2,0,4,17,0,4,1,1,0.6,0.6061,0.28,0,50,338,388
2420,2011-04-15,2,0,4,17,1,5,0,2,0.5,0.4848,0.63,0.3881,64,267,331
2444,2011-04-16,2,0,4,17,0,6,0,3,0.5,0.4848,0.88,0.5821,1,14,15
2468,2011-04-17,2,0,4,17,0,0,0,1,0.56,0.5303,0.3,0.4478,143,163,306
2492,2011-04-18,2,0,4,17,0,1,1,1,0.58,0.5455,0.49,0.2836,66,362,428
2516,2011-04-19,2,0,4,17,0,2,1,1,0.56,0.5303,0.6,0.1045,39,372,411
2540,2011-04-20,2,0,4,17,0,3,1,2,0.74,0.6515,0.37,0.4179,34,398,432
2564,2011-04-21,2,0,4,17,0,4,1,1,0.5,0.4848,0.29,0.1642,79,402,481
2588,2011-04-22,2,0,4,17,0,5,1,3,0.32,0.303,0.93,0.2239,6,63,69
2612,2011-04-23,2,0,4,17,0,6,0,1,0.6,0.5909,0.73,0.3284,168,215,383
2636,2011-04-24,2,0,4,17,0,0,0,1,0.66,0.6212,0.65,0.2985,142,189,331
2660,2011-04-25,2,0,4,17,0,1,1,1,0.7,0.6515,0.54,0.2985,80,441,521
2684,2011-04-26,2,0,4,17,0,2,1,1,0.68,0.6364,0.61,0.3582,66,455,521
2708,2011-04-27,2,0,4,17,0,3,1,3,0.66,0.6061,0.83,0.3881,63,458,521
2732,2011-04-28,2,0,4,17,0,4,1,1,0.64,0.6212,0.47,0.3582,49,406,455
2756,2011-04-29,2,0,4,17,0,5,1,2,0.52,0.5,0.45,0.3881,75,433,508
2780,2011-04-30,2,0,4,17,0,6,0,1,0.56,0.5303,0.43,0.1343,162,245,407
2804,2011-05-01,2,0,5,17,0,0,0,2,0.48,0.4697,0.82,0.2537,60,136,196
2828,2011-05-02,2,0,5,17,0,1,1,1,0.66,0.6212,0.65,0.194,65,472,537
2852,2011-05-03,2,0,5,17,0,2,1,1,0.7,0.6515,0.54,0.4627,53,464,517
2876,2011-05-04,2,0,5,17,0,3,1,1,0.4,0.4091,0.71,0.2537,22,388,410
2900,2011-05-05,2,0,5,17,0,4,1,1,0.56,0.5303,0.26,0.3881,66,467,533
2924,2011-05-06,2,0,5,17,0,5,1,1,0.58,0.5455,0.4,0.3582,83,470,553
2948,2011-05-07,2,0,5,17,0,6,0,1,0.58,0.5455,0.4,0.2239,138,216,354
2972,2011-05-08,2,0,5,17,0,0,0,3,0.58,0.5455,0.49,0.2836,106,245,351
2996,2011-05-09,2,0,5,17,0,1,1,1,0.62,0.6212,0.38,0.2537,59,539,598
3020,2011-05-10,2,0,5,17,0,2,1,1,0.64,0.6212,0.33,0,79,532,611
3044,2011-05-11,2,0,5,17,0,3,1,1,0.64,0.6212,0.47,0.1045,17,242,259
3068,2011-05-12,2,0,5,17,0,4,1,2,0.64,0.6212,0.57,0.194,54,540,594
3092,2011-05-13,2,0,5,17,0,5,1,3,0.52,0.5,0.88,0.1642,62,429,491
3116,2011-05-14,2,0,5,17,0,6,0,2,0.56,0.5303,0.88,0.194,78,194,272
3140,2011-05-15,2,0,5,17,0,0,0,3,0.56,0.5303,0.78,0.3582,137,255,392
3164,2011-05-16,2,0,5,17,0,1,1,1,0.58,0.5455,0.88,0.2239,47,227,274
3188,2011-05-17,2,0,5,17,0,2,1,1,0.62,0.6061,0.65,0.4179,83,521,604
3212,2011-05-18,2,0,5,17,0,3,1,1,0.6,0.5909,0.69,0.1343,78,487,565
3236,2011-05-19,2,0,5,17,0,4,1,1,0.56,0.5303,0.78,0.1642,60,487,547
3260,2011-05-20,2,0,5,17,0,5,1,1,0.62,0.6212,0.53,0,71,483,554
3284,2011-05-21,2,0,5,17,0,6,0,2,0.72,0.6515,0.42,0.1642,191,253,444
3308,2011-05-22,2,0,5,17,0,0,0,1,0.7,0.6515,0.58,0.2537,93,213,306
3332,2011-05-23,2,0,5,17,0,1,1,3,0.72,0.6818,0.7,0.3881,56,373,429
3356,2011-05-24,2,0,5,17,0,2,1,1,0.7,0.6515,0.61,0.1045,56,492,548
3380,2011-05-25,2,0,5,17,0,3,1,1,0.74,0.6667,0.51,0.2239,77,524,601
3404,2011-05-26,2,0,5,17,0,4,1,1,0.8,0.7273,0.46,0.2836,49,445,494
3428,2011-05-27,2,0,5,17,0,5,1,1,0.74,0.6818,0.58,0.3881,77,414,491
3452,2011-05-28,2,0,5,17,0,6,0,1,0.74,0.6818,0.55,0.2985,180,161,341
3476,2011-05-29,2,0,5,17,0,0,0,1,0.74,0.697,0.7,0.2836,214,169,383
3500,2011-05-30,2,0,5,17,1,1,0,1,0.86,0.7879,0.41,0.2239,102,202,304
3524,2011-05-31,2,0,5,17,0,2,1,1,0.84,0.803,0.53,0.2239,67,428,495
3548,2011-06-01,2,0,6,17,0,3,1,1,0.86,0.803,0.47,0.2985,52,434,486
3572,2011-06-02,2,0,6,17,0,4,1,1,0.76,0.6515,0.2,0.5224,88,484,572
3596,2011-06-03,2,0,6,17,0,5,1,1,0.72,0.6364,0.25,0.2836,73,485,558
3620,2011-06-04,2,0,6,17,0,6,0,2,0.72,0.6515,0.34,0.2537,142,202,344
3644,2011-06-05,2,0,6,17,0,0,0,1,0.74,0.6667,0.51,0,126,264,390
3668,2011-06-06,2,0,6,17,0,1,1,1,0.78,0.6818,0.33,0.2836,63,516,579
3692,2011-06-07,2,0,6,17,0,2,1,1,0.8,0.7273,0.43,0.2537,64,475,539
3716,2011-06-08,2,0,6,17,0,3,1,1,0.92,0.8485,0.35,0.2239,80,426,506
3740,2011-06-09,2,0,6,17,0,4,1,1,0.9,0.8182,0.37,0.2537,54,355,409
3764,2011-06-10,2,0,6,17,0,5,1,1,0.82,0.7727,0.52,0.2239,63,454,517
3788,2011-06-11,2,0,6,17,0,6,0,2,0.74,0.6818,0.58,0.1642,147,190,337
3812,2011-06-12,2,0,6,17,0,0,0,3,0.68,0.6364,0.83,0.2836,94,158,252
3836,2011-06-13,2,0,6,17,0,1,1,1,0.7,0.6364,0.39,0.3284,72,529,601
3860,2011-06-14,2,0,6,17,0,2,1,3,0.64,0.6212,0.5,0.2836,85,484,569
3884,2011-06-15,2,0,6,17,0,3,1,1,0.74,0.6515,0.28,0.1045,83,555,638
3908,2011-06-16,2,0,6,17,0,4,1,2,0.64,0.5909,0.78,0.1045,42,230,272
3932,2011-06-17,2,0,6,17,0,5,1,3,0.76,0.6818,0.4,0.194,85,467,552
3956,2011-06-18,2,0,6,17,0,6,0,2,0.76,0.6818,0.48,0.1642,210,239,449
3980,2011-06-19,2,0,6,17,0,0,0,1,0.74,0.6667,0.51,0,159,238,397
4004,2011-06-20,2,0,6,17,0,1,1,1,0.7,0.6515,0.54,0,81,484,565
4028,2011-06-21,3,0,6,17,0,2,1,1,0.78,0.7576,0.66,0.2239,65,507,572
4052,2011-06-22,3,0,6,17,0,3,1,2,0.8,0.7576,0.55,0.3881,67,462,529
4076,2011-06-23,3,0,6,17,0,4,1,2,0.72,0.6818,0.7,0.3582,74,495,569
4100,2011-06-24,3,0,6,17,0,5,1,1,0.76,0.6667,0.37,0.2537,85,472,557
4124,2011-06-25,3,0,6,17,0,6,0,1,0.74,0.6667,0.42,0.2239,152,247,399
4148,2011-06-26,3,0,6,17,0,0,0,2,0.72,0.6515,0.42,0.1642,178,243,421
4172,2011-06-27,3,0,6,17,0,1,1,1,0.74,0.6818,0.55,0.1343,90,514,604
4196,2011-06-28,3,0,6,17,0,2,1,3,0.82,0.7879,0.56,0.2836,70,509,579
4220,2011-06-29,3,0,6,17,0,3,1,1,0.82,0.7121,0.26,0.4179,78,492,570
4244,2011-06-30,3,0,6,17,0,4,1,1,0.78,0.6818,0.27,0.3582,98,496,594
4268,2011-07-01,3,0,7,17,0,5,1,1,0.82,0.697,0.21,0.194,99,362,461
4292,2011-07-02,3,0,7,17,0,6,0,1,0.84,0.7273,0.3,0.2239,179,170,349
4316,2011-07-03,3,0,7,17,0,0,0,3,0.8,0.7424,0.49,0.8507,181,177,358
4340,2011-07-04,3,0,7,17,1,1,0,1,0.8,0.7273,0.46,0,240,196,436
4364,2011-07-05,3,0,7,17,0,2,1,1,0.82,0.7576,0.46,0.1045,79,466,545
4388,2011-07-06,3,0,7,17,0,3,1,1,0.78,0.7424,0.59,0.2239,79,517,596
4412,2011-07-07,3,0,7,17,0,4,1,1,0.86,0.7576,0.36,0.2537,80,489,569
4436,2011-07-08,3,0,7,17,0,5,1,3,0.66,0.5909,0.89,0.4478,6,161,167
4460,2011-07-09,3,0,7,17,0,6,0,1,0.84,0.7273,0.32,0,160,241,401
4484,2011-07-10,3,0,7,17,0,0,0,1,0.84,0.7424,0.36,0.2239,146,217,363
4508,2011-07-11,3,0,7,17,0,1,1,1,0.86,0.8485,0.56,0.4179,59,455,514
4532,2011-07-12,3,0,7,17,0,2,1,1,0.88,0.8182,0.44,0.2836,48,380,428
4556,2011-07-13,3,0,7,17,0,3,1,1,0.7,0.6667,0.79,0,70,418,488
4580,2011-07-14,3,0,7,17,0,4,1,1,0.74,0.6515,0.37,0.1343,78,517,595
4604,2011-07-15,3,0,7,17,0,5,1,1,0.74,0.6667,0.42,0.2537,104,483,587
4628,2011-07-16,3,0,7,17,0,6,0,1,0.76,0.6818,0.45,0.2239,234,241,475
4652,2011-07-17,3,0,7,17,0,0,0,1,0.8,0.7424,0.49,0.3881,133,236,369
4676,2011-07-18,3,0,7,17,0,1,1,1,0.84,0.7879,0.49,0.3284,72,473,545
4700,2011-07-19,3,0,7,17,0,2,1,1,0.8,0.803,0.66,0,68,445,513
4724,2011-07-20,3,0,7,17,0,3,1,1,0.84,0.8333,0.59,0.194,50,405,455
4748,2011-07-21,3,0,7,17,0,4,1,1,0.92,0.9091,0.45,0.2985,40,374,414
4772,2011-07-22,3,0,7,17,0,5,1,1,0.88,0.8485,0.47,0.1045,35,271,306
4796,2011-07-23,3,0,7,17,0,6,0,1,0.94,0.8788,0.38,0.1343,70,127,197
4820,2011-07-24,3,0,7,17,0,0,0,1,0.9,0.8333,0.39,0.1045,75,174,249
4844,2011-07-25,3,0,7,17,0,1,1,1,0.72,0.697,0.74,0,48,437,485
4868,2011-07-26,3,0,7,17,0,2,1,1,0.86,0.7576,0.36,0.3582,72,465,537
4892,2011-07-27,3,0,7,17,0,3,1,1,0.84,0.7121,0.26,0.2239,81,491,572
4916,2011-07-28,3,0,7,17,0,4,1,1,0.84,0.803,0.53,0.194,45,423,468
4940,2011-07-29,3,0,7,17,0,5,1,1,0.96,0.8636,0.3,0.2985,47,374,421
4964,2011-07-30,3,0,7,17,0,6,0,1,0.9,0.7879,0.29,0.1045,93,209,302
4988,2011-07-31,3,0,7,17,0,0,0,1,0.92,0.7727,0.16,0.1642,114,206,320
5012,2011-08-01,3,0,8,17,0,1,1,1,0.76,0.6818,0.45,0.2985,69,445,514
5036,2011-08-02,3,0,8,17,0,2,1,2,0.9,0.7879,0.27,0.1343,63,493,556
5060,2011-08-03,3,0,8,17,0,3,1,2,0.7,0.6667,0.79,0,47,378,425
5084,2011-08-04,3,0,8,17,0,4,1,1,0.76,0.7121,0.62,0.3284,91,464,555
5108,2011-08-05,3,0,8,17,0,5,1,1,0.78,0.7121,0.49,0.2985,84,466,550
5132,2011-08-06,3,0,8,17,0,6,0,3,0.74,0.7121,0.79,0.1642,61,88,149
5156,2011-08-07,3,0,8,17,0,0,0,3,0.74,0.7121,0.74,0.6418,63,131,194
5180,2011-08-08,3,0,8,17,0,1,1,1,0.86,0.7727,0.39,0.1642,67,460,527
5204,2011-08-09,3,0,8,17,0,2,1,1,0.8,0.7576,0.55,0.1642,79,453,532
5228,2011-08-10,3,0,8,17,0,3,1,1,0.84,0.7121,0.26,0.2985,71,513,584
5252,2011-08-11,3,0,8,17,0,4,1,1,0.8,0.697,0.29,0.2537,96,486,582
5276,2011-08-12,3,0,8,17,0,5,1,1,0.82,0.7121,0.26,0,93,423,516
5300,2011-08-13,3,0,8,17,0,6,0,2,0.72,0.697,0.74,0.2537,97,172,269
5324,2011-08-14,3,0,8,17,0,0,0,1,0.76,0.7121,0.62,0.1343,133,196,329
5348,2011-08-15,3,0,8,17,0,1,1,1,0.74,0.6667,0.51,0.2836,59,471,530
5372,2011-08-16,3,0,8,17,0,2,1,1,0.76,0.6818,0.45,0.3284,75,525,600
5396,2011-08-17,3,0,8,17,0,3,1,1,0.8,0.7424,0.49,0.2239,46,506,552
5420,2011-08-18,3,0,8,17,0,4,1,3,0.8,0.7273,0.46,0.2985,44,365,409
5444,2011-08-19,3,0,8,17,0,5,1,1,0.76,0.7121,0.58,0.5224,85,442,527
5468,2011-08-20,3,0,8,17,0,6,0,1,0.8,0.7424,0.49,0.194,180,203,383
5492,2011-08-21,3,0,8,17,0,0,0,1,0.72,0.697,0.79,0.1343,91,179,270
5516,2011-08-22,3,0,8,17,0,1,1,1,0.74,0.6515,0.27,0.3284,82,509,591
5540,2011-08-23,3,0,8,17,0,2,1,1,0.72,0.6515,0.34,0.2239,133,339,472
5564,2011-08-24,3,0,8,17,0,3,1,1,0.76,0.697,0.52,0.3582,83,484,567
5588,2011-08-25,3,0,8,17,0,4,1,1,0.72,0.7121,0.84,0,28,284,312
5612,2011-08-26,3,0,8,17,0,5,1,1,0.74,0.7121,0.74,0.2537,56,433,489
5636,2011-08-27,3,0,8,17,0,6,0,3,0.64,0.5758,0.89,0.8358,2,14,16
5647,2011-08-28,3,0,8,17,0,0,0,1,0.76,0.6818,0.4,0.2985,145,253,398
5671,2011-08-29,3,0,8,17,0,1,1,2,0.7,0.6364,0.47,0.2239,67,524,591
5695,2011-08-30,3,0,8,17,0,2,1,1,0.72,0.6515,0.42,0.194,62,549,611
5719,2011-08-31,3,0,8,17,0,3,1,1,0.72,0.6515,0.45,0.1343,83,525,608
5743,2011-09-01,3,0,9,17,0,4,1,1,0.72,0.6667,0.54,0.2537,61,567,628
5767,2011-09-02,3,0,9,17,0,5,1,2,0.68,0.6364,0.65,0.1642,78,377,455
5791,2011-09-03,3,0,9,17,0,6,0,1,0.72,0.6818,0.7,0.2239,170,201,371
5815,2011-09-04,3,0,9,17,0,0,0,1,0.76,0.7273,0.66,0.2239,204,172,376
5839,2011-09-05,3,0,9,17,1,1,0,2,0.66,0.5909,0.89,0.1045,37,77,114
5862,2011-09-06,3,0,9,17,0,2,1,2,0.54,0.5152,0.88,0.3881,15,276,291
5886,2011-09-07,3,0,9,17,0,3,1,3,0.64,0.5758,0.89,0,21,264,285
5909,2011-09-08,3,0,9,17,0,4,1,3,0.64,0.5606,0.94,0.2836,11,102,113
5933,2011-09-09,3,0,9,17,0,5,1,1,0.7,0.6667,0.79,0.2537,54,451,505
5957,2011-09-10,3,0,9,17,0,6,0,1,0.74,0.6818,0.55,0.2239,185,275,460
5981,2011-09-11,3,0,9,17,0,0,0,1,0.72,0.6667,0.51,0.1343,152,228,380
6004,2011-09-12,3,0,9,17,0,1,1,1,0.72,0.6667,0.51,0.1642,75,515,590
6028,2011-09-13,3,0,9,17,0,2,1,1,0.74,0.6667,0.51,0.2239,72,507,579
6052,2011-09-14,3,0,9,17,0,3,1,1,0.76,0.697,0.52,0.2836,87,512,599
6076,2011-09-15,3,0,9,17,0,4,1,3,0.48,0.4697,0.82,0.4627,31,230,261
6100,2011-09-16,3,0,9,17,0,5,1,2,0.52,0.5,0.48,0.1343,86,480,566
6124,2011-09-17,3,0,9,17,0,6,0,1,0.52,0.5,0.72,0.2239,141,218,359
6148,2011-09-18,3,0,9,17,0,0,0,2,0.56,0.5303,0.64,0.194,95,230,325
6172,2011-09-19,3,0,9,17,0,1,1,2,0.58,0.5455,0.64,0.1343,85,483,568
6196,2011-09-20,3,0,9,17,0,2,1,1,0.6,0.5606,0.83,0.1045,66,445,511
6220,2011-09-21,3,0,9,17,0,3,1,3,0.66,0.6212,0.74,0.1642,61,475,536
6244,2011-09-22,3,0,9,17,0,4,1,2,0.66,0.6061,0.78,0.0896,50,513,563
6268,2011-09-23,4,0,9,17,0,5,1,2,0.6,0.5,1,0,13,86,99
6292,2011-09-24,4,0,9,17,0,6,0,1,0.66,0.6212,0.74,0.1045,180,246,426
6316,2011-09-25,4,0,9,17,0,0,0,1,0.68,0.6364,0.74,0,145,275,420
6340,2011-09-26,4,0,9,17,0,1,1,1,0.7,0.6515,0.7,0.1343,61,509,570
6364,2011-09-27,4,0,9,17,0,2,1,2,0.66,0.5909,0.89,0.194,50,480,530
6388,2011-09-28,4,0,9,17,0,3,1,1,0.7,0.6515,0.7,0.2239,64,527,591
6412,2011-09-29,4,0,9,17,0,4,1,1,0.66,0.6212,0.47,0.2985,62,527,589
6436,2011-09-30,4,0,9,17,0,5,1,1,0.62,0.6212,0.53,0.194,94,497,591
6460,2011-10-01,4,0,10,17,0,6,0,3,0.4,0.4091,0.76,0.194,58,170,228
6484,2011-10-02,4,0,10,17,0,0,0,3,0.36,0.3485,0.87,0.1642,32,135,167
6508,2011-10-03,4,0,10,17,0,1,1,2,0.4,0.4091,0.76,0.1642,40,455,495
6532,2011-10-04,4,0,10,17,0,2,1,1,0.56,0.5303,0.6,0.3881,55,530,585
6556,2011-10-05,4,0,10,17,0,3,1,1,0.64,0.6212,0.47,0.2537,66,525,591
6580,2011-10-06,4,0,10,17,0,4,1,1,0.56,0.5303,0.52,0.1343,63,505,568
6604,2011-10-07,4,0,10,17,0,5,1,1,0.6,0.6212,0.56,0.2537,101,462,563
6628,2011-10-08,4,0,10,17,0,6,0,1,0.62,0.6212,0.5,0.1343,174,219,393
6652,2011-10-09,4,0,10,17,0,0,0,1,0.62,0.6061,0.61,0.1045,208,230,438
6676,2011-10-10,4,0,10,17,1,1,0,2,0.66,0.6212,0.54,0.1045,125,334,459
6700,2011-10-11,4,0,10,17,0,2,1,2,0.6,0.5758,0.78,0.2537,70,534,604
6724,2011-10-12,4,0,10,17,0,3,1,3,0.54,0.5152,0.94,0.2239,16,235,251
6748,2011-10-13,4,0,10,17,0,4,1,3,0.62,0.5758,0.83,0.2537,47,432,479
6772,2011-10-14,4,0,10,17,0,5,1,1,0.58,0.5455,0.46,0.4179,55,426,481
6796,2011-10-15,4,0,10,17,0,6,0,1,0.58,0.5455,0.32,0.2836,177,264,441
6820,2011-10-16,4,0,10,17,0,0,0,1,0.58,0.5455,0.49,0.4627,152,253,405
6844,2011-10-17,4,0,10,17,0,1,1,1,0.56,0.5303,0.64,0.1343,80,540,620
6868,2011-10-18,4,0,10,17,0,2,1,1,0.6,0.6061,0.6,0.1343,72,553,625
6891,2011-10-19,4,0,10,17,0,3,1,3,0.56,0.5303,0.94,0.1642,11,170,181
6915,2011-10-20,4,0,10,17,0,4,1,2,0.48,0.4697,0.48,0.3881,56,438,494
6939,2011-10-21,4,0,10,17,0,5,1,2,0.46,0.4545,0.51,0.2537,79,445,524
6963,2011-10-22,4,0,10,17,0,6,0,1,0.46,0.4545,0.55,0.1343,143,217,360
6987,2011-10-23,4,0,10,17,0,0,0,1,0.5,0.4848,0.63,0.1343,120,220,340
7011,2011-10-24,4,0,10,17,0,1,1,1,0.52,0.5,0.68,0.1343,87,527,614
7035,2011-10-25,4,0,10,17,0,2,1,1,0.56,0.5303,0.37,0.1045,68,517,585
7059,2011-10-26,4,0,10,17,0,3,1,2,0.52,0.5,0.77,0.1045,40,414,454
7083,2011-10-27,4,0,10,17,0,4,1,2,0.5,0.4848,0.72,0.4627,31,291,322
7107,2011-10-28,4,0,10,17,0,5,1,2,0.36,0.3485,0.5,0.1343,35,411,446
7131,2011-10-29,4,0,10,17,0,6,0,3,0.22,0.197,0.93,0.3284,3,28,31
7155,2011-10-30,4,0,10,17,0,0,0,1,0.4,0.4091,0.35,0.1045,54,191,245
7179,2011-10-31,4,0,10,17,0,1,1,1,0.42,0.4242,0.54,0.1343,44,442,486
7203,2011-11-01,4,0,11,17,0,2,1,1,0.44,0.4394,0.54,0.1642,36,470,506
7227,2011-11-02,4,0,11,17,0,3,1,1,0.44,0.4394,0.62,0.194,30,523,553
7251,2011-11-03,4,0,11,17,0,4,1,1,0.48,0.4697,0.55,0.0896,33,465,498
7275,2011-11-04,4,0,11,17,0,5,1,1,0.42,0.4242,0.38,0.3582,42,438,480
7299,2011-11-05,4,0,11,17,0,6,0,1,0.38,0.3939,0.4,0.1642,100,234,334
7323,2011-11-06,4,0,11,17,0,0,0,1,0.44,0.4394,0.62,0.1642,71,185,256
7347,2011-11-07,4,0,11,17,0,1,1,1,0.5,0.4848,0.45,0.1642,39,489,528
7371,2011-11-08,4,0,11,17,0,2,1,1,0.52,0.5,0.43,0.1642,40,459,499
7395,2011-11-09,4,0,11,17,0,3,1,1,0.46,0.4545,0.63,0.1045,27,458,485
7419,2011-11-10,4,0,11,17,0,4,1,3,0.36,0.3485,0.81,0.2239,9,168,177
7443,2011-11-11,4,0,11,17,1,5,0,1,0.34,0.303,0.39,0.3284,24,286,310
7467,2011-11-12,4,0,11,17,0,6,0,1,0.5,0.4848,0.34,0.2537,92,193,285
7491,2011-11-13,4,0,11,17,0,0,0,1,0.52,0.5,0.27,0.3284,44,187,231
7515,2011-11-14,4,0,11,17,0,1,1,1,0.62,0.6212,0.46,0.2537,55,464,519
7539,2011-11-15,4,0,11,17,0,2,1,2,0.5,0.4848,0.72,0.194,29,422,451
7563,2011-11-16,4,0,11,17,0,3,1,2,0.48,0.4697,0.88,0.194,17,216,233
7587,2011-11-17,4,0,11,17,0,4,1,1,0.32,0.2879,0.42,0.3881,20,379,399
7611,2011-11-18,4,0,11,17,0,5,1,1,0.32,0.3333,0.31,0.1343,17,361,378
7635,2011-11-19,4,0,11,17,0,6,0,1,0.4,0.4091,0.4,0.194,61,171,232
7659,2011-11-20,4,0,11,17,0,0,0,2,0.52,0.5,0.63,0.194,35,168,203
7683,2011-11-21,4,0,11,17,0,1,1,3,0.42,0.4242,0.94,0.2985,10,200,210
7707,2011-11-22,4,0,11,17,0,2,1,3,0.44,0.4394,1,0.0896,4,161,165
7731,2011-11-23,4,0,11,17,0,3,1,3,0.38,0.3939,0.71,0.3881,7,156,163
7755,2011-11-24,4,0,11,17,1,4,0,1,0.48,0.4697,0.33,0.1045,34,40,74
7779,2011-11-25,4,0,11,17,0,5,1,1,0.5,0.4848,0.34,0.1045,57,127,184
7803,2011-11-26,4,0,11,17,0,6,0,2,0.46,0.4545,0.47,0.1343,62,122,184
7827,2011-11-27,4,0,11,17,0,0,0,1,0.54,0.5152,0.56,0.194,37,167,204
7850,2011-11-28,4,0,11,17,0,1,1,1,0.58,0.5455,0.56,0.194,24,444,468
7874,2011-11-29,4,0,11,17,0,2,1,2,0.4,0.4091,0.87,0.2985,8,346,354
7898,2011-11-30,4,0,11,17,0,3,1,2,0.34,0.303,0.49,0.3284,15,365,380
7922,2011-12-01,4,0,12,17,0,4,1,1,0.36,0.3485,0.46,0.1343,9,409,418
7946,2011-12-02,4,0,12,17,0,5,1,1,0.42,0.4242,0.38,0,20,391,411
7970,2011-12-03,4,0,12,17,0,6,0,1,0.36,0.3788,0.62,0,46,186,232
7994,2011-12-04,4,0,12,17,0,0,0,1,0.38,0.3939,0.76,0.1343,38,207,245
8018,2011-12-05,4,0,12,17,0,1,1,1,0.42,0.4242,0.77,0,16,430,446
8042,2011-12-06,4,0,12,17,0,2,1,2,0.46,0.4545,1,0.2239,13,249,262
8066,2011-12-07,4,0,12,17,0,3,1,3,0.4,0.4091,1,0.3284,4,48,52
8090,2011-12-08,4,0,12,17,0,4,1,1,0.3,0.3182,0.49,0.1045,10,321,331
8114,2011-12-09,4,0,12,17,0,5,1,1,0.34,0.3485,0.66,0.1045,10,352,362
8138,2011-12-10,4,0,12,17,0,6,0,1,0.28,0.2576,0.36,0.3284,34,151,185
8162,2011-12-11,4,0,12,17,0,0,0,1,0.28,0.3182,0.3,0,13,150,163
8186,2011-12-12,4,0,12,17,0,1,1,2,0.3,0.3333,0.56,0,7,352,359
8210,2011-12-13,4,0,12,17,0,2,1,1,0.36,0.3485,0.4,0.194,17,381,398
8234,2011-12-14,4,0,12,17,0,3,1,2,0.36,0.3636,0.57,0.1045,19,377,396
8258,2011-12-15,4,0,12,17,0,4,1,2,0.52,0.5,0.59,0.2836,14,310,324
8282,2011-12-16,4,0,12,17,0,5,1,2,0.32,0.303,0.45,0.2836,13,352,365
8306,2011-12-17,4,0,12,17,0,6,0,1,0.26,0.2576,0.48,0.2239,12,153,165
8330,2011-12-18,4,0,12,17,0,0,0,1,0.28,0.2727,0.46,0.1642,10,126,136
8354,2011-12-19,4,0,12,17,0,1,1,1,0.38,0.3939,0.46,0.194,16,362,378
8378,2011-12-20,4,0,12,17,0,2,1,1,0.4,0.4091,0.62,0.1642,14,417,431
8402,2011-12-21,1,0,12,17,0,3,1,3,0.44,0.4394,1,0.3284,3,226,229
8426,2011-12-22,1,0,12,17,0,4,1,2,0.44,0.4394,0.67,0.1642,24,332,356
8450,2011-12-23,1,0,12,17,0,5,1,1,0.36,0.3485,0.53,0.2239,11,129,140
8474,2011-12-24,1,0,12,17,0,6,0,1,0.28,0.2879,0.45,0.1343,15,53,68
8497,2011-12-25,1,0,12,17,0,0,0,1,0.34,0.3333,0.61,0.1343,11,33,44
8520,2011-12-26,1,0,12,17,1,1,0,1,0.34,0.3182,0.46,0.2239,30,67,97
8544,2011-12-27,1,0,12,17,0,2,1,3,0.4,0.4091,0.87,0.1343,6,109,115
8567,2011-12-28,1,0,12,17,0,3,1,1,0.28,0.2727,0.38,0.2537,25,225,250
8591,2011-12-29,1,0,12,17,0,4,1,1,0.3,0.303,0.61,0.1642,14,226,240
8615,2011-12-30,1,0,12,17,0,5,1,1,0.38,0.3939,0.54,0.1642,54,188,242
8639,2011-12-31,1,0,12,17,0,6,0,1,0.42,0.4242,0.54,0.194,28,101,129
8663,2012-01-01,1,1,1,17,0,0,0,2,0.48,0.4697,0.48,0.1642,36,75,111
8686,2012-01-02,1,1,1,17,1,1,0,1,0.26,0.2273,0.35,0.3881,17,136,153
8710,2012-01-03,1,1,1,17,0,2,1,1,0.14,0.1061,0.26,0.4627,4,241,245
8734,2012-01-04,1,1,1,17,0,3,1,2,0.2,0.197,0.4,0.194,9,272,281
8758,2012-01-05,1,1,1,17,0,4,1,2,0.36,0.3485,0.34,0.194,19,393,412
8782,2012-01-06,1,1,1,17,0,5,1,1,0.46,0.4545,0.36,0.2239,20,456,476
8806,2012-01-07,1,1,1,17,0,6,0,2,0.54,0.5152,0.43,0.1343,87,235,322
8830,2012-01-08,1,1,1,17,0,0,0,1,0.38,0.3939,0.4,0.2239,22,197,219
8854,2012-01-09,1,1,1,17,0,1,1,3,0.22,0.2727,0.87,0,5,147,152
8877,2012-01-10,1,1,1,17,0,2,1,1,0.42,0.4242,0.38,0.2537,14,446,460
8901,2012-01-11,1,1,1,17,0,3,1,3,0.34,0.3182,0.87,0.2239,6,128,134
8925,2012-01-12,1,1,1,17,0,4,1,1,0.46,0.4545,0.63,0.1642,23,472,495
8949,2012-01-13,1,1,1,17,0,5,1,1,0.28,0.2424,0.33,0.4179,15,317,332
8973,2012-01-14,1,1,1,17,0,6,0,1,0.24,0.2273,0.41,0.2537,15,129,144
8997,2012-01-15,1,1,1,17,0,0,0,1,0.22,0.2121,0.25,0.2537,15,131,146
9021,2012-01-16,1,1,1,17,1,1,0,1,0.26,0.2273,0.48,0.3284,19,174,193
9044,2012-01-17,1,1,1,17,0,2,1,1,0.46,0.4545,0.63,0.4478,20,442,462
9068,2012-01-18,1,1,1,17,0,3,1,1,0.26,0.2121,0.33,0.4478,8,338,346
9092,2012-01-19,1,1,1,17,0,4,1,2,0.26,0.2273,0.44,0.3284,21,364,385
9116,2012-01-20,1,1,1,17,0,5,1,2,0.22,0.2576,0.32,0.0896,9,340,349
9140,2012-01-21,1,1,1,17,0,6,0,2,0.2,0.1818,0.8,0.3881,7,99,106
9164,2012-01-22,1,1,1,17,0,0,0,2,0.16,0.1818,0.8,0.1045,8,100,108
9188,2012-01-23,1,1,1,17,0,1,1,2,0.24,0.2576,0.96,0.1045,6,270,276
9212,2012-01-24,1,1,1,17,0,2,1,1,0.42,0.4242,0.67,0.0896,41,474,515
9236,2012-01-25,1,1,1,17,0,3,1,1,0.36,0.3485,0.53,0.1642,27,443,470
9260,2012-01-26,1,1,1,17,0,4,1,2,0.42,0.4242,0.71,0,16,397,413
9284,2012-01-27,1,1,1,17,0,5,1,1,0.42,0.4242,0.5,0.5821,16,406,422
9308,2012-01-28,1,1,1,17,0,6,0,1,0.42,0.4242,0.44,0.3881,57,233,290
9332,2012-01-29,1,1,1,17,0,0,0,1,0.36,0.3333,0.21,0.4179,33,201,234
9356,2012-01-30,1,1,1,17,0,1,1,1,0.36,0.3485,0.21,0.194,16,422,438
9380,2012-01-31,1,1,1,17,0,2,1,1,0.54,0.5152,0.26,0.4179,41,518,559
9404,2012-02-01,1,1,2,17,0,3,1,1,0.58,0.5455,0.43,0.194,31,508,539
9428,2012-02-02,1,1,2,17,0,4,1,1,0.42,0.4242,0.54,0.4925,13,437,450
9452,2012-02-03,1,1,2,17,0,5,1,1,0.4,0.4091,0.37,0.0896,30,458,488
9476,2012-02-04,1,1,2,17,0,6,0,3,0.3,0.2879,0.7,0.194,13,54,67
9500,2012-02-05,1,1,2,17,0,0,0,1,0.32,0.3182,0.53,0.1642,31,275,306
9523,2012-02-06,1,1,2,17,0,1,1,1,0.4,0.4091,0.43,0.2537,13,417,430
9547,2012-02-07,1,1,2,17,0,2,1,1,0.44,0.4394,0.35,0.194,15,494,509
9571,2012-02-08,1,1,2,17,0,3,1,3,0.24,0.2576,0.87,0.1045,8,147,155
9595,2012-02-09,1,1,2,17,0,4,1,1,0.34,0.3333,0.34,0.1343,12,387,399
9619,2012-02-10,1,1,2,17,0,5,1,2,0.34,0.3333,0.42,0.194,15,381,396
9643,2012-02-11,1,1,2,17,0,6,0,3,0.22,0.1818,0.69,0.4627,13,131,144
9667,2012-02-12,1,1,2,17,0,0,0,1,0.18,0.1515,0.37,0.4179,4,83,87
9691,2012-02-13,1,1,2,17,0,1,1,1,0.36,0.3485,0.23,0.194,8,399,407
9715,2012-02-14,1,1,2,17,0,2,1,1,0.42,0.4242,0.38,0.3582,19,504,523
9739,2012-02-15,1,1,2,17,0,3,1,1,0.42,0.4242,0.38,0.194,17,470,487
9763,2012-02-16,1,1,2,17,0,4,1,3,0.34,0.3636,0.87,0,8,281,289
9787,2012-02-17,1,1,2,17,0,5,1,1,0.42,0.4242,0.32,0.3284,36,429,465
9811,2012-02-18,1,1,2,17,0,6,0,1,0.48,0.4697,0.36,0.2836,142,222,364
9835,2012-02-19,1,1,2,17,0,0,0,2,0.3,0.2879,0.49,0.2537,22,135,157
9858,2012-02-20,1,1,2,17,1,1,0,1,0.38,0.3939,0.27,0.2537,27,226,253
9881,2012-02-21,1,1,2,17,0,2,1,1,0.38,0.3939,0.4,0.4478,21,411,432
9905,2012-02-22,1,1,2,17,0,3,1,1,0.52,0.5,0.32,0.3881,43,486,529
9929,2012-02-23,1,1,2,17,0,4,1,1,0.54,0.5152,0.32,0.1642,49,561,610
9953,2012-02-24,1,1,2,17,0,5,1,3,0.42,0.4242,0.94,0.1045,14,242,256
9977,2012-02-25,1,1,2,17,0,6,0,1,0.3,0.2727,0.33,0.3582,16,143,159
10001,2012-02-26,1,1,2,17,0,0,0,1,0.36,0.3485,0.32,0.2239,46,241,287
10025,2012-02-27,1,1,2,17,0,1,1,1,0.54,0.5152,0.24,0.4478,26,503,529
10049,2012-02-28,1,1,2,17,0,2,1,1,0.42,0.4242,0.26,0.0896,33,497,530
10072,2012-02-29,1,1,2,17,0,3,1,2,0.4,0.4091,0.87,0.1642,7,246,253
10096,2012-03-01,1,1,3,17,0,4,1,1,0.56,0.5303,0.35,0.2985,49,551,600
10120,2012-03-02,1,1,3,17,0,5,1,3,0.36,0.3485,0.81,0.2239,5,123,128
10144,2012-03-03,1,1,3,17,0,6,0,1,0.5,0.4848,0.23,0.3284,106,279,385
10168,2012-03-04,1,1,3,17,0,0,0,1,0.34,0.2879,0.31,0.5522,49,214,263
10192,2012-03-05,1,1,3,17,0,1,1,3,0.3,0.2727,0.45,0.2985,11,376,387
10216,2012-03-06,1,1,3,17,0,2,1,1,0.36,0.3333,0.34,0.2836,21,425,446
10240,2012-03-07,1,1,3,17,0,3,1,1,0.56,0.5303,0.43,0.4925,58,554,612
10264,2012-03-08,1,1,3,17,0,4,1,1,0.62,0.6212,0.38,0.6567,52,545,597
10288,2012-03-09,1,1,3,17,0,5,1,1,0.46,0.4545,0.24,0.3881,68,498,566
10312,2012-03-10,1,1,3,17,0,6,0,1,0.36,0.3788,0.23,0,104,250,354
10335,2012-03-11,1,1,3,17,0,0,0,1,0.52,0.5,0.27,0.2985,199,299,498
10359,2012-03-12,1,1,3,17,0,1,1,2,0.62,0.6212,0.38,0.4179,87,557,644
10383,2012-03-13,1,1,3,17,0,2,1,1,0.7,0.6364,0.37,0.1045,62,614,676
10407,2012-03-14,1,1,3,17,0,3,1,1,0.7,0.6364,0.28,0.0896,140,642,782
10431,2012-03-15,1,1,3,17,0,4,1,1,0.7,0.6364,0.39,0.2537,79,634,713
10455,2012-03-16,1,1,3,17,0,5,1,3,0.48,0.4697,0.82,0.0896,23,235,258
10479,2012-03-17,1,1,3,17,0,6,0,1,0.64,0.6212,0.5,0.1343,291,357,648
10503,2012-03-18,1,1,3,17,0,0,0,1,0.56,0.5303,0.64,0.0896,233,308,541
10527,2012-03-19,1,1,3,17,0,1,1,1,0.64,0.6212,0.53,0.2239,106,615,721
10551,2012-03-20,1,1,3,17,0,2,1,1,0.6,0.5909,0.73,0.194,108,642,750
10575,2012-03-21,2,1,3,17,0,3,1,1,0.6,0.5909,0.69,0.0896,113,616,729
10599,2012-03-22,2,1,3,17,0,4,1,1,0.66,0.6212,0.65,0.1642,154,656,810
10623,2012-03-23,2,1,3,17,0,5,1,2,0.72,0.6515,0.42,0.1642,264,693,957
10647,2012-03-24,2,1,3,17,0,6,0,3,0.5,0.4848,0.88,0.2239,47,68,115
10671,2012-03-25,2,1,3,17,0,0,0,1,0.5,0.4848,0.72,0.0896,146,273,419
10695,2012-03-26,2,1,3,17,0,1,1,1,0.46,0.4545,0.24,0.4478,65,599,664
10719,2012-03-27,2,1,3,17,0,2,1,1,0.44,0.4394,0.16,0,72,542,614
10743,2012-03-28,2,1,3,17,0,3,1,1,0.6,0.6061,0.6,0.2239,72,532,604
10767,2012-03-29,2,1,3,17,0,4,1,1,0.52,0.5,0.38,0.3881,83,620,703
10791,2012-03-30,2,1,3,17,0,5,1,2,0.4,0.4091,0.62,0.2239,93,513,606
10815,2012-03-31,2,1,3,17,0,6,0,1,0.48,0.4697,0.67,0.4179,238,305,543
10839,2012-04-01,2,1,4,17,0,0,0,1,0.52,0.5,0.55,0.2836,232,323,555
10862,2012-04-02,2,1,4,17,0,1,1,1,0.5,0.4848,0.29,0.2836,128,601,729
10886,2012-04-03,2,1,4,17,0,2,1,1,0.62,0.6061,0.17,0.194,123,634,757
10910,2012-04-04,2,1,4,17,0,3,1,1,0.66,0.6212,0.41,0.2985,99,645,744
10934,2012-04-05,2,1,4,17,0,4,1,1,0.5,0.4848,0.31,0.1642,145,677,822
10958,2012-04-06,2,1,4,17,0,5,1,1,0.52,0.5,0.23,0.4179,172,483,655
10982,2012-04-07,2,1,4,17,0,6,0,1,0.54,0.5152,0.19,0.4179,299,268,567
11006,2012-04-08,2,1,4,17,0,0,0,1,0.62,0.6061,0.22,0.2985,185,226,411
11030,2012-04-09,2,1,4,17,0,1,1,1,0.54,0.5152,0.32,0.4179,67,565,632
11054,2012-04-10,2,1,4,17,0,2,1,1,0.56,0.5303,0.21,0.5224,88,656,744
11077,2012-04-11,2,1,4,17,0,3,1,1,0.42,0.4242,0.35,0.3881,52,527,579
11101,2012-04-12,2,1,4,17,0,4,1,1,0.5,0.4848,0.27,0.3881,60,596,656
11125,2012-04-13,2,1,4,17,0,5,1,1,0.56,0.5303,0.24,0.1642,117,621,738
11149,2012-04-14,2,1,4,17,0,6,0,2,0.62,0.6212,0.33,0.2537,251,309,560
11173,2012-04-15,2,1,4,17,0,0,0,1,0.7,0.6364,0.42,0.3284,262,361,623
11197,2012-04-16,2,1,4,17,1,1,0,1,0.8,0.697,0.33,0.3881,111,601,712
11221,2012-04-17,2,1,4,17,0,2,1,1,0.64,0.6061,0.25,0.2985,108,673,781
11245,2012-04-18,2,1,4,17,0,3,1,2,0.42,0.4242,0.77,0.194,46,442,488
11269,2012-04-19,2,1,4,17,0,4,1,1,0.6,0.6212,0.43,0.0896,85,663,748
11293,2012-04-20,2,1,4,17,0,5,1,1,0.64,0.6212,0.47,0.2836,122,697,819
11317,2012-04-21,2,1,4,17,0,6,0,2,0.74,0.6515,0.3,0.3881,259,309,568
11341,2012-04-22,2,1,4,17,0,0,0,3,0.36,0.3182,0.93,0.4478,2,25,27
11365,2012-04-23,2,1,4,17,0,1,1,3,0.3,0.2727,0.82,0.3284,13,219,232
11389,2012-04-24,2,1,4,17,0,2,1,1,0.52,0.5,0.22,0.3881,72,619,691
11413,2012-04-25,2,1,4,17,0,3,1,1,0.6,0.5909,0.2,0.2985,68,664,732
11437,2012-04-26,2,1,4,17,0,4,1,1,0.54,0.5152,0.77,0.1642,49,565,614
11461,2012-04-27,2,1,4,17,0,5,1,1,0.54,0.5152,0.24,0.3881,89,613,702
11485,2012-04-28,2,1,4,17,0,6,0,2,0.42,0.4242,0.41,0.1343,98,224,322
11509,2012-04-29,2,1,4,17,0,0,0,1,0.62,0.6061,0.27,0.2985,188,334,522
11533,2012-04-30,2,1,4,17,0,1,1,1,0.56,0.5303,0.6,0.1642,66,617,683
11557,2012-05-01,2,1,5,17,0,2,1,1,0.74,0.6667,0.48,0.0896,65,616,681
11581,2012-05-02,2,1,5,17,0,3,1,1,0.6,0.5909,0.73,0.2537,70,659,729
11605,2012-05-03,2,1,5,17,0,4,1,1,0.72,0.6667,0.54,0.1343,87,617,704
11629,2012-05-04,2,1,5,17,0,5,1,1,0.7,0.6515,0.54,0.4627,96,547,643
11653,2012-05-05,2,1,5,17,0,6,0,2,0.68,0.6364,0.65,0.2985,204,298,502
11677,2012-05-06,2,1,5,17,0,0,0,2,0.62,0.6061,0.65,0.1343,195,316,511
11701,2012-05-07,2,1,5,17,0,1,1,2,0.6,0.6212,0.53,0.3284,102,667,769
11725,2012-05-08,2,1,5,17,0,2,1,2,0.64,0.6061,0.69,0.2836,77,640,717
11749,2012-05-09,2,1,5,17,0,3,1,2,0.64,0.6212,0.53,0.1343,76,629,705
11773,2012-05-10,2,1,5,17,0,4,1,1,0.6,0.6212,0.31,0.3881,84,648,732
11797,2012-05-11,2,1,5,17,0,5,1,1,0.64,0.6061,0.23,0.2537,102,677,779
11821,2012-05-12,2,1,5,17,0,6,0,2,0.66,0.6212,0.36,0.194,233,343,576
11845,2012-05-13,2,1,5,17,0,0,0,1,0.7,0.6364,0.45,0.4179,191,287,478
11869,2012-05-14,2,1,5,17,0,1,1,3,0.56,0.5303,0.88,0.2537,25,204,229
11893,2012-05-15,2,1,5,17,0,2,1,1,0.68,0.6364,0.65,0.1045,75,603,678
11917,2012-05-16,2,1,5,17,0,3,1,1,0.72,0.6667,0.51,0.194,104,769,873
11941,2012-05-17,2,1,5,17,0,4,1,1,0.66,0.6212,0.31,0.1343,133,719,852
11965,2012-05-18,2,1,5,17,0,5,1,1,0.66,0.6212,0.34,0.1343,124,688,812
11989,2012-05-19,2,1,5,17,0,6,0,1,0.74,0.6515,0.3,0.0896,279,347,626
12013,2012-05-20,2,1,5,17,0,0,0,1,0.72,0.6515,0.45,0.3284,209,340,549
12037,2012-05-21,2,1,5,17,0,1,1,2,0.66,0.6212,0.69,0.2537,40,468,508
12061,2012-05-22,2,1,5,17,0,2,1,1,0.72,0.6667,0.54,0,69,716,785
12085,2012-05-23,2,1,5,17,0,3,1,3,0.64,0.6061,0.69,0.1045,45,240,285
12109,2012-05-24,2,1,5,17,0,4,1,1,0.74,0.6818,0.55,0.2836,120,678,798
12133,2012-05-25,2,1,5,17,0,5,1,1,0.76,0.7121,0.62,0.2836,124,529,653
12157,2012-05-26,2,1,5,17,0,6,0,2,0.78,0.7121,0.52,0.2537,235,227,462
12181,2012-05-27,2,1,5,17,0,0,0,1,0.78,0.7121,0.49,0.2985,275,247,522
12205,2012-05-28,2,1,5,17,1,1,0,1,0.82,0.7879,0.56,0.2985,158,247,405
12229,2012-05-29,2,1,5,17,0,2,1,1,0.82,0.7576,0.46,0.4179,107,674,781
12253,2012-05-30,2,1,5,17,0,3,1,1,0.74,0.6667,0.48,0.0896,83,756,839
12277,2012-05-31,2,1,5,17,0,4,1,1,0.76,0.6667,0.31,0.1642,85,742,827
12301,2012-06-01,2,1,6,17,0,5,1,3,0.7,0.6515,0.7,0.2537,25,202,227
12325,2012-06-02,2,1,6,17,0,6,0,1,0.64,0.6212,0.36,0,248,338,586
12349,2012-06-03,2,1,6,17,0,0,0,1,0.7,0.6364,0.34,0.2537,192,386,578
12373,2012-06-04,2,1,6,17,0,1,1,1,0.64,0.6212,0.38,0.4478,101,733,834
12397,2012-06-05,2,1,6,17,0,2,1,1,0.6,0.6212,0.43,0,86,764,850
12421,2012-06-06,2,1,6,17,0,3,1,1,0.62,0.6212,0.43,0.1343,72,652,724
12445,2012-06-07,2,1,6,17,0,4,1,1,0.72,0.6515,0.34,0.2537,91,778,869
12469,2012-06-08,2,1,6,17,0,5,1,1,0.76,0.6667,0.29,0.194,114,679,793
12493,2012-06-09,2,1,6,17,0,6,0,1,0.84,0.7121,0.24,0,238,257,495
12517,2012-06-10,2,1,6,17,0,0,0,1,0.82,0.7424,0.41,0.2836,184,337,521
12541,2012-06-11,2,1,6,17,0,1,1,2,0.8,0.7121,0.41,0.3582,85,715,800
12565,2012-06-12,2,1,6,17,0,2,1,2,0.66,0.5909,0.89,0.2836,56,625,681
12589,2012-06-13,2,1,6,17,0,3,1,1,0.72,0.6515,0.32,0.4925,75,782,857
12613,2012-06-14,2,1,6,17,0,4,1,1,0.72,0.6667,0.48,0.2239,117,750,867
12637,2012-06-15,2,1,6,17,0,5,1,1,0.74,0.6515,0.37,0.2836,125,698,823
12661,2012-06-16,2,1,6,17,0,6,0,2,0.72,0.6515,0.37,0.2537,244,349,593
12685,2012-06-17,2,1,6,17,0,0,0,1,0.64,0.6212,0.57,0.2239,232,361,593
12709,2012-06-18,2,1,6,17,0,1,1,2,0.6,0.5909,0.73,0.194,54,669,723
12733,2012-06-19,2,1,6,17,0,2,1,1,0.8,0.7576,0.55,0.194,86,725,811
12757,2012-06-20,2,1,6,17,0,3,1,1,0.9,0.8182,0.37,0,80,611,691
12781,2012-06-21,3,1,6,17,0,4,1,1,0.88,0.7879,0.37,0,80,535,615
12805,2012-06-22,3,1,6,17,0,5,1,2,0.82,0.7273,0.38,0.1642,95,551,646
12829,2012-06-23,3,1,6,17,0,6,0,1,0.82,0.7121,0.26,0.2537,214,316,530
12853,2012-06-24,3,1,6,17,0,0,0,1,0.84,0.7273,0.32,0.2537,203,329,532
12877,2012-06-25,3,1,6,17,0,1,1,1,0.8,0.6818,0.24,0.4627,76,757,833
12901,2012-06-26,3,1,6,17,0,2,1,1,0.72,0.6515,0.28,0.4179,104,796,900
12925,2012-06-27,3,1,6,17,0,3,1,1,0.82,0.697,0.24,0.3881,113,730,843
12949,2012-06-28,3,1,6,17,0,4,1,1,0.88,0.7424,0.22,0.194,71,634,705
12973,2012-06-29,3,1,6,17,0,5,1,1,0.98,0.9242,0.34,0.194,82,457,539
12997,2012-06-30,3,1,6,17,0,6,0,1,0.88,0.7727,0.32,0.1343,131,231,362
13021,2012-07-01,3,1,7,17,0,0,0,1,0.92,0.803,0.26,0.2985,90,323,413
13045,2012-07-02,3,1,7,17,0,1,1,1,0.84,0.7273,0.32,0.1343,82,665,747
13069,2012-07-03,3,1,7,17,0,2,1,2,0.86,0.7424,0.3,0.1642,102,620,722
13093,2012-07-04,3,1,7,17,1,3,0,1,0.92,0.8485,0.35,0.2985,161,253,414
13117,2012-07-05,3,1,7,17,0,4,1,1,0.92,0.8485,0.35,0.1642,114,575,689
13141,2012-07-06,3,1,7,17,0,5,1,1,0.92,0.8182,0.29,0,90,486,576
13165,2012-07-07,3,1,7,17,0,6,0,1,0.96,0.8485,0.26,0.1343,103,176,279
13189,2012-07-08,3,1,7,17,0,0,0,1,0.78,0.7424,0.59,0,68,202,270
13213,2012-07-09,3,1,7,17,0,1,1,1,0.78,0.697,0.4,0.1642,108,741,849
13237,2012-07-10,3,1,7,17,0,2,1,1,0.78,0.7121,0.49,0.194,103,769,872
13261,2012-07-11,3,1,7,17,0,3,1,1,0.8,0.697,0.31,0.2239,90,740,830
13285,2012-07-12,3,1,7,17,0,4,1,1,0.76,0.6818,0.43,0.2239,91,704,795
13309,2012-07-13,3,1,7,17,0,5,1,2,0.8,0.7121,0.36,0.1642,138,697,835
13333,2012-07-14,3,1,7,17,0,6,0,3,0.7,0.6667,0.79,0.1642,199,259,458
13357,2012-07-15,3,1,7,17,0,0,0,1,0.8,0.7727,0.59,0.4925,122,314,436
13381,2012-07-16,3,1,7,17,0,1,1,3,0.76,0.7273,0.66,0.5821,86,669,755
13405,2012-07-17,3,1,7,17,0,2,1,1,0.92,0.8182,0.29,0,95,675,770
13429,2012-07-18,3,1,7,17,0,3,1,1,0.74,0.697,0.7,0.2537,35,335,370
13453,2012-07-19,3,1,7,17,0,4,1,1,0.86,0.7879,0.41,0,93,678,771
13477,2012-07-20,3,1,7,17,0,5,1,2,0.66,0.5909,0.89,0.4179,95,620,715
13501,2012-07-21,3,1,7,17,0,6,0,3,0.6,0.5455,0.88,0.1642,92,149,241
13525,2012-07-22,3,1,7,17,0,0,0,1,0.74,0.697,0.66,0.2239,188,368,556
13549,2012-07-23,3,1,7,17,0,1,1,1,0.82,0.7727,0.52,0.1343,87,760,847
13573,2012-07-24,3,1,7,17,0,2,1,1,0.8,0.7424,0.52,0.3284,94,775,869
13597,2012-07-25,3,1,7,17,0,3,1,1,0.8,0.697,0.31,0,130,783,913
13621,2012-07-26,3,1,7,17,0,4,1,1,0.9,0.8636,0.45,0.4179,110,628,738
13645,2012-07-27,3,1,7,17,0,5,1,1,0.86,0.7879,0.41,0.2836,101,598,699
13669,2012-07-28,3,1,7,17,0,6,0,1,0.82,0.7576,0.46,0.194,199,280,479
13693,2012-07-29,3,1,7,17,0,0,0,1,0.82,0.7424,0.41,0.1642,164,367,531
13717,2012-07-30,3,1,7,17,0,1,1,1,0.76,0.697,0.55,0.3284,62,765,827
13741,2012-07-31,3,1,7,17,0,2,1,1,0.78,0.7121,0.52,0.2239,94,726,820
13765,2012-08-01,3,1,8,17,0,3,1,1,0.8,0.7424,0.49,0.1642,103,734,837
13789,2012-08-02,3,1,8,17,0,4,1,1,0.82,0.7727,0.52,0.2537,90,775,865
13813,2012-08-03,3,1,8,17,0,5,1,2,0.84,0.803,0.53,0.2836,95,646,741
13837,2012-08-04,3,1,8,17,0,6,0,1,0.88,0.7879,0.37,0.2985,179,313,492
13861,2012-08-05,3,1,8,17,0,0,0,1,0.82,0.7576,0.46,0.2537,122,260,382
13885,2012-08-06,3,1,8,17,0,1,1,1,0.82,0.7424,0.41,0,112,746,858
13909,2012-08-07,3,1,8,17,0,2,1,2,0.78,0.7424,0.62,0.1343,125,743,868
13933,2012-08-08,3,1,8,17,0,3,1,2,0.8,0.7576,0.55,0.2836,107,751,858
13957,2012-08-09,3,1,8,17,0,4,1,1,0.86,0.7576,0.36,0.2537,111,699,810
13981,2012-08-10,3,1,8,17,0,5,1,1,0.8,0.7424,0.52,0.2836,111,619,730
14005,2012-08-11,3,1,8,17,0,6,0,3,0.74,0.697,0.66,0.3582,220,292,512
14029,2012-08-12,3,1,8,17,0,0,0,1,0.8,0.697,0.33,0,186,319,505
14053,2012-08-13,3,1,8,17,0,1,1,1,0.8,0.7121,0.36,0.1642,102,716,818
14077,2012-08-14,3,1,8,17,0,2,1,3,0.76,0.7273,0.66,0.2537,78,734,812
14101,2012-08-15,3,1,8,17,0,3,1,1,0.74,0.6818,0.55,0.2836,102,749,851
14125,2012-08-16,3,1,8,17,0,4,1,1,0.82,0.7273,0.34,0.194,130,767,897
14149,2012-08-17,3,1,8,17,0,5,1,1,0.82,0.2424,0.36,0.3284,144,647,791
14173,2012-08-18,3,1,8,17,0,6,0,1,0.76,0.6667,0.37,0.2239,256,379,635
14197,2012-08-19,3,1,8,17,0,0,0,2,0.64,0.5909,0.78,0.1045,76,267,343
14221,2012-08-20,3,1,8,17,0,1,1,1,0.7,0.6515,0.58,0.2836,83,810,893
14245,2012-08-21,3,1,8,17,0,2,1,1,0.74,0.6667,0.51,0.2836,92,786,878
14269,2012-08-22,3,1,8,17,0,3,1,3,0.74,0.6818,0.55,0.2239,72,711,783
14293,2012-08-23,3,1,8,17,0,4,1,1,0.76,0.6818,0.45,0.2239,111,709,820
14317,2012-08-24,3,1,8,17,0,5,1,2,0.74,0.6667,0.51,0.2239,117,695,812
14341,2012-08-25,3,1,8,17,0,6,0,2,0.66,0.6212,0.74,0.3284,132,271,403
14365,2012-08-26,3,1,8,17,0,0,0,1,0.64,0.5758,0.89,0.2239,61,172,233
14389,2012-08-27,3,1,8,17,0,1,1,1,0.8,0.7273,0.46,0.2239,101,744,845
14413,2012-08-28,3,1,8,17,0,2,1,1,0.8,0.697,0.35,0.3881,90,774,864
14437,2012-08-29,3,1,8,17,0,3,1,1,0.78,0.6818,0.35,0.2239,108,762,870
14461,2012-08-30,3,1,8,17,0,4,1,1,0.82,0.7273,0.34,0.2239,93,751,844
14485,2012-08-31,3,1,8,17,0,5,1,1,0.88,0.7727,0.32,0.1642,129,488,617
14509,2012-09-01,3,1,9,17,0,6,0,2,0.82,0.7727,0.52,0,205,258,463
14533,2012-09-02,3,1,9,17,0,0,0,1,0.76,0.7273,0.66,0.0896,219,284,503
14557,2012-09-03,3,1,9,17,1,1,0,1,0.74,0.697,0.7,0.1343,181,317,498
14581,2012-09-04,3,1,9,17,0,2,1,1,0.76,0.7273,0.7,0.3582,110,746,856
14605,2012-09-05,3,1,9,17,0,3,1,1,0.76,0.7273,0.66,0.2537,83,780,863
14629,2012-09-06,3,1,9,17,0,4,1,1,0.74,0.697,0.7,0.2537,67,741,808
14653,2012-09-07,3,1,9,17,0,5,1,1,0.78,0.7424,0.59,0.3284,88,684,772
14677,2012-09-08,3,1,9,17,0,6,0,3,0.58,0.5455,0.83,0.194,52,119,171
14701,2012-09-09,3,1,9,17,0,0,0,1,0.7,0.6364,0.37,0.2537,213,458,671
14725,2012-09-10,3,1,9,17,0,1,1,1,0.66,0.6212,0.34,0.3284,127,744,871
14749,2012-09-11,3,1,9,17,0,2,1,1,0.7,0.6364,0.28,0,168,802,970
14773,2012-09-12,3,1,9,17,0,3,1,1,0.7,0.6364,0.41,0.2985,114,811,925
14797,2012-09-13,3,1,9,17,0,4,1,1,0.72,0.6515,0.42,0.194,97,787,884
14821,2012-09-14,3,1,9,17,0,5,1,1,0.72,0.6667,0.51,0.194,137,757,894
14845,2012-09-15,3,1,9,17,0,6,0,2,0.66,0.6212,0.36,0.2537,295,434,729
14869,2012-09-16,3,1,9,17,0,0,0,1,0.66,0.6212,0.41,0,177,393,570
14893,2012-09-17,3,1,9,17,0,1,1,2,0.64,0.6061,0.65,0.2239,102,740,842
14917,2012-09-18,3,1,9,17,0,2,1,3,0.6,0.5455,0.88,0.194,36,302,338
14941,2012-09-19,3,1,9,17,0,3,1,1,0.6,0.6212,0.38,0.2239,74,812,886
14965,2012-09-20,3,1,9,17,0,4,1,1,0.64,0.6212,0.5,0.2239,91,885,976
14989,2012-09-21,3,1,9,17,0,5,1,1,0.68,0.6364,0.57,0.2836,107,739,846
15013,2012-09-22,3,1,9,17,0,6,0,1,0.74,0.6667,0.51,0.3284,195,451,646
15037,2012-09-23,4,1,9,17,0,0,0,1,0.56,0.5303,0.35,0.2985,227,496,723
15061,2012-09-24,4,1,9,17,0,1,1,1,0.58,0.5455,0.3,0,89,809,898
15085,2012-09-25,4,1,9,17,0,2,1,1,0.66,0.6212,0.39,0.2836,107,860,967
15109,2012-09-26,4,1,9,17,0,3,1,1,0.74,0.6667,0.48,0.2985,77,876,953
15133,2012-09-27,4,1,9,17,0,4,1,2,0.66,0.6212,0.69,0.2985,87,818,905
15157,2012-09-28,4,1,9,17,0,5,1,2,0.66,0.6212,0.54,0.2985,101,707,808
15181,2012-09-29,4,1,9,17,0,6,0,1,0.6,0.6212,0.38,0.3582,256,456,712
15205,2012-09-30,4,1,9,17,0,0,0,1,0.62,0.6212,0.35,0.2836,195,380,575
15229,2012-10-01,4,1,10,17,0,1,1,3,0.56,0.5303,0.6,0.2537,65,791,856
15253,2012-10-02,4,1,10,17,0,2,1,3,0.62,0.5606,0.88,0.1045,38,677,715
15277,2012-10-03,4,1,10,17,0,3,1,1,0.7,0.6515,0.65,0,84,833,917
15301,2012-10-04,4,1,10,17,0,4,1,1,0.7,0.6515,0.51,0.2239,112,789,901
15325,2012-10-05,4,1,10,17,0,5,1,1,0.7,0.6364,0.42,0.1642,158,742,900
15349,2012-10-06,4,1,10,17,0,6,0,1,0.54,0.5152,0.49,0.3881,268,342,610
15373,2012-10-07,4,1,10,17,0,0,0,3,0.4,0.4091,0.82,0.2239,35,122,157
15397,2012-10-08,4,1,10,17,1,1,0,2,0.42,0.4242,0.66,0.2537,81,416,497
15421,2012-10-09,4,1,10,17,0,2,1,2,0.52,0.5,0.68,0.1642,73,733,806
15445,2012-10-10,4,1,10,17,0,3,1,1,0.58,0.5455,0.43,0.2239,91,857,948
15469,2012-10-11,4,1,10,17,0,4,1,1,0.5,0.4848,0.39,0.2836,90,737,827
15493,2012-10-12,4,1,10,17,0,5,1,1,0.46,0.4545,0.38,0.3881,131,706,837
15517,2012-10-13,4,1,10,17,0,6,0,1,0.46,0.4545,0.38,0.1642,193,335,528
15541,2012-10-14,4,1,10,17,0,0,0,1,0.64,0.6212,0.44,0.194,193,346,539
15565,2012-10-15,4,1,10,17,0,1,1,1,0.56,0.5303,0.64,0.2537,96,670,766
15589,2012-10-16,4,1,10,17,0,2,1,1,0.52,0.5,0.39,0.194,104,839,943
15613,2012-10-17,4,1,10,17,0,3,1,1,0.54,0.5152,0.56,0.1045,122,766,888
15637,2012-10-18,4,1,10,17,0,4,1,2,0.58,0.5455,0.64,0.3284,102,788,890
15661,2012-10-19,4,1,10,17,0,5,1,3,0.62,0.6061,0.69,0.3582,48,377,425
15685,2012-10-20,4,1,10,17,0,6,0,1,0.54,0.5152,0.37,0.2239,347,384,731
15709,2012-10-21,4,1,10,17,0,0,0,1,0.52,0.5,0.39,0.2537,153,338,491
15733,2012-10-22,4,1,10,17,0,1,1,1,0.62,0.6212,0.33,0.1045,84,838,922
15757,2012-10-23,4,1,10,17,0,2,1,1,0.68,0.6364,0.41,0,67,871,938
15781,2012-10-24,4,1,10,17,0,3,1,1,0.66,0.6212,0.47,0,87,876,963
15805,2012-10-25,4,1,10,17,0,4,1,1,0.6,0.5909,0.69,0.1642,112,774,886
15829,2012-10-26,4,1,10,17,0,5,1,2,0.56,0.5303,0.76,0.194,125,692,817
15853,2012-10-27,4,1,10,17,0,6,0,2,0.56,0.5303,0.64,0.2836,248,370,618
15877,2012-10-28,4,1,10,17,0,0,0,3,0.46,0.4545,0.77,0.5224,37,188,225
15889,2012-10-30,4,1,10,17,0,2,1,3,0.3,0.2879,0.87,0.2239,19,105,124
15913,2012-10-31,4,1,10,17,0,3,1,2,0.4,0.4091,0.58,0.1642,39,684,723
15937,2012-11-01,4,1,11,17,0,4,1,3,0.4,0.4091,0.5,0.2239,37,652,689
15961,2012-11-02,4,1,11,17,0,5,1,1,0.38,0.3939,0.4,0.3284,57,581,638
15985,2012-11-03,4,1,11,17,0,6,0,2,0.36,0.3333,0.46,0.2985,112,298,410
16009,2012-11-04,4,1,11,17,0,0,0,1,0.36,0.3485,0.43,0.194,57,270,327
16033,2012-11-05,4,1,11,17,0,1,1,1,0.34,0.3182,0.46,0.2239,34,604,638
16057,2012-11-06,4,1,11,17,0,2,1,1,0.32,0.303,0.53,0.2239,30,597,627
16081,2012-11-07,4,1,11,17,0,3,1,2,0.32,0.2879,0.53,0.3881,16,501,517
16104,2012-11-08,4,1,11,17,0,4,1,1,0.4,0.4091,0.2,0.2985,36,556,592
16128,2012-11-09,4,1,11,17,0,5,1,1,0.42,0.4242,0.44,0.1343,61,593,654
16152,2012-11-10,4,1,11,17,0,6,0,1,0.5,0.4848,0.45,0.194,183,318,501
16176,2012-11-11,4,1,11,17,0,0,0,1,0.54,0.5152,0.45,0.1642,151,342,493
16200,2012-11-12,4,1,11,17,1,1,0,1,0.56,0.5303,0.64,0.2836,66,530,596
16224,2012-11-13,4,1,11,17,0,2,1,1,0.34,0.303,0.49,0.3582,33,575,608
16248,2012-11-14,4,1,11,17,0,3,1,1,0.32,0.3182,0.49,0.194,19,564,583
16272,2012-11-15,4,1,11,17,0,4,1,2,0.36,0.3485,0.57,0.2239,22,541,563
16296,2012-11-16,4,1,11,17,0,5,1,1,0.36,0.3485,0.46,0.194,41,539,580
16320,2012-11-17,4,1,11,17,0,6,0,1,0.38,0.3939,0.4,0.1642,101,302,403
16344,2012-11-18,4,1,11,17,0,0,0,2,0.38,0.3939,0.66,0.2537,48,232,280
16368,2012-11-19,4,1,11,17,0,1,1,2,0.42,0.4242,0.58,0.194,33,586,619
16392,2012-11-20,4,1,11,17,0,2,1,2,0.4,0.4091,0.71,0.1642,37,553,590
16416,2012-11-21,4,1,11,17,0,3,1,1,0.4,0.4091,0.4,0.1642,41,333,374
16440,2012-11-22,4,1,11,17,1,4,0,1,0.44,0.4394,0.35,0,66,43,109
16464,2012-11-23,4,1,11,17,0,5,1,2,0.48,0.4697,0.39,0.0896,117,183,300
16488,2012-11-24,4,1,11,17,0,6,0,1,0.26,0.2273,0.41,0.3881,29,97,126
16512,2012-11-25,4,1,11,17,0,0,0,1,0.28,0.2727,0.41,0.1642,11,170,181
16536,2012-11-26,4,1,11,17,0,1,1,1,0.42,0.4242,0.32,0,13,540,553
16560,2012-11-27,4,1,11,17,0,2,1,2,0.3,0.2727,0.75,0.3881,13,514,527
16584,2012-11-28,4,1,11,17,0,3,1,1,0.34,0.3333,0.31,0.1343,17,546,563
16607,2012-11-29,4,1,11,17,0,4,1,1,0.34,0.3333,0.39,0.194,17,544,561
16631,2012-11-30,4,1,11,17,0,5,1,1,0.36,0.3485,0.5,0.194,31,551,582
16655,2012-12-01,4,1,12,17,0,6,0,2,0.34,0.3485,0.76,0.1045,50,270,320
16679,2012-12-02,4,1,12,17,0,0,0,3,0.4,0.4091,0.76,0.194,59,244,303
16703,2012-12-03,4,1,12,17,0,1,1,1,0.52,0.5,0.63,0.1045,43,665,708
16727,2012-12-04,4,1,12,17,0,2,1,1,0.52,0.5,0.59,0.2239,43,700,743
16751,2012-12-05,4,1,12,17,0,3,1,1,0.44,0.4394,0.35,0.2836,29,576,605
16775,2012-12-06,4,1,12,17,0,4,1,1,0.3,0.3182,0.45,0.1045,31,586,617
16799,2012-12-07,4,1,12,17,0,5,1,2,0.38,0.3939,0.66,0,29,539,568
16823,2012-12-08,4,1,12,17,0,6,0,1,0.38,0.3939,0.87,0.1343,77,268,345
16847,2012-12-09,4,1,12,17,0,0,0,3,0.36,0.3485,0.93,0.1343,20,209,229
16871,2012-12-10,4,1,12,17,0,1,1,2,0.48,0.4697,0.82,0.2836,38,578,616
16895,2012-12-11,4,1,12,17,0,2,1,1,0.32,0.303,0.53,0.2239,21,580,601
16919,2012-12-12,4,1,12,17,0,3,1,2,0.32,0.303,0.53,0.2239,21,540,561
16943,2012-12-13,4,1,12,17,0,4,1,1,0.32,0.3333,0.42,0.1045,43,507,550
16967,2012-12-14,4,1,12,17,0,5,1,1,0.34,0.3333,0.57,0.1642,40,582,622
16991,2012-12-15,4,1,12,17,0,6,0,1,0.4,0.4091,0.5,0.2239,35,274,309
17015,2012-12-16,4,1,12,17,0,0,0,2,0.38,0.3939,0.82,0.1045,29,214,243
17039,2012-12-17,4,1,12,17,0,1,1,2,0.4,0.4091,0.94,0.2537,17,478,495
17063,2012-12-18,4,1,12,17,0,2,1,1,0.4,0.4091,0.47,0.4478,39,533,572
17087,2012-12-19,4,1,12,17,0,3,1,1,0.4,0.4091,0.5,0.3881,26,536,562
17111,2012-12-20,4,1,12,17,0,4,1,2,0.34,0.3333,0.66,0.194,25,450,475
17135,2012-12-21,1,1,12,17,0,5,1,2,0.26,0.2273,0.56,0.3284,24,297,321
17159,2012-12-22,1,1,12,17,0,6,0,1,0.28,0.2576,0.41,0.2985,15,99,114
17183,2012-12-23,1,1,12,17,0,0,0,1,0.32,0.3182,0.49,0.194,21,93,114
17206,2012-12-24,1,1,12,17,0,1,1,3,0.24,0.2424,0.93,0.1642,7,19,26
17229,2012-12-25,1,1,12,17,1,2,0,2,0.32,0.303,0.57,0.2537,16,34,50
17253,2012-12-26,1,1,12,17,0,3,1,3,0.26,0.2273,0.93,0.3582,2,51,53
17277,2012-12-27,1,1,12,17,0,4,1,2,0.26,0.2424,0.52,0.2836,30,227,257
17301,2012-12-28,1,1,12,17,0,5,1,1,0.24,0.2424,0.6,0.1343,43,228,271
17325,2012-12-29,1,1,12,17,0,6,0,1,0.26,0.2424,0.79,0.1045,18,100,118
17349,2012-12-30,1,1,12,17,0,0,0,1,0.26,0.2273,0.41,0.3284,26,97,123
17373,2012-12-31,1,1,12,17,0,1,1,2,0.26,0.2879,0.48,0.0896,14,150,164
