19,2011-01-01,1,0,1,18,0,6,0,3,0.42,0.4242,0.88,0.2537,9,26,35
42,2011-01-02,1,0,1,18,0,0,0,2,0.36,0.3333,0.46,0.3284,10,43,53
64,2011-01-03,1,0,1,18,0,1,1,1,0.24,0.2576,0.32,0.1045,9,148,157
87,2011-01-04,1,0,1,18,0,2,1,1,0.26,0.2576,0.48,0.194,3,179,182
110,2011-01-05,1,0,1,18,0,3,1,1,0.24,0.2424,0.38,0.1343,3,166,169
133,2011-01-06,1,0,1,18,0,4,1,1,0.22,0.2273,0.51,0.1343,5,158,163
156,2011-01-07,1,0,1,18,0,5,1,1,0.2,0.2273,0.4,0.0896,7,116,123
180,2011-01-08,1,0,1,18,0,6,0,1,0.14,0.1212,0.39,0.2985,3,52,55
204,2011-01-09,1,0,1,18,0,0,0,1,0.16,0.1364,0.4,0.3284,4,44,48
228,2011-01-10,1,0,1,18,0,1,1,1,0.2,0.197,0.4,0.2239,1,154,155
250,2011-01-11,1,0,1,18,0,2,1,3,0.16,0.1818,0.93,0.1045,1,94,95
272,2011-01-12,1,0,1,18,0,3,1,1,0.2,0.1515,0.47,0.5224,2,135,137
296,2011-01-13,1,0,1,18,0,4,1,1,0.2,0.1818,0.4,0.3284,3,141,144
319,2011-01-14,1,0,1,18,0,5,1,1,0.2,0.2576,0.47,0,5,134,139
343,2011-01-15,1,0,1,18,0,6,0,2,0.3,0.2879,0.45,0.2537,15,69,84
367,2011-01-16,1,0,1,18,0,0,0,1,0.2,0.2121,0.4,0.1642,11,56,67
391,2011-01-17,1,0,1,18,1,1,0,2,0.18,0.1667,0.55,0.2537,7,85,92
403,2011-01-18,1,0,1,18,0,2,1,2,0.22,0.2273,0.8,0.1642,1,132,133
426,2011-01-19,1,0,1,18,0,3,1,1,0.34,0.3182,0.61,0.2836,5,156,161
450,2011-01-20,1,0,1,18,0,4,1,2,0.26,0.2576,0.56,0.194,1,184,185
474,2011-01-21,1,0,1,18,0,5,1,1,0.12,0.1212,0.3,0.2537,1,119,120
497,2011-01-22,1,0,1,18,0,6,0,1,0.08,0.0909,0.35,0.194,0,54,54
520,2011-01-23,1,0,1,18,0,0,0,1,0.12,0.1212,0.3,0.2537,5,44,49
543,2011-01-24,1,0,1,18,0,1,1,1,0.14,0.1364,0.59,0.194,8,145,153
566,2011-01-25,1,0,1,18,0,2,1,2,0.3,0.3182,0.49,0.0896,7,218,225
590,2011-01-27,1,0,1,18,0,4,1,1,0.2,0.2273,0.69,0.0896,3,101,104
613,2011-01-28,1,0,1,18,0,5,1,1,0.24,0.2273,0.75,0.194,2,107,109
636,2011-01-29,1,0,1,18,0,6,0,1,0.22,0.2273,0.69,0.1343,9,59,68
659,2011-01-30,1,0,1,18,0,0,0,1,0.26,0.2576,0.65,0.1642,8,57,65
683,2011-01-31,1,0,1,18,0,1,1,2,0.16,0.1515,0.55,0.2239,3,153,156
706,2011-02-01,1,0,2,18,0,2,1,2,0.24,0.2576,0.81,0.1045,3,165,168
730,2011-02-02,1,0,2,18,0,3,1,1,0.34,0.2879,0.42,0.5522,7,175,182
753,2011-02-03,1,0,2,18,0,4,1,1,0.2,0.2121,0.4,0.1642,2,145,147
776,2011-02-04,1,0,2,18,0,5,1,2,0.24,0.2576,0.6,0.1045,3,152,155
800,2011-02-05,1,0,2,18,0,6,0,2,0.28,0.2424,0.93,0.4478,2,81,83
824,2011-02-06,1,0,2,18,0,0,0,1,0.3,0.303,0.56,0.1642,13,65,78
848,2011-02-07,1,0,2,18,0,1,1,2,0.34,0.3333,0.66,0.1343,5,170,175
872,2011-02-08,1,0,2,18,0,2,1,1,0.2,0.1818,0.32,0.3881,1,151,152
895,2011-02-09,1,0,2,18,0,3,1,2,0.18,0.1667,0.47,0.2985,2,168,170
918,2011-02-10,1,0,2,18,0,4,1,1,0.16,0.1818,0.28,0.1343,3,157,160
940,2011-02-11,1,0,2,18,0,5,1,1,0.28,0.3182,0.28,0,9,165,174
964,2011-02-12,1,0,2,18,0,6,0,1,0.28,0.2576,0.38,0.3284,4,60,64
987,2011-02-13,1,0,2,18,0,0,0,1,0.4,0.4091,0.32,0.2985,17,78,95
1011,2011-02-14,1,0,2,18,0,1,1,1,0.4,0.4091,0.4,0.6119,11,194,205
1034,2011-02-15,1,0,2,18,0,2,1,1,0.3,0.303,0.22,0.1343,14,198,212
1057,2011-02-16,1,0,2,18,0,3,1,1,0.4,0.4091,0.4,0.2239,20,202,222
1081,2011-02-17,1,0,2,18,0,4,1,2,0.54,0.5152,0.42,0.2836,11,211,222
1105,2011-02-18,1,0,2,18,0,5,1,1,0.64,0.6212,0.33,0.3284,29,195,224
1129,2011-02-19,1,0,2,18,0,6,0,1,0.36,0.3182,0.25,0.4478,21,67,88
1152,2011-02-20,1,0,2,18,0,0,0,2,0.34,0.3333,0.36,0.1343,30,71,101
1176,2011-02-21,1,0,2,18,1,1,0,2,0.24,0.2121,0.87,0.3582,2,64,66
1194,2011-02-22,1,0,2,18,0,2,1,1,0.22,0.2273,0.47,0.1343,6,161,167
1217,2011-02-23,1,0,2,18,0,3,1,1,0.32,0.3333,0.26,0.0896,3,206,209
1240,2011-02-24,1,0,2,18,0,4,1,2,0.34,0.303,0.87,0.3284,5,132,137
1263,2011-02-25,1,0,2,18,0,5,1,1,0.32,0.2879,0.49,0.4925,7,150,157
1287,2011-02-26,1,0,2,18,0,6,0,1,0.34,0.3333,0.46,0.194,26,111,137
1310,2011-02-27,1,0,2,18,0,0,0,1,0.4,0.4091,0.54,0.194,24,103,127
1332,2011-02-28,1,0,2,18,0,1,1,3,0.46,0.4545,0.94,0.194,4,127,131
1356,2011-03-01,1,0,3,18,0,2,1,1,0.32,0.3182,0.39,0.194,10,214,224
1380,2011-03-02,1,0,3,18,0,3,1,1,0.46,0.4545,0.23,0.4925,8,193,201
1404,2011-03-03,1,0,3,18,0,4,1,1,0.24,0.2121,0.35,0.3284,6,161,167
1428,2011-03-04,1,0,3,18,0,5,1,2,0.34,0.303,0.53,0.2985,15,172,187
1452,2011-03-05,1,0,3,18,0,6,0,2,0.48,0.4697,0.59,0.3284,37,115,152
1475,2011-03-06,1,0,3,18,0,0,0,3,0.32,0.2879,1,0.3582,0,23,23
1498,2011-03-07,1,0,3,18,0,1,1,1,0.32,0.303,0.31,0.2239,19,214,233
1522,2011-03-08,1,0,3,18,0,2,1,1,0.34,0.3333,0.27,0.194,21,214,235
1546,2011-03-09,1,0,3,18,0,3,1,2,0.34,0.3182,0.76,0.2537,12,176,188
1568,2011-03-10,1,0,3,18,0,4,1,3,0.44,0.4394,0,0.3582,2,80,82
1591,2011-03-11,1,0,3,18,0,5,1,1,0.32,0.303,0.49,0.3284,19,134,153
1615,2011-03-12,1,0,3,18,0,6,0,1,0.42,0.4242,0.54,0.1642,54,91,145
1638,2011-03-13,1,0,3,18,0,0,0,1,0.4,0.4091,0.43,0.3582,55,92,147
1661,2011-03-14,1,0,3,18,0,1,1,1,0.36,0.3636,0.4,0.1045,25,210,235
1684,2011-03-15,1,0,3,18,0,2,1,2,0.36,0.3333,0.62,0.2985,18,207,225
1707,2011-03-16,1,0,3,18,0,3,1,2,0.44,0.4394,0.54,0.2239,26,211,237
1731,2011-03-17,1,0,3,18,0,4,1,2,0.46,0.4545,0.59,0.1642,50,260,310
1754,2011-03-18,1,0,3,18,0,5,1,1,0.68,0.6364,0.39,0.1642,84,247,331
1778,2011-03-19,1,0,3,18,0,6,0,1,0.46,0.4545,0.31,0.3284,92,125,217
1802,2011-03-20,1,0,3,18,0,0,0,1,0.38,0.3939,0.4,0.3582,58,98,156
1825,2011-03-21,2,0,3,18,0,1,1,2,0.52,0.5,0.72,0.2239,44,232,276
1849,2011-03-22,2,0,3,18,0,2,1,1,0.48,0.4697,0.44,0.0896,41,271,312
1872,2011-03-23,2,0,3,18,0,3,1,3,0.38,0.3939,0.82,0.2537,20,218,238
1896,2011-03-24,2,0,3,18,0,4,1,2,0.3,0.2727,0.61,0.2985,17,197,214
1920,2011-03-25,2,0,3,18,0,5,1,1,0.3,0.2879,0.39,0.2537,8,190,198
1944,2011-03-26,2,0,3,18,0,6,0,2,0.32,0.3182,0.21,0.1642,64,89,153
1967,2011-03-27,2,0,3,18,0,0,0,1,0.3,0.2879,0.33,0.194,32,105,137
1990,2011-03-28,2,0,3,18,0,1,1,1,0.32,0.303,0.21,0.2836,21,220,241
2014,2011-03-29,2,0,3,18,0,2,1,1,0.36,0.3636,0.21,0.0896,42,252,294
2038,2011-03-30,2,0,3,18,0,3,1,2,0.26,0.2576,0.93,0.2239,6,79,85
2062,2011-03-31,2,0,3,18,0,4,1,2,0.3,0.303,0.87,0.1343,12,165,177
2086,2011-04-01,2,0,4,18,0,5,1,1,0.34,0.303,0.46,0.3284,36,205,241
2110,2011-04-02,2,0,4,18,0,6,0,1,0.38,0.3939,0.54,0.194,69,110,179
2134,2011-04-03,2,0,4,18,0,0,0,2,0.46,0.4545,0.31,0,71,101,172
2158,2011-04-04,2,0,4,18,0,1,1,2,0.72,0.6364,0.23,0.4925,78,308,386
2182,2011-04-05,2,0,4,18,0,2,1,1,0.38,0.3939,0.4,0.4925,19,248,267
2206,2011-04-06,2,0,4,18,0,3,1,1,0.52,0.5,0.29,0.3582,43,282,325
2230,2011-04-07,2,0,4,18,0,4,1,1,0.48,0.4697,0.55,0.2537,68,265,333
2254,2011-04-08,2,0,4,18,0,5,1,3,0.32,0.303,0.93,0.2537,8,54,62
2278,2011-04-09,2,0,4,18,0,6,0,2,0.38,0.3939,0.82,0.1045,48,129,177
2302,2011-04-10,2,0,4,18,0,0,0,1,0.5,0.4848,0.77,0.194,103,137,240
2325,2011-04-11,2,0,4,18,0,1,1,1,0.72,0.6667,0.51,0.3881,93,290,383
2349,2011-04-12,2,0,4,18,0,2,1,3,0.44,0.4394,0.77,0.2239,21,203,224
2373,2011-04-13,2,0,4,18,0,3,1,1,0.44,0.4394,0.62,0.3881,28,293,321
2397,2011-04-14,2,0,4,18,0,4,1,1,0.56,0.5303,0.3,0,47,290,337
2421,2011-04-15,2,0,4,18,1,5,0,2,0.46,0.4545,0.67,0.3881,47,216,263
2445,2011-04-16,2,0,4,18,0,6,0,2,0.5,0.4848,0.94,0.3881,6,32,38
2469,2011-04-17,2,0,4,18,0,0,0,1,0.56,0.5303,0.3,0.3881,102,175,277
2493,2011-04-18,2,0,4,18,0,1,1,1,0.64,0.6212,0.31,0.3582,41,321,362
2517,2011-04-19,2,0,4,18,0,2,1,2,0.54,0.5152,0.64,0.1343,44,377,421
2541,2011-04-20,2,0,4,18,0,3,1,1,0.74,0.6515,0.3,0.3582,56,385,441
2565,2011-04-21,2,0,4,18,0,4,1,1,0.5,0.4848,0.25,0.2836,71,381,452
2589,2011-04-22,2,0,4,18,0,5,1,3,0.32,0.303,0.93,0.2239,4,47,51
2613,2011-04-23,2,0,4,18,0,6,0,1,0.58,0.5455,0.78,0.194,149,227,376
2637,2011-04-24,2,0,4,18,0,0,0,1,0.64,0.6061,0.69,0.1642,96,174,270
2661,2011-04-25,2,0,4,18,0,1,1,1,0.68,0.6364,0.57,0.3582,74,425,499
2685,2011-04-26,2,0,4,18,0,2,1,1,0.68,0.6364,0.65,0.4478,65,463,528
2709,2011-04-27,2,0,4,18,0,3,1,3,0.66,0.6061,0.83,0.3881,46,366,412
2733,2011-04-28,2,0,4,18,0,4,1,1,0.64,0.6212,0.47,0.3582,44,486,530
2757,2011-04-29,2,0,4,18,0,5,1,1,0.52,0.5,0.48,0.3582,55,384,439
2781,2011-04-30,2,0,4,18,0,6,0,1,0.54,0.5152,0.43,0.1343,134,237,371
2805,2011-05-01,2,0,5,18,0,0,0,2,0.46,0.4545,0.82,0.0896,33,126,159
2829,2011-05-02,2,0,5,18,0,1,1,2,0.64,0.6061,0.65,0.194,68,450,518
2853,2011-05-03,2,0,5,18,0,2,1,1,0.7,0.6515,0.48,0.4179,59,485,544
2877,2011-05-04,2,0,5,18,0,3,1,1,0.42,0.4242,0.67,0.2537,29,367,396
2901,2011-05-05,2,0,5,18,0,4,1,1,0.56,0.5303,0.26,0.2836,64,456,520
2925,2011-05-06,2,0,5,18,0,5,1,3,0.54,0.5152,0.52,0.3582,85,385,470
2949,2011-05-07,2,0,5,18,0,6,0,1,0.58,0.5455,0.37,0.1642,114,175,289
2973,2011-05-08,2,0,5,18,0,0,0,1,0.58,0.5455,0.49,0,63,205,268
2997,2011-05-09,2,0,5,18,0,1,1,1,0.62,0.6212,0.38,0.2985,66,458,524
3021,2011-05-10,2,0,5,18,0,2,1,1,0.64,0.6212,0.29,0.1343,70,480,550
3045,2011-05-11,2,0,5,18,0,3,1,1,0.62,0.6212,0.5,0.2985,40,234,274
3069,2011-05-12,2,0,5,18,0,4,1,1,0.62,0.6061,0.69,0.2239,64,463,527
3093,2011-05-13,2,0,5,18,0,5,1,3,0.52,0.5,0.88,0.1642,39,359,398
3117,2011-05-14,2,0,5,18,0,6,0,2,0.56,0.5303,0.88,0.2239,88,216,304
3141,2011-05-15,2,0,5,18,0,0,0,1,0.56,0.5303,0.78,0.2537,60,177,237
3165,2011-05-16,2,0,5,18,0,1,1,3,0.58,0.5455,0.83,0.194,55,398,453
3189,2011-05-17,2,0,5,18,0,2,1,1,0.6,0.5909,0.69,0.2985,54,426,480
3213,2011-05-18,2,0,5,18,0,3,1,1,0.6,0.5909,0.73,0.2239,58,431,489
3237,2011-05-19,2,0,5,18,0,4,1,1,0.6,0.6212,0.55,0.1642,59,454,513
3261,2011-05-20,2,0,5,18,0,5,1,1,0.6,0.6212,0.56,0.1642,79,394,473
3285,2011-05-21,2,0,5,18,0,6,0,2,0.7,0.6364,0.45,0.1642,191,253,444
3309,2011-05-22,2,0,5,18,0,0,0,1,0.66,0.6212,0.61,0.2239,120,238,358
3333,2011-05-23,2,0,5,18,0,1,1,1,0.7,0.6667,0.74,0.2836,68,385,453
3357,2011-05-24,2,0,5,18,0,2,1,1,0.7,0.6515,0.7,0.194,74,490,564
3381,2011-05-25,2,0,5,18,0,3,1,1,0.72,0.6667,0.58,0.2239,66,451,517
3405,2011-05-26,2,0,5,18,0,4,1,1,0.8,0.7273,0.46,0.3284,74,404,478
3429,2011-05-27,2,0,5,18,0,5,1,2,0.72,0.6818,0.62,0.2985,89,310,399
3453,2011-05-28,2,0,5,18,0,6,0,1,0.72,0.6818,0.62,0.2537,173,212,385
3477,2011-05-29,2,0,5,18,0,0,0,1,0.72,0.697,0.74,0.2836,151,177,328
3501,2011-05-30,2,0,5,18,1,1,0,1,0.86,0.7879,0.41,0.1642,77,172,249
3525,2011-05-31,2,0,5,18,0,2,1,1,0.84,0.803,0.53,0.194,55,362,417
3549,2011-06-01,2,0,6,18,0,3,1,3,0.82,0.7879,0.56,0.3881,31,278,309
3573,2011-06-02,2,0,6,18,0,4,1,1,0.74,0.6515,0.22,0.3881,74,451,525
3597,2011-06-03,2,0,6,18,0,5,1,1,0.7,0.6364,0.24,0.2985,76,488,564
3621,2011-06-04,2,0,6,18,0,6,0,2,0.74,0.6515,0.3,0.1642,127,214,341
3645,2011-06-05,2,0,6,18,0,0,0,1,0.7,0.6515,0.58,0.1045,124,239,363
3669,2011-06-06,2,0,6,18,0,1,1,1,0.76,0.6667,0.31,0.1343,56,500,556
3693,2011-06-07,2,0,6,18,0,2,1,1,0.78,0.697,0.46,0.2836,72,479,551
3717,2011-06-08,2,0,6,18,0,3,1,1,0.9,0.8182,0.37,0.2239,61,398,459
3741,2011-06-09,2,0,6,18,0,4,1,1,0.88,0.803,0.39,0.2836,52,414,466
3765,2011-06-10,2,0,6,18,0,5,1,1,0.8,0.7727,0.59,0.2239,96,367,463
3789,2011-06-11,2,0,6,18,0,6,0,2,0.72,0.6818,0.62,0.1343,131,155,286
3813,2011-06-12,2,0,6,18,0,0,0,1,0.7,0.6667,0.74,0.1642,69,187,256
3837,2011-06-13,2,0,6,18,0,1,1,1,0.7,0.6364,0.37,0.3582,76,510,586
3861,2011-06-14,2,0,6,18,0,2,1,1,0.62,0.6212,0.51,0.3284,65,473,538
3885,2011-06-15,2,0,6,18,0,3,1,1,0.72,0.6515,0.32,0.1343,80,527,607
3909,2011-06-16,2,0,6,18,0,4,1,1,0.64,0.5758,0.83,0.2239,26,299,325
3933,2011-06-17,2,0,6,18,0,5,1,3,0.76,0.6818,0.4,0.194,62,388,450
3957,2011-06-18,2,0,6,18,0,6,0,2,0.74,0.6818,0.55,0.194,118,263,381
3981,2011-06-19,2,0,6,18,0,0,0,2,0.74,0.6818,0.58,0.0896,78,218,296
4005,2011-06-20,2,0,6,18,0,1,1,1,0.7,0.6515,0.61,0.2537,64,474,538
4029,2011-06-21,3,0,6,18,0,2,1,2,0.76,0.7273,0.7,0.2537,67,469,536
4053,2011-06-22,3,0,6,18,0,3,1,2,0.8,0.7727,0.59,0.2537,66,447,513
4077,2011-06-23,3,0,6,18,0,4,1,1,0.72,0.6818,0.7,0.4179,57,483,540
4101,2011-06-24,3,0,6,18,0,5,1,1,0.76,0.6667,0.37,0.2985,87,365,452
4125,2011-06-25,3,0,6,18,0,6,0,1,0.72,0.6515,0.45,0.2537,108,199,307
4149,2011-06-26,3,0,6,18,0,0,0,2,0.72,0.6515,0.45,0.2537,117,265,382
4173,2011-06-27,3,0,6,18,0,1,1,1,0.74,0.6667,0.51,0,79,512,591
4197,2011-06-28,3,0,6,18,0,2,1,3,0.8,0.7576,0.55,0.2985,68,436,504
4221,2011-06-29,3,0,6,18,0,3,1,1,0.8,0.697,0.29,0.2985,78,510,588
4245,2011-06-30,3,0,6,18,0,4,1,1,0.76,0.6667,0.29,0.2537,114,472,586
4269,2011-07-01,3,0,7,18,0,5,1,1,0.8,0.6818,0.24,0.2537,98,324,422
4293,2011-07-02,3,0,7,18,0,6,0,1,0.82,0.7121,0.3,0.2836,193,190,383
4317,2011-07-03,3,0,7,18,0,0,0,3,0.8,0.7424,0.49,0.8507,74,107,181
4341,2011-07-04,3,0,7,18,1,1,0,1,0.8,0.7273,0.46,0.1343,222,196,418
4365,2011-07-05,3,0,7,18,0,2,1,1,0.8,0.7576,0.55,0.1642,70,426,496
4389,2011-07-06,3,0,7,18,0,3,1,1,0.76,0.7121,0.62,0.194,77,486,563
4413,2011-07-07,3,0,7,18,0,4,1,1,0.84,0.7576,0.44,0.2985,70,492,562
4437,2011-07-08,3,0,7,18,0,5,1,1,0.66,0.6061,0.83,0.0896,35,281,316
4461,2011-07-09,3,0,7,18,0,6,0,1,0.82,0.7273,0.36,0.1045,132,246,378
4485,2011-07-10,3,0,7,18,0,0,0,1,0.82,0.7424,0.43,0.2836,141,222,363
4509,2011-07-11,3,0,7,18,0,1,1,1,0.86,0.8333,0.53,0.3881,57,415,472
4533,2011-07-12,3,0,7,18,0,2,1,1,0.86,0.803,0.47,0.2985,39,472,511
4557,2011-07-13,3,0,7,18,0,3,1,1,0.72,0.697,0.79,0.1343,51,412,463
4581,2011-07-14,3,0,7,18,0,4,1,1,0.72,0.6515,0.42,0.194,94,484,578
4605,2011-07-15,3,0,7,18,0,5,1,1,0.72,0.6515,0.45,0.2239,102,394,496
4629,2011-07-16,3,0,7,18,0,6,0,1,0.76,0.6818,0.45,0.2836,185,243,428
4653,2011-07-17,3,0,7,18,0,0,0,1,0.8,0.7273,0.46,0.2985,147,243,390
4677,2011-07-18,3,0,7,18,0,1,1,1,0.82,0.7727,0.49,0.3582,80,478,558
4701,2011-07-19,3,0,7,18,0,2,1,1,0.8,0.803,0.66,0.1343,80,450,530
4725,2011-07-20,3,0,7,18,0,3,1,1,0.84,0.8333,0.59,0.2239,68,429,497
4749,2011-07-21,3,0,7,18,0,4,1,1,0.9,0.8939,0.5,0.2836,39,343,382
4773,2011-07-22,3,0,7,18,0,5,1,1,0.9,0.8182,0.37,0.1642,34,250,284
4797,2011-07-23,3,0,7,18,0,6,0,1,0.92,0.8788,0.4,0.2239,62,134,196
4821,2011-07-24,3,0,7,18,0,0,0,1,0.88,0.8182,0.42,0.1642,67,176,243
4845,2011-07-25,3,0,7,18,0,1,1,1,0.74,0.7121,0.74,0.0896,60,473,533
4869,2011-07-26,3,0,7,18,0,2,1,1,0.84,0.7424,0.39,0.3881,68,478,546
4893,2011-07-27,3,0,7,18,0,3,1,1,0.82,0.7121,0.28,0.1045,78,463,541
4917,2011-07-28,3,0,7,18,0,4,1,1,0.84,0.8182,0.56,0.2239,55,428,483
4941,2011-07-29,3,0,7,18,0,5,1,1,0.92,0.8636,0.37,0.3284,49,313,362
4965,2011-07-30,3,0,7,18,0,6,0,1,0.88,0.7576,0.28,0.194,92,207,299
4989,2011-07-31,3,0,7,18,0,0,0,1,0.86,0.7879,0.41,0.2836,91,213,304
5013,2011-08-01,3,0,8,18,0,1,1,1,0.78,0.697,0.43,0.194,68,475,543
5037,2011-08-02,3,0,8,18,0,2,1,2,0.86,0.7576,0.34,0.194,65,491,556
5061,2011-08-03,3,0,8,18,0,3,1,3,0.7,0.6667,0.84,0,49,443,492
5085,2011-08-04,3,0,8,18,0,4,1,1,0.7,0.6667,0.74,0.2985,88,435,523
5109,2011-08-05,3,0,8,18,0,5,1,1,0.76,0.697,0.52,0.2537,105,361,466
5133,2011-08-06,3,0,8,18,0,6,0,2,0.72,0.697,0.79,0.4478,81,130,211
5157,2011-08-07,3,0,8,18,0,0,0,1,0.72,0.697,0.74,0.0896,74,155,229
5181,2011-08-08,3,0,8,18,0,1,1,1,0.84,0.7576,0.41,0.1343,64,465,529
5205,2011-08-09,3,0,8,18,0,2,1,1,0.8,0.7576,0.55,0.194,97,488,585
5229,2011-08-10,3,0,8,18,0,3,1,1,0.82,0.7121,0.28,0.2985,70,489,559
5253,2011-08-11,3,0,8,18,0,4,1,1,0.78,0.6818,0.29,0.0896,74,497,571
5277,2011-08-12,3,0,8,18,0,5,1,1,0.76,0.6818,0.4,0.2985,89,376,465
5301,2011-08-13,3,0,8,18,0,6,0,1,0.7,0.6667,0.74,0.2239,123,169,292
5325,2011-08-14,3,0,8,18,0,0,0,1,0.74,0.697,0.66,0.1642,125,222,347
5349,2011-08-15,3,0,8,18,0,1,1,1,0.7,0.6515,0.65,0.194,70,413,483
5373,2011-08-16,3,0,8,18,0,2,1,1,0.76,0.6818,0.45,0.2239,54,516,570
5397,2011-08-17,3,0,8,18,0,3,1,1,0.76,0.697,0.55,0.2537,86,470,556
5421,2011-08-18,3,0,8,18,0,4,1,3,0.76,0.697,0.55,0.2537,48,226,274
5445,2011-08-19,3,0,8,18,0,5,1,1,0.76,0.7121,0.58,0.5224,88,337,425
5469,2011-08-20,3,0,8,18,0,6,0,1,0.76,0.7121,0.58,0.2537,169,225,394
5493,2011-08-21,3,0,8,18,0,0,0,1,0.72,0.697,0.79,0.2537,96,215,311
5517,2011-08-22,3,0,8,18,0,1,1,1,0.72,0.6515,0.28,0.2985,72,537,609
5541,2011-08-23,3,0,8,18,0,2,1,1,0.72,0.6515,0.34,0.194,98,421,519
5565,2011-08-24,3,0,8,18,0,3,1,1,0.74,0.6818,0.55,0.2985,102,519,621
5589,2011-08-25,3,0,8,18,0,4,1,2,0.72,0.7121,0.84,0.1343,31,377,408
5613,2011-08-26,3,0,8,18,0,5,1,2,0.74,0.7121,0.74,0.1343,40,370,410
5648,2011-08-28,3,0,8,18,0,0,0,1,0.74,0.6667,0.42,0.2239,145,257,402
5672,2011-08-29,3,0,8,18,0,1,1,1,0.66,0.6212,0.47,0.2537,60,487,547
5696,2011-08-30,3,0,8,18,0,2,1,1,0.7,0.6364,0.45,0.1642,60,516,576
5720,2011-08-31,3,0,8,18,0,3,1,1,0.7,0.6515,0.51,0.2239,70,495,565
5744,2011-09-01,3,0,9,18,0,4,1,1,0.72,0.6667,0.54,0.2239,69,462,531
5768,2011-09-02,3,0,9,18,0,5,1,2,0.68,0.6364,0.65,0.194,50,305,355
5792,2011-09-03,3,0,9,18,0,6,0,1,0.72,0.6818,0.7,0.1642,160,179,339
5816,2011-09-04,3,0,9,18,0,0,0,1,0.76,0.7273,0.66,0.194,187,169,356
5840,2011-09-05,3,0,9,18,1,1,0,1,0.66,0.5909,0.89,0.0896,31,92,123
5863,2011-09-06,3,0,9,18,0,2,1,2,0.54,0.5152,0.88,0.3881,22,351,373
5887,2011-09-07,3,0,9,18,0,3,1,3,0.64,0.5758,0.89,0,18,219,237
5910,2011-09-08,3,0,9,18,0,4,1,3,0.64,0.5606,0.94,0.3582,2,66,68
5934,2011-09-09,3,0,9,18,0,5,1,1,0.7,0.6667,0.79,0.194,33,377,410
5958,2011-09-10,3,0,9,18,0,6,0,1,0.72,0.6667,0.58,0.194,119,241,360
5982,2011-09-11,3,0,9,18,0,0,0,1,0.68,0.6364,0.65,0.2985,110,229,339
6005,2011-09-12,3,0,9,18,0,1,1,1,0.7,0.6515,0.54,0.194,56,515,571
6029,2011-09-13,3,0,9,18,0,2,1,1,0.7,0.6515,0.61,0.1642,67,472,539
6053,2011-09-14,3,0,9,18,0,3,1,1,0.72,0.6818,0.62,0.1642,83,503,586
6077,2011-09-15,3,0,9,18,0,4,1,3,0.48,0.4697,0.67,0.6119,22,222,244
6101,2011-09-16,3,0,9,18,0,5,1,2,0.52,0.5,0.52,0.1642,55,427,482
6125,2011-09-17,3,0,9,18,0,6,0,2,0.52,0.5,0.72,0.2239,95,234,329
6149,2011-09-18,3,0,9,18,0,0,0,2,0.56,0.5303,0.6,0.1045,66,223,289
6173,2011-09-19,3,0,9,18,0,1,1,2,0.56,0.5303,0.68,0.1343,56,484,540
6197,2011-09-20,3,0,9,18,0,2,1,1,0.6,0.5606,0.83,0.1045,39,453,492
6221,2011-09-21,3,0,9,18,0,3,1,3,0.64,0.5758,0.83,0.1642,24,384,408
6245,2011-09-22,3,0,9,18,0,4,1,2,0.64,0.5758,0.83,0.1045,50,501,551
6269,2011-09-23,4,0,9,18,0,5,1,1,0.6,0.5,1,0,14,220,234
6293,2011-09-24,4,0,9,18,0,6,0,1,0.64,0.5909,0.78,0.1045,157,243,400
6317,2011-09-25,4,0,9,18,0,0,0,1,0.68,0.6364,0.74,0,125,279,404
6341,2011-09-26,4,0,9,18,0,1,1,1,0.66,0.6061,0.83,0.1045,63,490,553
6365,2011-09-27,4,0,9,18,0,2,1,2,0.64,0.5758,0.89,0.2239,31,325,356
6389,2011-09-28,4,0,9,18,0,3,1,3,0.66,0.6061,0.83,0.2537,65,459,524
6413,2011-09-29,4,0,9,18,0,4,1,1,0.64,0.6212,0.41,0.2239,84,500,584
6437,2011-09-30,4,0,9,18,0,5,1,1,0.58,0.5455,0.49,0.3582,62,449,511
6461,2011-10-01,4,0,10,18,0,6,0,3,0.38,0.3939,0.87,0.2239,23,117,140
6485,2011-10-02,4,0,10,18,0,0,0,2,0.36,0.3485,0.81,0.194,16,158,174
6509,2011-10-03,4,0,10,18,0,1,1,2,0.4,0.4091,0.76,0.1642,28,384,412
6533,2011-10-04,4,0,10,18,0,2,1,1,0.54,0.5152,0.64,0.2836,68,456,524
6557,2011-10-05,4,0,10,18,0,3,1,1,0.6,0.6212,0.53,0.1642,57,536,593
6581,2011-10-06,4,0,10,18,0,4,1,1,0.54,0.5152,0.64,0.0896,59,479,538
6605,2011-10-07,4,0,10,18,0,5,1,1,0.56,0.5303,0.6,0.0896,94,371,465
6629,2011-10-08,4,0,10,18,0,6,0,1,0.6,0.6212,0.46,0.1045,135,224,359
6653,2011-10-09,4,0,10,18,0,0,0,1,0.64,0.6212,0.5,0.1045,186,228,414
6677,2011-10-10,4,0,10,18,1,1,0,2,0.64,0.6212,0.53,0,108,365,473
6701,2011-10-11,4,0,10,18,0,2,1,2,0.6,0.5758,0.78,0.2239,46,493,539
6725,2011-10-12,4,0,10,18,0,3,1,3,0.54,0.5152,0.94,0.1343,11,161,172
6749,2011-10-13,4,0,10,18,0,4,1,3,0.62,0.5758,0.83,0.2537,20,248,268
6773,2011-10-14,4,0,10,18,0,5,1,1,0.54,0.5152,0.39,0.2836,62,361,423
6797,2011-10-15,4,0,10,18,0,6,0,1,0.54,0.5152,0.39,0.194,121,251,372
6821,2011-10-16,4,0,10,18,0,0,0,1,0.56,0.5303,0.49,0.4478,102,226,328
6845,2011-10-17,4,0,10,18,0,1,1,1,0.56,0.5303,0.6,0,49,469,518
6869,2011-10-18,4,0,10,18,0,2,1,1,0.56,0.5303,0.68,0.1045,58,512,570
6892,2011-10-19,4,0,10,18,0,3,1,3,0.56,0.5303,1,0.1642,8,132,140
6916,2011-10-20,4,0,10,18,0,4,1,2,0.46,0.4545,0.51,0.2985,39,430,469
6940,2011-10-21,4,0,10,18,0,5,1,2,0.44,0.4394,0.54,0.2537,43,354,397
6964,2011-10-22,4,0,10,18,0,6,0,1,0.44,0.4394,0.54,0.0896,111,224,335
6988,2011-10-23,4,0,10,18,0,0,0,1,0.5,0.4848,0.63,0.1045,88,196,284
7012,2011-10-24,4,0,10,18,0,1,1,1,0.54,0.5152,0.6,0.0896,58,428,486
7036,2011-10-25,4,0,10,18,0,2,1,1,0.52,0.5,0.42,0.1045,65,453,518
7060,2011-10-26,4,0,10,18,0,3,1,1,0.52,0.5,0.77,0.1642,55,398,453
7084,2011-10-27,4,0,10,18,0,4,1,2,0.48,0.4697,0.67,0.4627,14,226,240
7108,2011-10-28,4,0,10,18,0,5,1,2,0.36,0.3485,0.53,0.1642,36,332,368
7132,2011-10-29,4,0,10,18,0,6,0,3,0.22,0.197,0.93,0.3284,6,37,43
7156,2011-10-30,4,0,10,18,0,0,0,1,0.36,0.3485,0.4,0.1343,51,162,213
7180,2011-10-31,4,0,10,18,0,1,1,1,0.4,0.4091,0.66,0.0896,30,392,422
7204,2011-11-01,4,0,11,18,0,2,1,1,0.42,0.4242,0.58,0.1045,39,421,460
7228,2011-11-02,4,0,11,18,0,3,1,1,0.42,0.4242,0.71,0.1642,31,448,479
7252,2011-11-03,4,0,11,18,0,4,1,1,0.46,0.4545,0.63,0.1343,24,409,433
7276,2011-11-04,4,0,11,18,0,5,1,1,0.42,0.4242,0.32,0.4627,35,339,374
7300,2011-11-05,4,0,11,18,0,6,0,1,0.36,0.3636,0.5,0.0896,52,185,237
7324,2011-11-06,4,0,11,18,0,0,0,1,0.42,0.4242,0.71,0.1045,39,146,185
7348,2011-11-07,4,0,11,18,0,1,1,1,0.46,0.4545,0.59,0.1045,18,407,425
7372,2011-11-08,4,0,11,18,0,2,1,1,0.48,0.4697,0.55,0.1343,30,432,462
7396,2011-11-09,4,0,11,18,0,3,1,1,0.44,0.4394,0.67,0.1045,21,387,408
7420,2011-11-10,4,0,11,18,0,4,1,2,0.36,0.3485,0.81,0.1642,10,263,273
7444,2011-11-11,4,0,11,18,1,5,0,1,0.34,0.3182,0.39,0.2537,23,185,208
7468,2011-11-12,4,0,11,18,0,6,0,1,0.42,0.4242,0.58,0.194,53,150,203
7492,2011-11-13,4,0,11,18,0,0,0,1,0.52,0.5,0.27,0.3284,35,155,190
7516,2011-11-14,4,0,11,18,0,1,1,1,0.56,0.5303,0.56,0.2836,29,460,489
7540,2011-11-15,4,0,11,18,0,2,1,2,0.5,0.4848,0.72,0.2836,27,414,441
7564,2011-11-16,4,0,11,18,0,3,1,3,0.46,0.4545,0.88,0.3881,13,176,189
7588,2011-11-17,4,0,11,18,0,4,1,1,0.32,0.3182,0.39,0.194,9,298,307
7612,2011-11-18,4,0,11,18,0,5,1,1,0.3,0.303,0.36,0.1642,16,312,328
7636,2011-11-19,4,0,11,18,0,6,0,1,0.38,0.3939,0.46,0.1343,36,172,208
7660,2011-11-20,4,0,11,18,0,0,0,2,0.54,0.5152,0.64,0.194,22,123,145
7684,2011-11-21,4,0,11,18,0,1,1,3,0.42,0.4242,0.88,0.194,8,184,192
7708,2011-11-22,4,0,11,18,0,2,1,3,0.44,0.4394,1,0,0,148,148
7732,2011-11-23,4,0,11,18,0,3,1,2,0.4,0.4091,0.58,0.5224,7,138,145
7756,2011-11-24,4,0,11,18,1,4,0,1,0.42,0.4242,0.5,0.0896,13,24,37
7780,2011-11-25,4,0,11,18,0,5,1,1,0.46,0.4545,0.44,0.0896,45,108,153
7804,2011-11-26,4,0,11,18,0,6,0,2,0.42,0.4242,0.62,0.1642,67,118,185
7828,2011-11-27,4,0,11,18,0,0,0,1,0.5,0.4848,0.63,0.1642,25,130,155
7851,2011-11-28,4,0,11,18,0,1,1,1,0.56,0.5303,0.64,0.2239,20,396,416
7875,2011-11-29,4,0,11,18,0,2,1,2,0.4,0.4091,0.82,0.2985,11,347,358
7899,2011-11-30,4,0,11,18,0,3,1,1,0.34,0.303,0.49,0.3284,7,369,376
7923,2011-12-01,4,0,12,18,0,4,1,1,0.36,0.3636,0.43,0.1045,12,393,405
7947,2011-12-02,4,0,12,18,0,5,1,1,0.4,0.4091,0.5,0,10,362,372
7971,2011-12-03,4,0,12,18,0,6,0,1,0.34,0.3333,0.53,0.1343,31,193,224
7995,2011-12-04,4,0,12,18,0,0,0,1,0.38,0.3939,0.71,0,10,161,171
8019,2011-12-05,4,0,12,18,0,1,1,1,0.44,0.4394,0.77,0,13,386,399
8043,2011-12-06,4,0,12,18,0,2,1,2,0.46,0.4545,1,0.2836,17,287,304
8067,2011-12-07,4,0,12,18,0,3,1,3,0.4,0.4091,0.94,0.2985,3,48,51
8091,2011-12-08,4,0,12,18,0,4,1,1,0.28,0.2727,0.52,0.2239,12,306,318
8115,2011-12-09,4,0,12,18,0,5,1,1,0.34,0.3636,0.61,0,10,308,318
8139,2011-12-10,4,0,12,18,0,6,0,1,0.26,0.2576,0.38,0.2239,28,144,172
8163,2011-12-11,4,0,12,18,0,0,0,1,0.24,0.2273,0.48,0.194,12,151,163
8187,2011-12-12,4,0,12,18,0,1,1,1,0.3,0.3182,0.56,0.0896,8,349,357
8211,2011-12-13,4,0,12,18,0,2,1,1,0.34,0.3182,0.42,0.2239,12,370,382
8235,2011-12-14,4,0,12,18,0,3,1,2,0.36,0.3485,0.62,0.1642,11,379,390
8259,2011-12-15,4,0,12,18,0,4,1,2,0.52,0.5,0.59,0.2985,14,363,377
8283,2011-12-16,4,0,12,18,0,5,1,2,0.32,0.303,0.45,0.2537,10,285,295
8307,2011-12-17,4,0,12,18,0,6,0,1,0.26,0.2273,0.48,0.3881,7,150,157
8331,2011-12-18,4,0,12,18,0,0,0,1,0.28,0.2727,0.45,0.194,15,123,138
8355,2011-12-19,4,0,12,18,0,1,1,1,0.36,0.3485,0.5,0.194,11,343,354
8379,2011-12-20,4,0,12,18,0,2,1,1,0.38,0.3939,0.66,0.194,26,385,411
8403,2011-12-21,1,0,12,18,0,3,1,2,0.44,0.4394,1,0.2985,2,278,280
8427,2011-12-22,1,0,12,18,0,4,1,2,0.44,0.4394,0.62,0.0896,11,277,288
8451,2011-12-23,1,0,12,18,0,5,1,1,0.36,0.3333,0.5,0.2537,4,91,95
8475,2011-12-24,1,0,12,18,0,6,0,1,0.3,0.3182,0.42,0.0896,2,33,35
8498,2011-12-25,1,0,12,18,0,0,0,1,0.32,0.3182,0.7,0.194,7,23,30
8521,2011-12-26,1,0,12,18,1,1,0,1,0.32,0.3333,0.49,0.0896,21,54,75
8545,2011-12-27,1,0,12,18,0,2,1,1,0.38,0.3939,0.87,0.2836,9,126,135
8568,2011-12-28,1,0,12,18,0,3,1,1,0.26,0.2273,0.38,0.3284,10,159,169
8592,2011-12-29,1,0,12,18,0,4,1,1,0.3,0.303,0.56,0.1343,15,192,207
8616,2011-12-30,1,0,12,18,0,5,1,1,0.36,0.3485,0.62,0.1343,19,163,182
8640,2011-12-31,1,0,12,18,0,6,0,1,0.42,0.4242,0.54,0.1343,13,80,93
8664,2012-01-01,1,1,1,18,0,0,0,3,0.46,0.4545,0.59,0.2537,25,81,106
8687,2012-01-02,1,1,1,18,1,1,0,1,0.26,0.2424,0.33,0.2537,13,113,126
8711,2012-01-03,1,1,1,18,0,2,1,1,0.14,0.0909,0.26,0.5224,10,214,224
8735,2012-01-04,1,1,1,18,0,3,1,2,0.2,0.2121,0.37,0.1343,9,280,289
8759,2012-01-05,1,1,1,18,0,4,1,1,0.34,0.3333,0.36,0.1642,9,374,383
8783,2012-01-06,1,1,1,18,0,5,1,1,0.5,0.4848,0.29,0.2537,28,391,419
8807,2012-01-07,1,1,1,18,0,6,0,1,0.54,0.5152,0.45,0.1343,49,248,297
8831,2012-01-08,1,1,1,18,0,0,0,1,0.34,0.3182,0.46,0.2239,19,162,181
8855,2012-01-09,1,1,1,18,0,1,1,4,0.2,0.2273,0.86,0.0896,6,158,164
8878,2012-01-10,1,1,1,18,0,2,1,1,0.4,0.4091,0.4,0.1045,13,372,385
8902,2012-01-11,1,1,1,18,0,3,1,3,0.34,0.3333,0.87,0.194,2,96,98
8926,2012-01-12,1,1,1,18,0,4,1,1,0.44,0.4394,0.67,0.194,22,399,421
8950,2012-01-13,1,1,1,18,0,5,1,1,0.26,0.2273,0.38,0.2985,7,294,301
8974,2012-01-14,1,1,1,18,0,6,0,1,0.22,0.2273,0.41,0.194,21,122,143
8998,2012-01-15,1,1,1,18,0,0,0,1,0.18,0.1818,0.29,0.2239,7,113,120
9022,2012-01-16,1,1,1,18,1,1,0,1,0.26,0.2273,0.52,0.3284,6,175,181
9045,2012-01-17,1,1,1,18,0,2,1,1,0.46,0.4545,0.63,0.4478,12,451,463
9069,2012-01-18,1,1,1,18,0,3,1,1,0.24,0.2121,0.32,0.3582,8,347,355
9093,2012-01-19,1,1,1,18,0,4,1,2,0.26,0.2273,0.44,0.3284,16,345,361
9117,2012-01-20,1,1,1,18,0,5,1,2,0.2,0.2273,0.34,0.0896,5,296,301
9141,2012-01-21,1,1,1,18,0,6,0,2,0.2,0.1818,0.75,0.3881,3,107,110
9165,2012-01-22,1,1,1,18,0,0,0,3,0.16,0.1818,0.86,0.1045,11,110,121
9189,2012-01-23,1,1,1,18,0,1,1,2,0.24,0.2424,0.93,0.1343,7,275,282
9213,2012-01-24,1,1,1,18,0,2,1,1,0.4,0.4091,0.62,0.0896,32,391,423
9237,2012-01-25,1,1,1,18,0,3,1,1,0.32,0.3333,0.66,0.1343,24,415,439
9261,2012-01-26,1,1,1,18,0,4,1,2,0.42,0.4242,0.71,0,12,394,406
9285,2012-01-27,1,1,1,18,0,5,1,1,0.4,0.4091,0.5,0.4925,20,363,383
9309,2012-01-28,1,1,1,18,0,6,0,1,0.42,0.4242,0.41,0.2239,40,201,241
9333,2012-01-29,1,1,1,18,0,0,0,1,0.34,0.303,0.23,0.3582,17,151,168
9357,2012-01-30,1,1,1,18,0,1,1,1,0.34,0.3333,0.23,0.1642,11,399,410
9381,2012-01-31,1,1,1,18,0,2,1,1,0.54,0.5152,0.24,0.3582,16,486,502
9405,2012-02-01,1,1,2,18,0,3,1,1,0.56,0.5303,0.46,0.1642,12,514,526
9429,2012-02-02,1,1,2,18,0,4,1,1,0.4,0.4091,0.43,0.4627,17,393,410
9453,2012-02-03,1,1,2,18,0,5,1,1,0.38,0.3939,0.4,0.1343,17,368,385
9477,2012-02-04,1,1,2,18,0,6,0,3,0.28,0.2727,0.75,0.1642,6,58,64
9501,2012-02-05,1,1,2,18,0,0,0,1,0.3,0.2879,0.52,0.2537,10,171,181
9524,2012-02-06,1,1,2,18,0,1,1,1,0.38,0.3939,0.43,0.2239,11,426,437
9548,2012-02-07,1,1,2,18,0,2,1,1,0.42,0.4242,0.38,0.194,10,508,518
9572,2012-02-08,1,1,2,18,0,3,1,3,0.24,0.2576,0.87,0.1045,4,163,167
9596,2012-02-09,1,1,2,18,0,4,1,1,0.34,0.3333,0.31,0.1642,13,404,417
9620,2012-02-10,1,1,2,18,0,5,1,3,0.3,0.303,0.61,0.1343,14,345,359
9644,2012-02-11,1,1,2,18,0,6,0,2,0.22,0.1818,0.47,0.6567,3,105,108
9668,2012-02-12,1,1,2,18,0,0,0,1,0.16,0.1212,0.4,0.4627,4,92,96
9692,2012-02-13,1,1,2,18,0,1,1,1,0.34,0.3182,0.25,0.2537,6,399,405
9716,2012-02-14,1,1,2,18,0,2,1,2,0.38,0.3939,0.46,0.2985,8,398,406
9740,2012-02-15,1,1,2,18,0,3,1,1,0.4,0.4091,0.4,0.2239,9,459,468
9764,2012-02-16,1,1,2,18,0,4,1,3,0.34,0.3333,0.87,0.1343,8,345,353
9788,2012-02-17,1,1,2,18,0,5,1,1,0.4,0.4091,0.35,0.2537,15,362,377
9812,2012-02-18,1,1,2,18,0,6,0,1,0.46,0.4545,0.38,0.2985,70,176,246
9836,2012-02-19,1,1,2,18,0,0,0,2,0.3,0.2727,0.49,0.3284,23,144,167
9859,2012-02-20,1,1,2,18,1,1,0,1,0.34,0.3182,0.34,0.2239,27,215,242
9882,2012-02-21,1,1,2,18,0,2,1,1,0.38,0.3939,0.4,0.4478,11,414,425
9906,2012-02-22,1,1,2,18,0,3,1,2,0.48,0.4697,0.41,0.3284,42,483,525
9930,2012-02-23,1,1,2,18,0,4,1,1,0.54,0.5152,0.37,0.1343,36,486,522
9954,2012-02-24,1,1,2,18,0,5,1,2,0.42,0.4242,0.94,0,11,289,300
9978,2012-02-25,1,1,2,18,0,6,0,1,0.3,0.2576,0.28,0.5821,7,126,133
10002,2012-02-26,1,1,2,18,0,0,0,1,0.34,0.3182,0.36,0.2836,17,199,216
10026,2012-02-27,1,1,2,18,0,1,1,1,0.52,0.5,0.27,0.4179,10,517,527
10050,2012-02-28,1,1,2,18,0,2,1,1,0.42,0.4242,0.28,0.1642,17,432,449
10073,2012-02-29,1,1,2,18,0,3,1,3,0.4,0.4091,0.87,0,11,181,192
10097,2012-03-01,1,1,3,18,0,4,1,1,0.54,0.5152,0.34,0.3582,27,498,525
10121,2012-03-02,1,1,3,18,0,5,1,3,0.36,0.3485,0.87,0.194,6,154,160
10145,2012-03-03,1,1,3,18,0,6,0,1,0.5,0.4848,0.25,0.2537,53,250,303
10169,2012-03-04,1,1,3,18,0,0,0,1,0.32,0.2727,0.33,0.6119,20,164,184
10193,2012-03-05,1,1,3,18,0,1,1,3,0.28,0.2273,0.55,0.6567,12,363,375
10217,2012-03-06,1,1,3,18,0,2,1,1,0.34,0.303,0.42,0.3284,15,442,457
10241,2012-03-07,1,1,3,18,0,3,1,1,0.56,0.5303,0.4,0.4627,35,509,544
10265,2012-03-08,1,1,3,18,0,4,1,2,0.62,0.6212,0.38,0.5522,45,545,590
10289,2012-03-09,1,1,3,18,0,5,1,1,0.44,0.4394,0.26,0.5224,30,440,470
10313,2012-03-10,1,1,3,18,0,6,0,1,0.36,0.3636,0.21,0.0896,67,230,297
10336,2012-03-11,1,1,3,18,0,0,0,1,0.52,0.5,0.29,0.2836,133,256,389
10360,2012-03-12,1,1,3,18,0,1,1,2,0.6,0.6212,0.43,0.194,89,623,712
10384,2012-03-13,1,1,3,18,0,2,1,1,0.7,0.6364,0.34,0.2985,96,638,734
10408,2012-03-14,1,1,3,18,0,3,1,1,0.7,0.6364,0.32,0,102,647,749
10432,2012-03-15,1,1,3,18,0,4,1,1,0.66,0.6212,0.44,0.2836,98,648,746
10456,2012-03-16,1,1,3,18,0,5,1,3,0.48,0.4697,0.82,0.0896,31,377,408
10480,2012-03-17,1,1,3,18,0,6,0,1,0.62,0.6212,0.57,0.2985,221,339,560
10504,2012-03-18,1,1,3,18,0,0,0,1,0.56,0.5303,0.64,0.1642,165,294,459
10528,2012-03-19,1,1,3,18,0,1,1,1,0.64,0.6212,0.57,0.2537,120,681,801
10552,2012-03-20,1,1,3,18,0,2,1,1,0.6,0.5909,0.69,0.2537,136,665,801
10576,2012-03-21,2,1,3,18,0,3,1,1,0.6,0.5909,0.69,0,152,627,779
10600,2012-03-22,2,1,3,18,0,4,1,1,0.66,0.6212,0.65,0.1642,147,654,801
10624,2012-03-23,2,1,3,18,0,5,1,1,0.7,0.6364,0.45,0.1642,237,593,830
10648,2012-03-24,2,1,3,18,0,6,0,3,0.46,0.4545,0.94,0.2239,27,110,137
10672,2012-03-25,2,1,3,18,0,0,0,1,0.5,0.4848,0.72,0.0896,202,289,491
10696,2012-03-26,2,1,3,18,0,1,1,1,0.44,0.4394,0.26,0.4478,90,594,684
10720,2012-03-27,2,1,3,18,0,2,1,1,0.42,0.4242,0.17,0.0896,67,577,644
10744,2012-03-28,2,1,3,18,0,3,1,1,0.6,0.6061,0.6,0.2239,61,580,641
10768,2012-03-29,2,1,3,18,0,4,1,1,0.5,0.4848,0.39,0.2985,83,598,681
10792,2012-03-30,2,1,3,18,0,5,1,1,0.42,0.4242,0.54,0.194,68,492,560
10816,2012-03-31,2,1,3,18,0,6,0,2,0.44,0.4394,0.72,0.4627,102,239,341
10840,2012-04-01,2,1,4,18,0,0,0,1,0.52,0.5,0.52,0.2985,153,279,432
10863,2012-04-02,2,1,4,18,0,1,1,1,0.5,0.4848,0.27,0.2537,75,543,618
10887,2012-04-03,2,1,4,18,0,2,1,1,0.6,0.6061,0.26,0.1642,139,661,800
10911,2012-04-04,2,1,4,18,0,3,1,1,0.66,0.6212,0.41,0.2537,113,646,759
10935,2012-04-05,2,1,4,18,0,4,1,1,0.5,0.4848,0.31,0.1045,80,618,698
10959,2012-04-06,2,1,4,18,0,5,1,1,0.5,0.4848,0.22,0.4627,104,380,484
10983,2012-04-07,2,1,4,18,0,6,0,1,0.54,0.5152,0.18,0.2985,227,290,517
11007,2012-04-08,2,1,4,18,0,0,0,1,0.62,0.6061,0.25,0.3284,151,159,310
11031,2012-04-09,2,1,4,18,0,1,1,1,0.54,0.5152,0.34,0.2985,60,586,646
11055,2012-04-10,2,1,4,18,0,2,1,1,0.54,0.5152,0.22,0.4179,78,626,704
11078,2012-04-11,2,1,4,18,0,3,1,3,0.4,0.4091,0.43,0.4179,39,546,585
11102,2012-04-12,2,1,4,18,0,4,1,1,0.5,0.4848,0.27,0.3881,63,547,610
11126,2012-04-13,2,1,4,18,0,5,1,1,0.54,0.5152,0.26,0.1343,107,564,671
11150,2012-04-14,2,1,4,18,0,6,0,2,0.62,0.6212,0.35,0.2239,197,284,481
11174,2012-04-15,2,1,4,18,0,0,0,1,0.7,0.6364,0.42,0.2537,184,295,479
11198,2012-04-16,2,1,4,18,1,1,0,1,0.8,0.697,0.31,0.3881,87,589,676
11222,2012-04-17,2,1,4,18,0,2,1,1,0.64,0.6061,0.25,0.2836,105,670,775
11246,2012-04-18,2,1,4,18,0,3,1,2,0.42,0.4242,0.77,0,27,478,505
11270,2012-04-19,2,1,4,18,0,4,1,1,0.6,0.6212,0.43,0.0896,99,677,776
11294,2012-04-20,2,1,4,18,0,5,1,1,0.62,0.6212,0.5,0.2836,110,558,668
11318,2012-04-21,2,1,4,18,0,6,0,2,0.68,0.6364,0.47,0.4925,133,283,416
11342,2012-04-22,2,1,4,18,0,0,0,3,0.36,0.3182,0.93,0.4478,1,38,39
11366,2012-04-23,2,1,4,18,0,1,1,3,0.32,0.3333,0.81,0.1343,10,369,379
11390,2012-04-24,2,1,4,18,0,2,1,1,0.5,0.4848,0.18,0,52,580,632
11414,2012-04-25,2,1,4,18,0,3,1,1,0.6,0.5909,0.2,0.2836,60,649,709
11438,2012-04-26,2,1,4,18,0,4,1,2,0.54,0.5152,0.77,0.194,75,589,664
11462,2012-04-27,2,1,4,18,0,5,1,1,0.52,0.5,0.25,0.3582,94,560,654
11486,2012-04-28,2,1,4,18,0,6,0,3,0.4,0.4091,0.47,0,17,73,90
11510,2012-04-29,2,1,4,18,0,0,0,1,0.6,0.6061,0.26,0.2836,164,323,487
11534,2012-04-30,2,1,4,18,0,1,1,2,0.56,0.5303,0.6,0.2239,53,611,664
11558,2012-05-01,2,1,5,18,0,2,1,1,0.7,0.6515,0.54,0.1343,81,662,743
11582,2012-05-02,2,1,5,18,0,3,1,1,0.56,0.5303,0.73,0.2239,43,770,813
11606,2012-05-03,2,1,5,18,0,4,1,1,0.72,0.6667,0.58,0.1343,64,642,706
11630,2012-05-04,2,1,5,18,0,5,1,1,0.7,0.6515,0.54,0.4627,77,564,641
11654,2012-05-05,2,1,5,18,0,6,0,2,0.66,0.6212,0.69,0.3582,156,278,434
11678,2012-05-06,2,1,5,18,0,0,0,2,0.62,0.6061,0.61,0.194,131,332,463
11702,2012-05-07,2,1,5,18,0,1,1,2,0.6,0.6212,0.53,0.3582,78,602,680
11726,2012-05-08,2,1,5,18,0,2,1,2,0.64,0.6061,0.69,0.2836,69,641,710
11750,2012-05-09,2,1,5,18,0,3,1,3,0.52,0.5,0.77,0.5821,23,349,372
11774,2012-05-10,2,1,5,18,0,4,1,1,0.56,0.5303,0.35,0.5224,109,661,770
11798,2012-05-11,2,1,5,18,0,5,1,1,0.64,0.6061,0.23,0.2836,78,518,596
11822,2012-05-12,2,1,5,18,0,6,0,2,0.66,0.6212,0.31,0.194,164,382,546
11846,2012-05-13,2,1,5,18,0,0,0,2,0.68,0.6364,0.44,0.3582,129,260,389
11870,2012-05-14,2,1,5,18,0,1,1,2,0.58,0.5455,0.83,0,17,283,300
11894,2012-05-15,2,1,5,18,0,2,1,1,0.7,0.6515,0.61,0.0896,68,665,733
11918,2012-05-16,2,1,5,18,0,3,1,1,0.72,0.6667,0.51,0.2239,97,749,846
11942,2012-05-17,2,1,5,18,0,4,1,1,0.66,0.6212,0.27,0.1642,134,734,868
11966,2012-05-18,2,1,5,18,0,5,1,1,0.64,0.6212,0.38,0.2239,99,570,669
11990,2012-05-19,2,1,5,18,0,6,0,1,0.74,0.6515,0.33,0.0896,254,391,645
12014,2012-05-20,2,1,5,18,0,0,0,1,0.7,0.6515,0.51,0.3284,146,328,474
12038,2012-05-21,2,1,5,18,0,1,1,1,0.64,0.6061,0.73,0.1045,52,478,530
12062,2012-05-22,2,1,5,18,0,2,1,1,0.68,0.6364,0.61,0.1343,76,709,785
12086,2012-05-23,2,1,5,18,0,3,1,3,0.64,0.6061,0.69,0.1045,31,296,327
12110,2012-05-24,2,1,5,18,0,4,1,1,0.72,0.6667,0.54,0.3284,118,634,752
12134,2012-05-25,2,1,5,18,0,5,1,1,0.76,0.7121,0.62,0.194,131,391,522
12158,2012-05-26,2,1,5,18,0,6,0,2,0.76,0.697,0.52,0.194,199,216,415
12182,2012-05-27,2,1,5,18,0,0,0,1,0.76,0.7121,0.58,0.2985,266,252,518
12206,2012-05-28,2,1,5,18,1,1,0,1,0.8,0.7727,0.59,0.2985,132,251,383
12230,2012-05-29,2,1,5,18,0,2,1,1,0.8,0.7424,0.49,0.4925,78,632,710
12254,2012-05-30,2,1,5,18,0,3,1,1,0.74,0.6667,0.48,0.1642,50,746,796
12278,2012-05-31,2,1,5,18,0,4,1,1,0.74,0.6515,0.3,0.194,85,700,785
12302,2012-06-01,2,1,6,18,0,5,1,3,0.62,0.5606,0.88,0.3582,10,100,110
12326,2012-06-02,2,1,6,18,0,6,0,1,0.64,0.6212,0.36,0,171,341,512
12350,2012-06-03,2,1,6,18,0,0,0,1,0.7,0.6364,0.34,0.2537,153,343,496
12374,2012-06-04,2,1,6,18,0,1,1,1,0.64,0.6212,0.38,0.3881,103,719,822
12398,2012-06-05,2,1,6,18,0,2,1,1,0.6,0.6212,0.43,0.194,111,679,790
12422,2012-06-06,2,1,6,18,0,3,1,3,0.6,0.6212,0.53,0.194,94,688,782
12446,2012-06-07,2,1,6,18,0,4,1,1,0.7,0.6364,0.34,0.2836,110,703,813
12470,2012-06-08,2,1,6,18,0,5,1,1,0.76,0.6667,0.27,0.2239,147,576,723
12494,2012-06-09,2,1,6,18,0,6,0,1,0.82,0.697,0.24,0.2239,175,276,451
12518,2012-06-10,2,1,6,18,0,0,0,1,0.82,0.7273,0.38,0.2239,164,326,490
12542,2012-06-11,2,1,6,18,0,1,1,2,0.8,0.7273,0.43,0.2985,105,726,831
12566,2012-06-12,2,1,6,18,0,2,1,1,0.68,0.6364,0.83,0.194,57,596,653
12590,2012-06-13,2,1,6,18,0,3,1,1,0.72,0.6515,0.32,0.4478,104,640,744
12614,2012-06-14,2,1,6,18,0,4,1,1,0.74,0.6667,0.42,0.194,107,716,823
12638,2012-06-15,2,1,6,18,0,5,1,1,0.72,0.6515,0.39,0.2239,121,572,693
12662,2012-06-16,2,1,6,18,0,6,0,2,0.72,0.6515,0.37,0.2239,256,315,571
12686,2012-06-17,2,1,6,18,0,0,0,1,0.64,0.6212,0.53,0.194,203,310,513
12710,2012-06-18,2,1,6,18,0,1,1,2,0.62,0.6061,0.69,0.1642,47,595,642
12734,2012-06-19,2,1,6,18,0,2,1,1,0.8,0.7576,0.55,0.1642,91,704,795
12758,2012-06-20,2,1,6,18,0,3,1,1,0.9,0.8182,0.37,0,81,591,672
12782,2012-06-21,3,1,6,18,0,4,1,1,0.86,0.7879,0.41,0.194,78,562,640
12806,2012-06-22,3,1,6,18,0,5,1,2,0.8,0.7576,0.55,0.194,62,443,505
12830,2012-06-23,3,1,6,18,0,6,0,1,0.82,0.7121,0.26,0.2985,194,287,481
12854,2012-06-24,3,1,6,18,0,0,0,1,0.82,0.7273,0.34,0.2537,186,348,534
12878,2012-06-25,3,1,6,18,0,1,1,1,0.76,0.6667,0.27,0.4478,100,691,791
12902,2012-06-26,3,1,6,18,0,2,1,1,0.72,0.6515,0.28,0.3582,105,719,824
12926,2012-06-27,3,1,6,18,0,3,1,1,0.8,0.697,0.27,0.3284,85,719,804
12950,2012-06-28,3,1,6,18,0,4,1,1,0.86,0.7273,0.25,0.2239,100,597,697
12974,2012-06-29,3,1,6,18,0,5,1,1,0.96,0.8636,0.31,0,50,414,464
12998,2012-06-30,3,1,6,18,0,6,0,1,0.88,0.7879,0.35,0,91,248,339
13022,2012-07-01,3,1,7,18,0,0,0,1,0.88,0.7727,0.32,0.3582,95,275,370
13046,2012-07-02,3,1,7,18,0,1,1,1,0.84,0.7273,0.32,0.1642,72,658,730
13070,2012-07-03,3,1,7,18,0,2,1,2,0.86,0.7424,0.3,0,85,542,627
13094,2012-07-04,3,1,7,18,1,3,0,1,0.9,0.8485,0.42,0.194,159,271,430
13118,2012-07-05,3,1,7,18,0,4,1,2,0.9,0.8333,0.39,0.3284,96,511,607
13142,2012-07-06,3,1,7,18,0,5,1,1,0.9,0.803,0.33,0.2537,106,454,560
13166,2012-07-07,3,1,7,18,0,6,0,1,0.94,0.8333,0.29,0.0896,83,194,277
13190,2012-07-08,3,1,7,18,0,0,0,1,0.78,0.7424,0.62,0.1045,54,199,253
13214,2012-07-09,3,1,7,18,0,1,1,1,0.76,0.6818,0.48,0.1343,82,790,872
13238,2012-07-10,3,1,7,18,0,2,1,3,0.7,0.6667,0.74,0.2239,70,749,819
13262,2012-07-11,3,1,7,18,0,3,1,1,0.78,0.6818,0.38,0.2537,79,735,814
13286,2012-07-12,3,1,7,18,0,4,1,1,0.76,0.6818,0.45,0.1343,86,739,825
13310,2012-07-13,3,1,7,18,0,5,1,1,0.78,0.697,0.46,0.194,108,523,631
13334,2012-07-14,3,1,7,18,0,6,0,1,0.72,0.697,0.79,0.1343,108,243,351
13358,2012-07-15,3,1,7,18,0,0,0,3,0.72,0.697,0.79,0.3582,84,228,312
13382,2012-07-16,3,1,7,18,0,1,1,1,0.84,0.803,0.53,0,97,697,794
13406,2012-07-17,3,1,7,18,0,2,1,1,0.9,0.803,0.33,0.194,60,712,772
13430,2012-07-18,3,1,7,18,0,3,1,2,0.76,0.7121,0.62,0.1343,63,580,643
13454,2012-07-19,3,1,7,18,0,4,1,1,0.86,0.7879,0.41,0.194,93,684,777
13478,2012-07-20,3,1,7,18,0,5,1,2,0.66,0.6061,0.78,0.3284,73,549,622
13502,2012-07-21,3,1,7,18,0,6,0,2,0.6,0.5455,0.88,0.194,51,126,177
13526,2012-07-22,3,1,7,18,0,0,0,1,0.74,0.697,0.66,0.1642,173,342,515
13550,2012-07-23,3,1,7,18,0,1,1,1,0.82,0.7576,0.46,0.1045,69,672,741
13574,2012-07-24,3,1,7,18,0,2,1,1,0.76,0.7121,0.62,0.3284,110,767,877
13598,2012-07-25,3,1,7,18,0,3,1,1,0.8,0.697,0.27,0.1343,104,787,891
13622,2012-07-26,3,1,7,18,0,4,1,1,0.92,0.8788,0.4,0.3582,73,615,688
13646,2012-07-27,3,1,7,18,0,5,1,1,0.82,0.7576,0.46,0.1642,100,522,622
13670,2012-07-28,3,1,7,18,0,6,0,1,0.82,0.7424,0.43,0.2836,151,330,481
13694,2012-07-29,3,1,7,18,0,0,0,1,0.8,0.7121,0.41,0.2985,117,302,419
13718,2012-07-30,3,1,7,18,0,1,1,1,0.76,0.7121,0.58,0.4179,77,735,812
13742,2012-07-31,3,1,7,18,0,2,1,1,0.76,0.697,0.55,0.2836,99,758,857
13766,2012-08-01,3,1,8,18,0,3,1,3,0.76,0.7121,0.62,0.2239,105,786,891
13790,2012-08-02,3,1,8,18,0,4,1,1,0.8,0.7727,0.59,0.2239,86,681,767
13814,2012-08-03,3,1,8,18,0,5,1,2,0.82,0.803,0.59,0.2537,98,573,671
13838,2012-08-04,3,1,8,18,0,6,0,1,0.86,0.7879,0.41,0.3284,169,321,490
13862,2012-08-05,3,1,8,18,0,0,0,3,0.7,0.6667,0.74,0.1343,75,154,229
13886,2012-08-06,3,1,8,18,0,1,1,1,0.82,0.7424,0.41,0.1343,100,743,843
13910,2012-08-07,3,1,8,18,0,2,1,2,0.76,0.7121,0.62,0.1642,103,711,814
13934,2012-08-08,3,1,8,18,0,3,1,2,0.78,0.7273,0.55,0.1642,117,745,862
13958,2012-08-09,3,1,8,18,0,4,1,2,0.82,0.7576,0.46,0.2537,78,733,811
13982,2012-08-10,3,1,8,18,0,5,1,1,0.76,0.7121,0.62,0.2985,88,552,640
14006,2012-08-11,3,1,8,18,0,6,0,2,0.7,0.6667,0.74,0.2985,107,193,300
14030,2012-08-12,3,1,8,18,0,0,0,1,0.78,0.6818,0.35,0.1045,164,327,491
14054,2012-08-13,3,1,8,18,0,1,1,1,0.76,0.697,0.52,0.2836,103,709,812
14078,2012-08-14,3,1,8,18,0,2,1,1,0.76,0.7121,0.62,0.2836,97,757,854
14102,2012-08-15,3,1,8,18,0,3,1,1,0.74,0.6667,0.51,0.2239,80,768,848
14126,2012-08-16,3,1,8,18,0,4,1,1,0.8,0.7121,0.36,0,109,723,832
14150,2012-08-17,3,1,8,18,0,5,1,2,0.82,0.2424,0.38,0.2537,108,561,669
14174,2012-08-18,3,1,8,18,0,6,0,1,0.74,0.6515,0.37,0.1642,225,329,554
14198,2012-08-19,3,1,8,18,0,0,0,2,0.64,0.5909,0.78,0.1045,86,291,377
14222,2012-08-20,3,1,8,18,0,1,1,2,0.62,0.5909,0.78,0.2537,89,726,815
14246,2012-08-21,3,1,8,18,0,2,1,1,0.72,0.6667,0.54,0.2239,93,532,625
14270,2012-08-22,3,1,8,18,0,3,1,3,0.66,0.6212,0.61,0.2239,91,592,683
14294,2012-08-23,3,1,8,18,0,4,1,1,0.74,0.6667,0.48,0.2239,130,811,941
14318,2012-08-24,3,1,8,18,0,5,1,2,0.72,0.6818,0.62,0.194,109,627,736
14342,2012-08-25,3,1,8,18,0,6,0,2,0.66,0.6212,0.69,0.4627,122,261,383
14366,2012-08-26,3,1,8,18,0,0,0,2,0.64,0.5758,0.89,0.0896,77,187,264
14390,2012-08-27,3,1,8,18,0,1,1,1,0.78,0.7121,0.52,0.2537,83,751,834
14414,2012-08-28,3,1,8,18,0,2,1,1,0.78,0.697,0.4,0.2537,82,736,818
14438,2012-08-29,3,1,8,18,0,3,1,1,0.74,0.6667,0.42,0.1642,119,693,812
14462,2012-08-30,3,1,8,18,0,4,1,1,0.8,0.7121,0.38,0.1343,109,744,853
14486,2012-08-31,3,1,8,18,0,5,1,1,0.86,0.7576,0.36,0.2537,87,459,546
14510,2012-09-01,3,1,9,18,0,6,0,2,0.82,0.7727,0.52,0,184,258,442
14534,2012-09-02,3,1,9,18,0,0,0,1,0.74,0.7121,0.74,0,227,273,500
14558,2012-09-03,3,1,9,18,1,1,0,1,0.74,0.697,0.66,0.1642,145,337,482
14582,2012-09-04,3,1,9,18,0,2,1,1,0.76,0.7424,0.75,0.2239,94,745,839
14606,2012-09-05,3,1,9,18,0,3,1,1,0.76,0.7424,0.75,0.194,82,757,839
14630,2012-09-06,3,1,9,18,0,4,1,1,0.72,0.6818,0.7,0.2537,74,761,835
14654,2012-09-07,3,1,9,18,0,5,1,1,0.76,0.7121,0.62,0.2985,95,697,792
14678,2012-09-08,3,1,9,18,0,6,0,3,0.58,0.5455,0.83,0.1343,27,140,167
14702,2012-09-09,3,1,9,18,0,0,0,1,0.66,0.6212,0.36,0.2537,156,404,560
14726,2012-09-10,3,1,9,18,0,1,1,1,0.62,0.6212,0.35,0.2985,111,857,968
14750,2012-09-11,3,1,9,18,0,2,1,1,0.64,0.6212,0.36,0.1642,110,767,877
14774,2012-09-12,3,1,9,18,0,3,1,1,0.66,0.6212,0.44,0.2537,91,886,977
14798,2012-09-13,3,1,9,18,0,4,1,1,0.68,0.6364,0.57,0.2537,108,744,852
14822,2012-09-14,3,1,9,18,0,5,1,1,0.72,0.6515,0.45,0.2239,116,692,808
14846,2012-09-15,3,1,9,18,0,6,0,2,0.64,0.6212,0.36,0.2836,232,382,614
14870,2012-09-16,3,1,9,18,0,0,0,1,0.62,0.6212,0.5,0.1642,120,361,481
14894,2012-09-17,3,1,9,18,0,1,1,2,0.62,0.5909,0.73,0.1642,66,708,774
14918,2012-09-18,3,1,9,18,0,2,1,2,0.6,0.5455,0.88,0.1642,19,262,281
14942,2012-09-19,3,1,9,18,0,3,1,1,0.58,0.5455,0.4,0.2836,85,807,892
14966,2012-09-20,3,1,9,18,0,4,1,1,0.6,0.6212,0.56,0.2537,119,781,900
14990,2012-09-21,3,1,9,18,0,5,1,1,0.66,0.6212,0.61,0.2537,106,699,805
15014,2012-09-22,3,1,9,18,0,6,0,1,0.72,0.6667,0.54,0.2836,171,427,598
15038,2012-09-23,4,1,9,18,0,0,0,1,0.54,0.5152,0.37,0.194,135,405,540
15062,2012-09-24,4,1,9,18,0,1,1,1,0.54,0.5152,0.37,0.1642,95,758,853
15086,2012-09-25,4,1,9,18,0,2,1,1,0.64,0.6212,0.41,0.2239,64,758,822
15110,2012-09-26,4,1,9,18,0,3,1,1,0.74,0.6667,0.48,0.2239,69,815,884
15134,2012-09-27,4,1,9,18,0,4,1,2,0.66,0.6212,0.69,0.2239,77,822,899
15158,2012-09-28,4,1,9,18,0,5,1,2,0.64,0.6212,0.5,0.2239,58,609,667
15182,2012-09-29,4,1,9,18,0,6,0,1,0.56,0.5303,0.46,0.194,174,420,594
15206,2012-09-30,4,1,9,18,0,0,0,1,0.52,0.5,0.59,0.4478,91,310,401
15230,2012-10-01,4,1,10,18,0,1,1,3,0.56,0.5303,0.64,0.1045,42,571,613
15254,2012-10-02,4,1,10,18,0,2,1,3,0.62,0.5455,0.94,0.0896,48,639,687
15278,2012-10-03,4,1,10,18,0,3,1,1,0.7,0.6515,0.65,0,54,756,810
15302,2012-10-04,4,1,10,18,0,4,1,1,0.66,0.6212,0.57,0.1045,75,812,887
15326,2012-10-05,4,1,10,18,0,5,1,1,0.64,0.6212,0.57,0.1343,106,655,761
15350,2012-10-06,4,1,10,18,0,6,0,1,0.52,0.5,0.48,0.4179,183,312,495
15374,2012-10-07,4,1,10,18,0,0,0,3,0.4,0.4091,0.82,0.194,24,82,106
15398,2012-10-08,4,1,10,18,1,1,0,2,0.42,0.4242,0.66,0.2836,41,415,456
15422,2012-10-09,4,1,10,18,0,2,1,2,0.5,0.4848,0.72,0.2239,26,758,784
15446,2012-10-10,4,1,10,18,0,3,1,2,0.56,0.5303,0.49,0.1642,57,787,844
15470,2012-10-11,4,1,10,18,0,4,1,1,0.46,0.4545,0.44,0.1642,64,628,692
15494,2012-10-12,4,1,10,18,0,5,1,1,0.44,0.4394,0.38,0.2985,76,566,642
15518,2012-10-13,4,1,10,18,0,6,0,1,0.46,0.4545,0.44,0.1343,174,299,473
15542,2012-10-14,4,1,10,18,0,0,0,1,0.58,0.5455,0.6,0.2537,134,319,453
15566,2012-10-15,4,1,10,18,0,1,1,3,0.54,0.5152,0.77,0.1343,52,540,592
15590,2012-10-16,4,1,10,18,0,2,1,1,0.5,0.4848,0.42,0.1642,71,767,838
15614,2012-10-17,4,1,10,18,0,3,1,1,0.52,0.5,0.59,0.1642,90,794,884
15638,2012-10-18,4,1,10,18,0,4,1,2,0.56,0.5303,0.64,0.3284,68,720,788
15662,2012-10-19,4,1,10,18,0,5,1,1,0.56,0.5303,0.83,0.1045,21,212,233
15686,2012-10-20,4,1,10,18,0,6,0,1,0.52,0.5,0.39,0.2239,165,356,521
15710,2012-10-21,4,1,10,18,0,0,0,1,0.52,0.5,0.39,0.194,71,342,413
15734,2012-10-22,4,1,10,18,0,1,1,1,0.54,0.5152,0.64,0.1045,60,726,786
15758,2012-10-23,4,1,10,18,0,2,1,1,0.62,0.6212,0.53,0.0896,64,762,826
15782,2012-10-24,4,1,10,18,0,3,1,1,0.66,0.6212,0.44,0,63,795,858
15806,2012-10-25,4,1,10,18,0,4,1,1,0.56,0.5303,0.83,0.1045,77,732,809
15830,2012-10-26,4,1,10,18,0,5,1,2,0.56,0.5303,0.78,0.1343,81,584,665
15854,2012-10-27,4,1,10,18,0,6,0,2,0.56,0.5303,0.64,0.2836,138,318,456
15878,2012-10-28,4,1,10,18,0,0,0,3,0.42,0.4242,0.94,0.4925,18,136,154
15890,2012-10-30,4,1,10,18,0,2,1,3,0.3,0.303,0.87,0.1343,4,139,143
15914,2012-10-31,4,1,10,18,0,3,1,2,0.4,0.4091,0.58,0.1642,28,556,584
15938,2012-11-01,4,1,11,18,0,4,1,2,0.4,0.4091,0.5,0.1642,50,628,678
15962,2012-11-02,4,1,11,18,0,5,1,2,0.38,0.3939,0.43,0.3284,32,490,522
15986,2012-11-03,4,1,11,18,0,6,0,2,0.36,0.3333,0.46,0.2836,58,239,297
16010,2012-11-04,4,1,11,18,0,0,0,1,0.36,0.3485,0.43,0.2239,31,206,237
16034,2012-11-05,4,1,11,18,0,1,1,1,0.34,0.3182,0.46,0.2239,19,523,542
16058,2012-11-06,4,1,11,18,0,2,1,1,0.32,0.303,0.57,0.2985,20,477,497
16082,2012-11-07,4,1,11,18,0,3,1,2,0.32,0.2879,0.53,0.3582,17,448,465
16105,2012-11-08,4,1,11,18,0,4,1,1,0.4,0.4091,0.24,0.4179,16,491,507
16129,2012-11-09,4,1,11,18,0,5,1,1,0.42,0.4242,0.44,0.1045,46,450,496
16153,2012-11-10,4,1,11,18,0,6,0,1,0.44,0.4394,0.54,0.1343,103,256,359
16177,2012-11-11,4,1,11,18,0,0,0,1,0.52,0.5,0.45,0.1343,102,303,405
16201,2012-11-12,4,1,11,18,1,1,0,1,0.52,0.5,0.72,0.1343,65,486,551
16225,2012-11-13,4,1,11,18,0,2,1,1,0.34,0.3182,0.49,0.2836,45,514,559
16249,2012-11-14,4,1,11,18,0,3,1,1,0.32,0.3182,0.53,0.1642,24,543,567
16273,2012-11-15,4,1,11,18,0,4,1,2,0.36,0.3485,0.57,0.194,10,563,573
16297,2012-11-16,4,1,11,18,0,5,1,1,0.34,0.3333,0.53,0.1642,22,483,505
16321,2012-11-17,4,1,11,18,0,6,0,1,0.36,0.3636,0.5,0.1045,34,237,271
16345,2012-11-18,4,1,11,18,0,0,0,1,0.36,0.3485,0.66,0.2239,36,240,276
16369,2012-11-19,4,1,11,18,0,1,1,2,0.4,0.4091,0.58,0.2537,21,559,580
16393,2012-11-20,4,1,11,18,0,2,1,2,0.4,0.4091,0.66,0.0896,16,534,550
16417,2012-11-21,4,1,11,18,0,3,1,1,0.42,0.4242,0.38,0.1045,24,287,311
16441,2012-11-22,4,1,11,18,1,4,0,1,0.4,0.4091,0.43,0,16,54,70
16465,2012-11-23,4,1,11,18,0,5,1,2,0.46,0.4545,0.44,0,50,158,208
16489,2012-11-24,4,1,11,18,0,6,0,1,0.26,0.2273,0.38,0.3881,22,123,145
16513,2012-11-25,4,1,11,18,0,0,0,1,0.26,0.2576,0.44,0.1642,9,132,141
16537,2012-11-26,4,1,11,18,0,1,1,1,0.36,0.3485,0.5,0.1642,19,502,521
16561,2012-11-27,4,1,11,18,0,2,1,1,0.26,0.2273,0.81,0.3582,13,469,482
16585,2012-11-28,4,1,11,18,0,3,1,1,0.32,0.303,0.33,0.2836,12,530,542
16608,2012-11-29,4,1,11,18,0,4,1,1,0.32,0.3182,0.49,0.1642,17,520,537
16632,2012-11-30,4,1,11,18,0,5,1,2,0.34,0.3636,0.61,0,20,489,509
16656,2012-12-01,4,1,12,18,0,6,0,2,0.34,0.3636,0.76,0,42,255,297
16680,2012-12-02,4,1,12,18,0,0,0,2,0.44,0.4394,0.72,0.1045,25,178,203
16704,2012-12-03,4,1,12,18,0,1,1,1,0.5,0.4848,0.68,0.0896,26,666,692
16728,2012-12-04,4,1,12,18,0,2,1,1,0.5,0.4848,0.63,0.2239,38,693,731
16752,2012-12-05,4,1,12,18,0,3,1,1,0.42,0.4242,0.35,0.4478,29,580,609
16776,2012-12-06,4,1,12,18,0,4,1,1,0.28,0.2727,0.45,0.1642,23,542,565
16800,2012-12-07,4,1,12,18,0,5,1,2,0.38,0.3939,0.71,0.1045,25,473,498
16824,2012-12-08,4,1,12,18,0,6,0,1,0.4,0.4091,0.87,0.1045,40,264,304
16848,2012-12-09,4,1,12,18,0,0,0,3,0.36,0.3636,0.93,0.0896,17,181,198
16872,2012-12-10,4,1,12,18,0,1,1,2,0.46,0.4545,0.88,0.2836,20,544,564
16896,2012-12-11,4,1,12,18,0,2,1,1,0.32,0.303,0.53,0.2239,23,523,546
16920,2012-12-12,4,1,12,18,0,3,1,2,0.32,0.303,0.49,0.2239,25,515,540
16944,2012-12-13,4,1,12,18,0,4,1,1,0.32,0.3333,0.42,0.1045,20,446,466
16968,2012-12-14,4,1,12,18,0,5,1,1,0.36,0.3485,0.46,0.1343,23,432,455
16992,2012-12-15,4,1,12,18,0,6,0,1,0.38,0.3939,0.58,0.1642,40,232,272
17016,2012-12-16,4,1,12,18,0,0,0,3,0.38,0.3939,0.82,0.1045,8,99,107
17040,2012-12-17,4,1,12,18,0,1,1,2,0.4,0.4091,0.94,0.0896,14,493,507
17064,2012-12-18,4,1,12,18,0,2,1,1,0.38,0.3939,0.46,0.3284,13,512,525
17088,2012-12-19,4,1,12,18,0,3,1,1,0.38,0.3939,0.5,0.3582,23,546,569
17112,2012-12-20,4,1,12,18,0,4,1,2,0.34,0.3333,0.71,0.194,22,359,381
17136,2012-12-21,1,1,12,18,0,5,1,2,0.26,0.2273,0.56,0.2985,7,236,243
17160,2012-12-22,1,1,12,18,0,6,0,1,0.26,0.2121,0.44,0.4627,7,75,82
17184,2012-12-23,1,1,12,18,0,0,0,1,0.3,0.303,0.45,0.1642,8,85,93
17207,2012-12-24,1,1,12,18,0,1,1,3,0.24,0.2576,0.93,0.1045,6,20,26
17230,2012-12-25,1,1,12,18,1,2,0,2,0.32,0.303,0.66,0.2537,20,23,43
17254,2012-12-26,1,1,12,18,0,3,1,3,0.28,0.2576,0.93,0.2985,1,42,43
17278,2012-12-27,1,1,12,18,0,4,1,2,0.24,0.2273,0.6,0.2537,9,188,197
17302,2012-12-28,1,1,12,18,0,5,1,1,0.24,0.2424,0.6,0.1343,16,197,213
17326,2012-12-29,1,1,12,18,0,6,0,1,0.3,0.2424,0.7,0.194,8,102,110
17350,2012-12-30,1,1,12,18,0,0,0,2,0.24,0.2121,0.44,0.2985,12,113,125
17374,2012-12-31,1,1,12,18,0,1,1,2,0.26,0.2727,0.48,0.1343,10,112,122
