20,2011-01-01,1,0,1,19,0,6,0,3,0.42,0.4242,0.88,0.2537,6,31,37
43,2011-01-02,1,0,1,19,0,0,0,1,0.32,0.2879,0.42,0.4478,1,29,30
65,2011-01-03,1,0,1,19,0,1,1,1,0.2,0.2576,0.47,0,8,102,110
88,2011-01-04,1,0,1,19,0,2,1,1,0.24,0.2576,0.48,0.1045,2,110,112
111,2011-01-05,1,0,1,19,0,3,1,1,0.24,0.2576,0.38,0.1045,5,127,132
134,2011-01-06,1,0,1,19,0,4,1,1,0.22,0.2576,0.55,0.0896,3,109,112
157,2011-01-07,1,0,1,19,0,5,1,1,0.16,0.197,0.55,0.0896,3,92,95
181,2011-01-08,1,0,1,19,0,6,0,1,0.14,0.1212,0.36,0.2537,4,26,30
205,2011-01-09,1,0,1,19,0,0,0,1,0.16,0.1364,0.43,0.3284,1,40,41
229,2011-01-10,1,0,1,19,0,1,1,1,0.16,0.1667,0.47,0.1642,3,92,95
251,2011-01-11,1,0,1,19,0,2,1,3,0.16,0.2273,0.93,0,0,51,51
273,2011-01-12,1,0,1,19,0,3,1,1,0.18,0.1515,0.47,0.4179,1,82,83
297,2011-01-13,1,0,1,19,0,4,1,1,0.16,0.1515,0.47,0.2537,1,98,99
320,2011-01-14,1,0,1,19,0,5,1,1,0.16,0.197,0.59,0.0896,3,89,92
344,2011-01-15,1,0,1,19,0,6,0,2,0.32,0.303,0.39,0.2537,14,60,74
368,2011-01-16,1,0,1,19,0,0,0,1,0.18,0.197,0.47,0.1343,14,47,61
392,2011-01-17,1,0,1,19,1,1,0,3,0.18,0.1818,0.59,0.194,2,58,60
404,2011-01-18,1,0,1,19,0,2,1,2,0.22,0.2273,0.8,0.1343,1,98,99
427,2011-01-19,1,0,1,19,0,3,1,1,0.32,0.2879,0.57,0.4179,4,108,112
451,2011-01-20,1,0,1,19,0,4,1,1,0.26,0.2273,0.56,0.3284,6,146,152
475,2011-01-21,1,0,1,19,0,5,1,1,0.12,0.1061,0.3,0.3284,3,93,96
498,2011-01-22,1,0,1,19,0,6,0,1,0.08,0.1061,0.35,0.1343,6,53,59
521,2011-01-23,1,0,1,19,0,0,0,1,0.12,0.1212,0.3,0.2836,5,45,50
544,2011-01-24,1,0,1,19,0,1,1,1,0.14,0.1515,0.54,0.1642,5,101,106
567,2011-01-25,1,0,1,19,0,2,1,2,0.26,0.2576,0.65,0.1642,13,133,146
591,2011-01-27,1,0,1,19,0,4,1,1,0.2,0.2273,0.69,0.0896,3,76,79
614,2011-01-28,1,0,1,19,0,5,1,2,0.24,0.2424,0.75,0.1343,5,84,89
637,2011-01-29,1,0,1,19,0,6,0,2,0.22,0.2121,0.69,0.2537,6,52,58
660,2011-01-30,1,0,1,19,0,0,0,1,0.26,0.2576,0.65,0.194,9,46,55
684,2011-01-31,1,0,1,19,0,1,1,1,0.3,0.3182,0.61,0.1045,3,108,111
707,2011-02-01,1,0,2,19,0,2,1,2,0.24,0.2424,0.81,0.1343,3,105,108
731,2011-02-02,1,0,2,19,0,3,1,1,0.28,0.2424,0.45,0.4925,3,88,91
754,2011-02-03,1,0,2,19,0,4,1,1,0.2,0.2576,0.4,0,4,92,96
777,2011-02-04,1,0,2,19,0,5,1,2,0.24,0.2424,0.65,0.1343,1,102,103
801,2011-02-05,1,0,2,19,0,6,0,2,0.28,0.2424,0.93,0.4478,6,78,84
825,2011-02-06,1,0,2,19,0,0,0,1,0.28,0.2879,0.61,0.1343,1,20,21
849,2011-02-07,1,0,2,19,0,1,1,2,0.32,0.3485,0.7,0,5,123,128
873,2011-02-08,1,0,2,19,0,2,1,1,0.16,0.1212,0.4,0.4627,1,100,101
896,2011-02-09,1,0,2,19,0,3,1,3,0.14,0.1212,0.86,0.2537,1,87,88
919,2011-02-10,1,0,2,19,0,4,1,1,0.14,0.1667,0.28,0.1045,2,110,112
941,2011-02-11,1,0,2,19,0,5,1,1,0.26,0.303,0.33,0,7,94,101
965,2011-02-12,1,0,2,19,0,6,0,1,0.28,0.2727,0.38,0.1642,2,39,41
988,2011-02-13,1,0,2,19,0,0,0,1,0.4,0.4091,0.35,0.2836,11,50,61
1012,2011-02-14,1,0,2,19,0,1,1,1,0.38,0.3939,0.43,0.4925,12,86,98
1035,2011-02-15,1,0,2,19,0,2,1,1,0.28,0.2879,0.26,0.1343,3,142,145
1058,2011-02-16,1,0,2,19,0,3,1,1,0.34,0.3182,0.53,0.2239,18,143,161
1082,2011-02-17,1,0,2,19,0,4,1,1,0.48,0.4697,0.55,0.3284,14,161,175
1106,2011-02-18,1,0,2,19,0,5,1,1,0.62,0.6212,0.29,0.5821,16,146,162
1130,2011-02-19,1,0,2,19,0,6,0,1,0.34,0.303,0.29,0.3582,5,54,59
1153,2011-02-20,1,0,2,19,0,0,0,2,0.34,0.3333,0.36,0.1343,3,39,42
1177,2011-02-21,1,0,2,19,1,1,0,2,0.24,0.2121,0.87,0.3582,0,49,49
1195,2011-02-22,1,0,2,19,0,2,1,1,0.2,0.1818,0.47,0.2836,4,114,118
1218,2011-02-23,1,0,2,19,0,3,1,1,0.3,0.3333,0.33,0,6,135,141
1241,2011-02-24,1,0,2,19,0,4,1,3,0.34,0.303,0.93,0.2985,3,112,115
1264,2011-02-25,1,0,2,19,0,5,1,1,0.3,0.2727,0.52,0.4478,4,86,90
1288,2011-02-26,1,0,2,19,0,6,0,1,0.32,0.303,0.49,0.2537,30,64,94
1311,2011-02-27,1,0,2,19,0,0,0,1,0.4,0.4091,0.54,0.1343,16,86,102
1333,2011-02-28,1,0,2,19,0,1,1,3,0.44,0.4394,0.88,0.6119,1,79,80
1357,2011-03-01,1,0,3,19,0,2,1,1,0.3,0.303,0.49,0.1343,4,115,119
1381,2011-03-02,1,0,3,19,0,3,1,1,0.4,0.4091,0.28,0.5224,6,144,150
1405,2011-03-03,1,0,3,19,0,4,1,1,0.2,0.197,0.4,0.2537,5,101,106
1429,2011-03-04,1,0,3,19,0,5,1,1,0.32,0.303,0.61,0.2537,5,102,107
1453,2011-03-05,1,0,3,19,0,6,0,2,0.46,0.4545,0.67,0.3284,27,62,89
1476,2011-03-06,1,0,3,19,0,0,0,3,0.3,0.2576,1,0.4925,0,11,11
1499,2011-03-07,1,0,3,19,0,1,1,1,0.3,0.2879,0.33,0.2239,11,134,145
1523,2011-03-08,1,0,3,19,0,2,1,1,0.34,0.3485,0.31,0.1045,9,141,150
1547,2011-03-09,1,0,3,19,0,3,1,2,0.34,0.303,0.76,0.3284,11,123,134
1569,2011-03-10,1,0,3,19,0,4,1,3,0.44,0.4394,0,0.5821,5,51,56
1592,2011-03-11,1,0,3,19,0,5,1,1,0.3,0.2727,0.56,0.3284,7,111,118
1616,2011-03-12,1,0,3,19,0,6,0,1,0.42,0.4242,0.54,0.0896,26,86,112
1639,2011-03-13,1,0,3,19,0,0,0,1,0.36,0.3333,0.5,0.3582,28,73,101
1662,2011-03-14,1,0,3,19,0,1,1,1,0.36,0.3485,0.43,0.1343,17,133,150
1685,2011-03-15,1,0,3,19,0,2,1,2,0.34,0.3182,0.71,0.2836,14,138,152
1708,2011-03-16,1,0,3,19,0,3,1,2,0.44,0.4394,0.51,0.3284,18,150,168
1732,2011-03-17,1,0,3,19,0,4,1,1,0.44,0.4394,0.58,0.194,18,189,207
1755,2011-03-18,1,0,3,19,0,5,1,1,0.66,0.6212,0.44,0.1343,58,132,190
1779,2011-03-19,1,0,3,19,0,6,0,1,0.44,0.4394,0.33,0.2836,38,116,154
1803,2011-03-20,1,0,3,19,0,0,0,1,0.36,0.3333,0.43,0.2836,21,58,79
1826,2011-03-21,2,0,3,19,0,1,1,1,0.58,0.5455,0.6,0.4179,22,199,221
1850,2011-03-22,2,0,3,19,0,2,1,2,0.44,0.4394,0.54,0.2537,22,142,164
1873,2011-03-23,2,0,3,19,0,3,1,3,0.38,0.3939,0.82,0.2537,12,147,159
1897,2011-03-24,2,0,3,19,0,4,1,1,0.3,0.2727,0.56,0.3881,16,122,138
1921,2011-03-25,2,0,3,19,0,5,1,2,0.3,0.2879,0.36,0.2836,9,126,135
1945,2011-03-26,2,0,3,19,0,6,0,2,0.28,0.2727,0.45,0.2537,45,93,138
1968,2011-03-27,2,0,3,19,0,0,0,1,0.3,0.2879,0.31,0.2239,23,80,103
1991,2011-03-28,2,0,3,19,0,1,1,1,0.3,0.303,0.22,0.1343,17,156,173
2015,2011-03-29,2,0,3,19,0,2,1,1,0.34,0.3333,0.23,0.194,20,170,190
2039,2011-03-30,2,0,3,19,0,3,1,2,0.26,0.2576,0.93,0.2239,5,67,72
2063,2011-03-31,2,0,3,19,0,4,1,2,0.3,0.303,0.87,0.1343,12,118,130
2087,2011-04-01,2,0,4,19,0,5,1,1,0.34,0.303,0.49,0.3284,16,120,136
2111,2011-04-02,2,0,4,19,0,6,0,1,0.36,0.3333,0.53,0.3582,71,77,148
2135,2011-04-03,2,0,4,19,0,0,0,2,0.42,0.4242,0.44,0.194,51,93,144
2159,2011-04-04,2,0,4,19,0,1,1,1,0.7,0.6364,0.24,0.4627,51,227,278
2183,2011-04-05,2,0,4,19,0,2,1,1,0.36,0.3333,0.43,0.2985,12,148,160
2207,2011-04-06,2,0,4,19,0,3,1,1,0.5,0.4848,0.31,0.2985,36,196,232
2231,2011-04-07,2,0,4,19,0,4,1,1,0.46,0.4545,0.59,0.2985,34,192,226
2255,2011-04-08,2,0,4,19,0,5,1,3,0.3,0.2727,0.93,0.4179,1,52,53
2279,2011-04-09,2,0,4,19,0,6,0,2,0.38,0.3939,0.82,0.1343,47,83,130
2303,2011-04-10,2,0,4,19,0,0,0,1,0.5,0.4848,0.77,0.194,47,84,131
2326,2011-04-11,2,0,4,19,0,1,1,1,0.72,0.6667,0.51,0.4478,73,211,284
2350,2011-04-12,2,0,4,19,0,2,1,2,0.42,0.4242,0.82,0.2836,3,127,130
2374,2011-04-13,2,0,4,19,0,3,1,1,0.44,0.4394,0.62,0.2537,15,160,175
2398,2011-04-14,2,0,4,19,0,4,1,1,0.54,0.5152,0.32,0,37,222,259
2422,2011-04-15,2,0,4,19,1,5,0,1,0.42,0.4242,0.77,0.3881,41,168,209
2446,2011-04-16,2,0,4,19,0,6,0,2,0.52,0.5,0.94,0.4179,9,62,71
2470,2011-04-17,2,0,4,19,0,0,0,1,0.56,0.5303,0.3,0.2985,75,135,210
2494,2011-04-18,2,0,4,19,0,1,1,1,0.56,0.5303,0.46,0.2537,42,244,286
2518,2011-04-19,2,0,4,19,0,2,1,2,0.5,0.4848,0.72,0.194,28,248,276
2542,2011-04-20,2,0,4,19,0,3,1,1,0.7,0.6364,0.32,0.2537,74,309,383
2566,2011-04-21,2,0,4,19,0,4,1,1,0.46,0.4545,0.28,0.2836,52,272,324
2590,2011-04-22,2,0,4,19,0,5,1,3,0.32,0.303,0.93,0.2239,7,48,55
2614,2011-04-23,2,0,4,19,0,6,0,1,0.56,0.5303,0.83,0.2836,84,199,283
2638,2011-04-24,2,0,4,19,0,0,0,3,0.6,0.5606,0.83,0.2836,62,132,194
2662,2011-04-25,2,0,4,19,0,1,1,1,0.66,0.6212,0.57,0.3284,62,320,382
2686,2011-04-26,2,0,4,19,0,2,1,1,0.64,0.6061,0.73,0.4179,42,286,328
2710,2011-04-27,2,0,4,19,0,3,1,1,0.62,0.5909,0.78,0.2836,40,220,260
2734,2011-04-28,2,0,4,19,0,4,1,1,0.62,0.6212,0.43,0.2985,57,347,404
2758,2011-04-29,2,0,4,19,0,5,1,1,0.46,0.4545,0.55,0.3284,40,230,270
2782,2011-04-30,2,0,4,19,0,6,0,1,0.54,0.5152,0.43,0.1343,150,237,387
2806,2011-05-01,2,0,5,19,0,0,0,2,0.46,0.4545,0.84,0.1045,47,131,178
2830,2011-05-02,2,0,5,19,0,1,1,2,0.62,0.6061,0.69,0.1343,46,268,314
2854,2011-05-03,2,0,5,19,0,2,1,1,0.68,0.6364,0.57,0.3582,42,323,365
2878,2011-05-04,2,0,5,19,0,3,1,1,0.42,0.4242,0.58,0.3582,30,266,296
2902,2011-05-05,2,0,5,19,0,4,1,1,0.54,0.5152,0.28,0.2239,56,305,361
2926,2011-05-06,2,0,5,19,0,5,1,3,0.54,0.5152,0.52,0.3582,39,253,292
2950,2011-05-07,2,0,5,19,0,6,0,1,0.56,0.5303,0.43,0.194,88,179,267
2974,2011-05-08,2,0,5,19,0,0,0,1,0.56,0.5303,0.64,0,61,178,239
2998,2011-05-09,2,0,5,19,0,1,1,1,0.58,0.5455,0.43,0.194,45,339,384
3022,2011-05-10,2,0,5,19,0,2,1,1,0.6,0.6212,0.43,0.2239,69,365,434
3046,2011-05-11,2,0,5,19,0,3,1,1,0.56,0.5303,0.52,0.1343,60,341,401
3070,2011-05-12,2,0,5,19,0,4,1,2,0.6,0.6061,0.64,0.194,59,305,364
3094,2011-05-13,2,0,5,19,0,5,1,2,0.52,0.5,0.83,0.194,25,245,270
3118,2011-05-14,2,0,5,19,0,6,0,3,0.54,0.5152,0.94,0.1343,69,179,248
3142,2011-05-15,2,0,5,19,0,0,0,1,0.56,0.5303,0.83,0.1045,78,153,231
3166,2011-05-16,2,0,5,19,0,1,1,1,0.58,0.5455,0.83,0.2537,36,272,308
3190,2011-05-17,2,0,5,19,0,2,1,1,0.6,0.5909,0.69,0.2537,51,298,349
3214,2011-05-18,2,0,5,19,0,3,1,3,0.56,0.5303,0.88,0.1343,43,288,331
3238,2011-05-19,2,0,5,19,0,4,1,1,0.58,0.5455,0.6,0.1343,65,345,410
3262,2011-05-20,2,0,5,19,0,5,1,1,0.58,0.5455,0.64,0.0896,49,253,302
3286,2011-05-21,2,0,5,19,0,6,0,1,0.68,0.6364,0.47,0.1642,117,184,301
3310,2011-05-22,2,0,5,19,0,0,0,1,0.66,0.6212,0.61,0.194,107,193,300
3334,2011-05-23,2,0,5,19,0,1,1,1,0.7,0.6667,0.74,0.2239,56,302,358
3358,2011-05-24,2,0,5,19,0,2,1,1,0.66,0.6212,0.74,0.194,45,310,355
3382,2011-05-25,2,0,5,19,0,3,1,1,0.7,0.6515,0.61,0.1343,73,332,405
3406,2011-05-26,2,0,5,19,0,4,1,1,0.78,0.697,0.46,0.3284,67,311,378
3430,2011-05-27,2,0,5,19,0,5,1,3,0.6,0.5758,0.78,0.2537,69,210,279
3454,2011-05-28,2,0,5,19,0,6,0,1,0.7,0.6515,0.65,0.194,99,153,252
3478,2011-05-29,2,0,5,19,0,0,0,1,0.72,0.697,0.74,0.2537,141,146,287
3502,2011-05-30,2,0,5,19,1,1,0,2,0.52,0.5,0.48,0.1045,68,157,225
3526,2011-05-31,2,0,5,19,0,2,1,1,0.78,0.7424,0.62,0.1045,39,246,285
3550,2011-06-01,2,0,6,19,0,3,1,2,0.74,0.7121,0.79,0.1642,16,248,264
3574,2011-06-02,2,0,6,19,0,4,1,1,0.72,0.6364,0.23,0.2985,58,321,379
3598,2011-06-03,2,0,6,19,0,5,1,1,0.68,0.6212,0.26,0.2836,53,338,391
3622,2011-06-04,2,0,6,19,0,6,0,2,0.7,0.6364,0.39,0.0896,79,206,285
3646,2011-06-05,2,0,6,19,0,0,0,1,0.68,0.6364,0.65,0.1642,108,249,357
3670,2011-06-06,2,0,6,19,0,1,1,1,0.72,0.6667,0.54,0.194,64,343,407
3694,2011-06-07,2,0,6,19,0,2,1,1,0.76,0.6818,0.48,0.2537,69,355,424
3718,2011-06-08,2,0,6,19,0,3,1,1,0.82,0.803,0.59,0.1343,61,323,384
3742,2011-06-09,2,0,6,19,0,4,1,2,0.84,0.7424,0.39,0.3284,55,271,326
3766,2011-06-10,2,0,6,19,0,5,1,1,0.78,0.7424,0.59,0.194,61,245,306
3790,2011-06-11,2,0,6,19,0,6,0,1,0.7,0.6515,0.65,0.194,97,167,264
3814,2011-06-12,2,0,6,19,0,0,0,1,0.7,0.6667,0.74,0.1045,67,156,223
3838,2011-06-13,2,0,6,19,0,1,1,1,0.66,0.6212,0.39,0.2836,75,348,423
3862,2011-06-14,2,0,6,19,0,2,1,1,0.64,0.6212,0.5,0.3582,51,335,386
3886,2011-06-15,2,0,6,19,0,3,1,1,0.7,0.6364,0.37,0.2836,54,362,416
3910,2011-06-16,2,0,6,19,0,4,1,1,0.62,0.5758,0.83,0.2836,58,269,327
3934,2011-06-17,2,0,6,19,0,5,1,3,0.64,0.5758,0.83,0.2537,53,275,328
3958,2011-06-18,2,0,6,19,0,6,0,2,0.74,0.6667,0.51,0.1045,99,227,326
3982,2011-06-19,2,0,6,19,0,0,0,1,0.72,0.6818,0.62,0.1343,94,217,311
4006,2011-06-20,2,0,6,19,0,1,1,1,0.66,0.6212,0.65,0.2239,62,369,431
4030,2011-06-21,3,0,6,19,0,2,1,2,0.74,0.7121,0.74,0.2239,67,358,425
4054,2011-06-22,3,0,6,19,0,3,1,2,0.8,0.7424,0.52,0.2537,62,280,342
4078,2011-06-23,3,0,6,19,0,4,1,1,0.72,0.6818,0.7,0.3582,56,344,400
4102,2011-06-24,3,0,6,19,0,5,1,1,0.74,0.6515,0.4,0.2239,92,293,385
4126,2011-06-25,3,0,6,19,0,6,0,1,0.72,0.6667,0.48,0.2836,121,254,375
4150,2011-06-26,3,0,6,19,0,0,0,2,0.72,0.6667,0.48,0.1343,89,228,317
4174,2011-06-27,3,0,6,19,0,1,1,1,0.72,0.6818,0.62,0.194,56,340,396
4198,2011-06-28,3,0,6,19,0,2,1,2,0.74,0.6818,0.58,0.4627,44,255,299
4222,2011-06-29,3,0,6,19,0,3,1,1,0.76,0.6667,0.35,0.3881,60,341,401
4246,2011-06-30,3,0,6,19,0,4,1,1,0.74,0.6515,0.33,0.194,89,366,455
4270,2011-07-01,3,0,7,19,0,5,1,1,0.78,0.6667,0.25,0.194,80,238,318
4294,2011-07-02,3,0,7,19,0,6,0,1,0.8,0.697,0.33,0.2239,156,149,305
4318,2011-07-03,3,0,7,19,0,0,0,2,0.66,0.6061,0.83,0.194,100,83,183
4342,2011-07-04,3,0,7,19,1,1,0,2,0.78,0.7121,0.49,0.1642,170,205,375
4366,2011-07-05,3,0,7,19,0,2,1,1,0.8,0.7727,0.59,0.1343,71,297,368
4390,2011-07-06,3,0,7,19,0,3,1,1,0.74,0.697,0.7,0.2239,71,323,394
4414,2011-07-07,3,0,7,19,0,4,1,1,0.82,0.7727,0.52,0.2836,79,286,365
4438,2011-07-08,3,0,7,19,0,5,1,1,0.66,0.6061,0.83,0.0896,45,225,270
4462,2011-07-09,3,0,7,19,0,6,0,1,0.76,0.697,0.55,0.1642,128,178,306
4486,2011-07-10,3,0,7,19,0,0,0,1,0.8,0.7424,0.49,0.3284,120,183,303
4510,2011-07-11,3,0,7,19,0,1,1,1,0.84,0.8333,0.59,0.3284,80,293,373
4534,2011-07-12,3,0,7,19,0,2,1,1,0.84,0.7576,0.44,0.2836,42,295,337
4558,2011-07-13,3,0,7,19,0,3,1,1,0.7,0.6667,0.79,0.1045,79,340,419
4582,2011-07-14,3,0,7,19,0,4,1,1,0.72,0.6515,0.39,0.2239,67,333,400
4606,2011-07-15,3,0,7,19,0,5,1,1,0.7,0.6364,0.45,0.2239,114,280,394
4630,2011-07-16,3,0,7,19,0,6,0,1,0.74,0.6818,0.48,0.194,164,242,406
4654,2011-07-17,3,0,7,19,0,0,0,1,0.76,0.697,0.55,0.2836,145,234,379
4678,2011-07-18,3,0,7,19,0,1,1,1,0.8,0.7576,0.55,0.2239,63,335,398
4702,2011-07-19,3,0,7,19,0,2,1,1,0.76,0.7424,0.75,0.194,54,334,388
4726,2011-07-20,3,0,7,19,0,3,1,1,0.82,0.8485,0.67,0.1642,59,323,382
4750,2011-07-21,3,0,7,19,0,4,1,1,0.86,0.9242,0.67,0.2836,51,233,284
4774,2011-07-22,3,0,7,19,0,5,1,2,0.86,0.7879,0.41,0.1045,40,210,250
4798,2011-07-23,3,0,7,19,0,6,0,2,0.82,0.803,0.59,0.1343,80,137,217
4822,2011-07-24,3,0,7,19,0,0,0,1,0.86,0.803,0.47,0.1642,70,170,240
4846,2011-07-25,3,0,7,19,0,1,1,1,0.74,0.697,0.7,0.0896,62,324,386
4870,2011-07-26,3,0,7,19,0,2,1,1,0.82,0.7424,0.43,0.2985,69,329,398
4894,2011-07-27,3,0,7,19,0,3,1,1,0.8,0.697,0.29,0.0896,87,288,375
4918,2011-07-28,3,0,7,19,0,4,1,1,0.82,0.803,0.59,0.194,37,285,322
4942,2011-07-29,3,0,7,19,0,5,1,1,0.9,0.8485,0.42,0.2239,22,219,241
4966,2011-07-30,3,0,7,19,0,6,0,1,0.74,0.6515,0.33,0.2239,101,155,256
4990,2011-07-31,3,0,7,19,0,0,0,1,0.8,0.7576,0.55,0.3284,87,187,274
5014,2011-08-01,3,0,8,19,0,1,1,1,0.74,0.6667,0.51,0.2239,63,350,413
5038,2011-08-02,3,0,8,19,0,2,1,2,0.86,0.7576,0.36,0.2239,85,369,454
5062,2011-08-03,3,0,8,19,0,3,1,3,0.7,0.6667,0.84,0,51,270,321
5086,2011-08-04,3,0,8,19,0,4,1,1,0.7,0.6667,0.74,0.2836,65,301,366
5110,2011-08-05,3,0,8,19,0,5,1,1,0.74,0.6818,0.55,0.2537,90,282,372
5134,2011-08-06,3,0,8,19,0,6,0,3,0.72,0.7121,0.84,0.2537,57,114,171
5158,2011-08-07,3,0,8,19,0,0,0,1,0.72,0.697,0.79,0.1642,68,160,228
5182,2011-08-08,3,0,8,19,0,1,1,1,0.82,0.7424,0.43,0.1045,64,352,416
5206,2011-08-09,3,0,8,19,0,2,1,1,0.8,0.7424,0.49,0.1045,69,302,371
5230,2011-08-10,3,0,8,19,0,3,1,1,0.8,0.697,0.26,0.2537,79,334,413
5254,2011-08-11,3,0,8,19,0,4,1,1,0.74,0.6515,0.35,0.194,48,323,371
5278,2011-08-12,3,0,8,19,0,5,1,1,0.74,0.6667,0.42,0.2239,101,284,385
5302,2011-08-13,3,0,8,19,0,6,0,2,0.68,0.6364,0.79,0.2836,67,170,237
5326,2011-08-14,3,0,8,19,0,0,0,1,0.72,0.697,0.74,0.2239,75,184,259
5350,2011-08-15,3,0,8,19,0,1,1,1,0.7,0.6515,0.65,0,54,343,397
5374,2011-08-16,3,0,8,19,0,2,1,1,0.74,0.6667,0.48,0.194,56,320,376
5398,2011-08-17,3,0,8,19,0,3,1,1,0.76,0.697,0.55,0.2239,50,297,347
5422,2011-08-18,3,0,8,19,0,4,1,1,0.66,0.6061,0.83,0.1045,26,115,141
5446,2011-08-19,3,0,8,19,0,5,1,3,0.62,0.5909,0.73,0.4627,33,132,165
5470,2011-08-20,3,0,8,19,0,6,0,1,0.74,0.6818,0.62,0.194,109,182,291
5494,2011-08-21,3,0,8,19,0,0,0,1,0.72,0.6818,0.7,0.2537,81,201,282
5518,2011-08-22,3,0,8,19,0,1,1,1,0.7,0.6364,0.3,0.2836,66,350,416
5542,2011-08-23,3,0,8,19,0,2,1,1,0.66,0.6212,0.5,0.2239,70,297,367
5566,2011-08-24,3,0,8,19,0,3,1,1,0.74,0.6818,0.55,0.2985,93,347,440
5590,2011-08-25,3,0,8,19,0,4,1,2,0.66,0.6061,0.78,0.3284,31,241,272
5614,2011-08-26,3,0,8,19,0,5,1,1,0.72,0.697,0.79,0.1045,55,235,290
5649,2011-08-28,3,0,8,19,0,0,0,1,0.72,0.6667,0.48,0.1045,140,247,387
5673,2011-08-29,3,0,8,19,0,1,1,1,0.66,0.6212,0.47,0.2537,50,317,367
5697,2011-08-30,3,0,8,19,0,2,1,1,0.66,0.6212,0.5,0.0896,68,397,465
5721,2011-08-31,3,0,8,19,0,3,1,1,0.84,0.7727,0.47,0.2537,53,393,446
5745,2011-09-01,3,0,9,19,0,4,1,1,0.7,0.6515,0.58,0.1642,79,364,443
5769,2011-09-02,3,0,9,19,0,5,1,1,0.66,0.6212,0.69,0.1343,67,220,287
5793,2011-09-03,3,0,9,19,0,6,0,1,0.7,0.6667,0.74,0.1343,147,148,295
5817,2011-09-04,3,0,9,19,0,0,0,1,0.74,0.697,0.7,0.194,178,150,328
5841,2011-09-05,3,0,9,19,1,1,0,3,0.66,0.5909,0.94,0.1045,52,123,175
5864,2011-09-06,3,0,9,19,0,2,1,2,0.54,0.5152,0.88,0.4179,12,269,281
5888,2011-09-07,3,0,9,19,0,3,1,2,0.64,0.5758,0.89,0,14,212,226
5911,2011-09-08,3,0,9,19,0,4,1,3,0.62,0.5152,1,0.3284,1,51,52
5935,2011-09-09,3,0,9,19,0,5,1,1,0.66,0.5909,0.89,0.1642,33,316,349
5959,2011-09-10,3,0,9,19,0,6,0,1,0.7,0.6515,0.58,0.1343,101,214,315
5983,2011-09-11,3,0,9,19,0,0,0,1,0.64,0.6061,0.69,0.1045,101,232,333
6006,2011-09-12,3,0,9,19,0,1,1,1,0.68,0.6364,0.57,0.1343,63,373,436
6030,2011-09-13,3,0,9,19,0,2,1,1,0.68,0.6364,0.69,0.1642,55,341,396
6054,2011-09-14,3,0,9,19,0,3,1,2,0.7,0.6515,0.7,0.1045,44,337,381
6078,2011-09-15,3,0,9,19,0,4,1,1,0.46,0.4545,0.67,0.4627,20,212,232
6102,2011-09-16,3,0,9,19,0,5,1,2,0.5,0.4848,0.55,0.1642,59,256,315
6126,2011-09-17,3,0,9,19,0,6,0,1,0.52,0.5,0.68,0.1343,70,186,256
6150,2011-09-18,3,0,9,19,0,0,0,2,0.54,0.5152,0.68,0.1045,54,191,245
6174,2011-09-19,3,0,9,19,0,1,1,2,0.56,0.5303,0.68,0.1045,41,333,374
6198,2011-09-20,3,0,9,19,0,2,1,1,0.58,0.5455,0.88,0,43,294,337
6222,2011-09-21,3,0,9,19,0,3,1,3,0.62,0.5455,0.94,0,30,253,283
6246,2011-09-22,3,0,9,19,0,4,1,2,0.64,0.5758,0.89,0.0896,32,388,420
6270,2011-09-23,4,0,9,19,0,5,1,1,0.62,0.5455,0.94,0.1343,16,232,248
6294,2011-09-24,4,0,9,19,0,6,0,1,0.62,0.5606,0.88,0,77,231,308
6318,2011-09-25,4,0,9,19,0,0,0,1,0.64,0.5758,0.83,0.1343,87,242,329
6342,2011-09-26,4,0,9,19,0,1,1,1,0.66,0.6061,0.82,0.0896,36,347,383
6366,2011-09-27,4,0,9,19,0,2,1,2,0.64,0.5758,0.89,0.1343,26,294,320
6390,2011-09-28,4,0,9,19,0,3,1,3,0.66,0.6061,0.83,0.2537,57,315,372
6414,2011-09-29,4,0,9,19,0,4,1,1,0.62,0.6212,0.5,0.0896,36,348,384
6438,2011-09-30,4,0,9,19,0,5,1,1,0.54,0.5152,0.52,0.2836,42,332,374
6462,2011-10-01,4,0,10,19,0,6,0,2,0.38,0.3939,0.82,0.194,27,99,126
6486,2011-10-02,4,0,10,19,0,0,0,2,0.38,0.3939,0.76,0.1642,34,128,162
6510,2011-10-03,4,0,10,19,0,1,1,1,0.4,0.4091,0.76,0,15,300,315
6534,2011-10-04,4,0,10,19,0,2,1,1,0.52,0.5,0.68,0.2239,35,310,345
6558,2011-10-05,4,0,10,19,0,3,1,1,0.58,0.5455,0.56,0.1343,40,334,374
6582,2011-10-06,4,0,10,19,0,4,1,1,0.52,0.5,0.59,0.1045,38,305,343
6606,2011-10-07,4,0,10,19,0,5,1,1,0.56,0.5303,0.52,0,51,243,294
6630,2011-10-08,4,0,10,19,0,6,0,1,0.54,0.5152,0.68,0.1343,76,172,248
6654,2011-10-09,4,0,10,19,0,0,0,1,0.56,0.5303,0.73,0.0896,116,186,302
6678,2011-10-10,4,0,10,19,1,1,0,2,0.58,0.5455,0.78,0.0896,69,267,336
6702,2011-10-11,4,0,10,19,0,2,1,2,0.58,0.5455,0.83,0.2239,33,285,318
6726,2011-10-12,4,0,10,19,0,3,1,3,0.54,0.5152,0.94,0.1343,7,102,109
6750,2011-10-13,4,0,10,19,0,4,1,2,0.62,0.5758,0.83,0.1642,18,187,205
6774,2011-10-14,4,0,10,19,0,5,1,1,0.54,0.5152,0.39,0.3284,27,221,248
6798,2011-10-15,4,0,10,19,0,6,0,1,0.5,0.4848,0.51,0.1343,61,177,238
6822,2011-10-16,4,0,10,19,0,0,0,1,0.54,0.5152,0.52,0.3881,52,181,233
6846,2011-10-17,4,0,10,19,0,1,1,1,0.54,0.5152,0.68,0.1045,45,288,333
6870,2011-10-18,4,0,10,19,0,2,1,1,0.56,0.5303,0.6,0.1045,31,286,317
6893,2011-10-19,4,0,10,19,0,3,1,2,0.6,0.5455,0.88,0.1343,8,189,197
6917,2011-10-20,4,0,10,19,0,4,1,1,0.46,0.4545,0.51,0.3582,20,278,298
6941,2011-10-21,4,0,10,19,0,5,1,2,0.44,0.4394,0.54,0.3881,25,228,253
6965,2011-10-22,4,0,10,19,0,6,0,1,0.44,0.4394,0.67,0,47,173,220
6989,2011-10-23,4,0,10,19,0,0,0,1,0.46,0.4545,0.77,0,53,140,193
7013,2011-10-24,4,0,10,19,0,1,1,3,0.48,0.4697,0.82,0,25,212,237
7037,2011-10-25,4,0,10,19,0,2,1,1,0.48,0.4697,0.67,0.194,44,294,338
7061,2011-10-26,4,0,10,19,0,3,1,1,0.5,0.4848,0.82,0,25,306,331
7085,2011-10-27,4,0,10,19,0,4,1,2,0.44,0.4394,0.67,0.4627,19,200,219
7109,2011-10-28,4,0,10,19,0,5,1,2,0.36,0.3485,0.5,0.1343,16,188,204
7133,2011-10-29,4,0,10,19,0,6,0,1,0.24,0.2121,0.87,0.3582,3,36,39
7157,2011-10-30,4,0,10,19,0,0,0,1,0.56,0.5303,0.49,0.2985,28,125,153
7181,2011-10-31,4,0,10,19,0,1,1,1,0.4,0.4091,0.66,0.0896,12,226,238
7205,2011-11-01,4,0,11,19,0,2,1,1,0.42,0.4242,0.58,0.0896,39,274,313
7229,2011-11-02,4,0,11,19,0,3,1,1,0.4,0.4091,0.76,0.1343,25,257,282
7253,2011-11-03,4,0,11,19,0,4,1,1,0.44,0.4394,0.67,0.0896,18,234,252
7277,2011-11-04,4,0,11,19,0,5,1,1,0.4,0.4091,0.37,0.3582,14,182,196
7301,2011-11-05,4,0,11,19,0,6,0,1,0.34,0.3636,0.53,0,45,159,204
7325,2011-11-06,4,0,11,19,0,0,0,1,0.38,0.3939,0.76,0.194,21,130,151
7349,2011-11-07,4,0,11,19,0,1,1,1,0.46,0.4545,0.59,0,20,280,300
7373,2011-11-08,4,0,11,19,0,2,1,1,0.46,0.4545,0.59,0,14,264,278
7397,2011-11-09,4,0,11,19,0,3,1,1,0.44,0.4394,0.72,0.1045,12,292,304
7421,2011-11-10,4,0,11,19,0,4,1,2,0.36,0.3485,0.71,0.2239,19,192,211
7445,2011-11-11,4,0,11,19,1,5,0,1,0.32,0.3182,0.39,0.1642,17,182,199
7469,2011-11-12,4,0,11,19,0,6,0,1,0.42,0.4242,0.5,0.2537,32,139,171
7493,2011-11-13,4,0,11,19,0,0,0,1,0.5,0.4848,0.29,0.3582,36,121,157
7517,2011-11-14,4,0,11,19,0,1,1,1,0.6,0.6212,0.53,0.2985,28,274,302
7541,2011-11-15,4,0,11,19,0,2,1,2,0.5,0.4848,0.72,0.3582,27,259,286
7565,2011-11-16,4,0,11,19,0,3,1,3,0.46,0.4545,0.88,0.3881,3,108,111
7589,2011-11-17,4,0,11,19,0,4,1,1,0.3,0.2879,0.45,0.2239,7,210,217
7613,2011-11-18,4,0,11,19,0,5,1,1,0.28,0.2727,0.41,0.1642,7,183,190
7637,2011-11-19,4,0,11,19,0,6,0,2,0.34,0.3333,0.71,0.1343,33,149,182
7661,2011-11-20,4,0,11,19,0,0,0,2,0.5,0.4848,0.72,0.1045,17,140,157
7685,2011-11-21,4,0,11,19,0,1,1,3,0.4,0.4091,0.94,0.194,2,135,137
7709,2011-11-22,4,0,11,19,0,2,1,3,0.46,0.4545,0.94,0.1045,5,106,111
7733,2011-11-23,4,0,11,19,0,3,1,1,0.38,0.3939,0.58,0.3881,6,116,122
7757,2011-11-24,4,0,11,19,1,4,0,1,0.4,0.4091,0.54,0.1045,15,13,28
7781,2011-11-25,4,0,11,19,0,5,1,1,0.42,0.4242,0.67,0,38,96,134
7805,2011-11-26,4,0,11,19,0,6,0,2,0.4,0.4091,0.71,0.0896,46,100,146
7829,2011-11-27,4,0,11,19,0,0,0,1,0.48,0.4697,0.67,0.2239,30,109,139
7852,2011-11-28,4,0,11,19,0,1,1,1,0.54,0.5152,0.73,0.2239,4,260,264
7876,2011-11-29,4,0,11,19,0,2,1,2,0.4,0.4091,0.82,0.3284,6,244,250
7900,2011-11-30,4,0,11,19,0,3,1,2,0.32,0.303,0.57,0.2836,6,273,279
7924,2011-12-01,4,0,12,19,0,4,1,1,0.34,0.3485,0.46,0.1045,9,219,228
7948,2011-12-02,4,0,12,19,0,5,1,1,0.34,0.3182,0.53,0.2537,13,252,265
7972,2011-12-03,4,0,12,19,0,6,0,1,0.3,0.3182,0.61,0.0896,31,144,175
7996,2011-12-04,4,0,12,19,0,0,0,1,0.38,0.3939,0.76,0,15,158,173
8020,2011-12-05,4,0,12,19,0,1,1,2,0.46,0.4545,0.77,0,13,295,308
8044,2011-12-06,4,0,12,19,0,2,1,3,0.46,0.4545,1,0.2985,10,223,233
8068,2011-12-07,4,0,12,19,0,3,1,3,0.34,0.2879,0.87,0.6418,2,31,33
8092,2011-12-08,4,0,12,19,0,4,1,1,0.26,0.2727,0.56,0.1045,12,220,232
8116,2011-12-09,4,0,12,19,0,5,1,1,0.34,0.3636,0.61,0,10,189,199
8140,2011-12-10,4,0,12,19,0,6,0,1,0.26,0.2424,0.38,0.2836,15,139,154
8164,2011-12-11,4,0,12,19,0,0,0,1,0.22,0.2273,0.55,0.194,7,98,105
8188,2011-12-12,4,0,12,19,0,1,1,1,0.28,0.303,0.61,0.0896,9,232,241
8212,2011-12-13,4,0,12,19,0,2,1,1,0.32,0.3182,0.49,0.1642,5,262,267
8236,2011-12-14,4,0,12,19,0,3,1,2,0.36,0.3636,0.62,0.1045,9,259,268
8260,2011-12-15,4,0,12,19,0,4,1,2,0.52,0.5,0.59,0.2836,13,274,287
8284,2011-12-16,4,0,12,19,0,5,1,2,0.32,0.303,0.45,0.2239,11,203,214
8308,2011-12-17,4,0,12,19,0,6,0,3,0.24,0.2121,0.65,0.3284,11,95,106
8332,2011-12-18,4,0,12,19,0,0,0,1,0.26,0.2727,0.52,0.1343,5,130,135
8356,2011-12-19,4,0,12,19,0,1,1,2,0.36,0.3485,0.53,0.1642,17,234,251
8380,2011-12-20,4,0,12,19,0,2,1,1,0.38,0.3939,0.66,0,6,218,224
8404,2011-12-21,1,0,12,19,0,3,1,2,0.5,0.4848,0.94,0.3284,9,200,209
8428,2011-12-22,1,0,12,19,0,4,1,2,0.44,0.4394,0.62,0,12,130,142
8452,2011-12-23,1,0,12,19,0,5,1,1,0.34,0.3333,0.53,0.194,1,75,76
8476,2011-12-24,1,0,12,19,0,6,0,1,0.3,0.3182,0.52,0.0896,1,24,25
8499,2011-12-25,1,0,12,19,0,0,0,1,0.32,0.3333,0.57,0.1343,2,14,16
8522,2011-12-26,1,0,12,19,1,1,0,1,0.3,0.3182,0.65,0.0896,16,49,65
8546,2011-12-27,1,0,12,19,0,2,1,1,0.34,0.3333,0.87,0.1642,3,87,90
8569,2011-12-28,1,0,12,19,0,3,1,1,0.24,0.2273,0.41,0.2537,16,135,151
8593,2011-12-29,1,0,12,19,0,4,1,1,0.3,0.3182,0.56,0.1045,11,124,135
8617,2011-12-30,1,0,12,19,0,5,1,2,0.34,0.303,0.49,0.4179,16,96,112
8641,2011-12-31,1,0,12,19,0,6,0,1,0.42,0.4242,0.54,0.2239,19,73,92
8665,2012-01-01,1,1,1,19,0,0,0,3,0.42,0.4242,0.67,0.3881,20,85,105
8688,2012-01-02,1,1,1,19,1,1,0,1,0.24,0.2273,0.38,0.2239,4,89,93
8712,2012-01-03,1,1,1,19,0,2,1,1,0.12,0.0909,0.28,0.4179,4,152,156
8736,2012-01-04,1,1,1,19,0,3,1,2,0.2,0.2273,0.4,0.1045,2,182,184
8760,2012-01-05,1,1,1,19,0,4,1,1,0.34,0.3485,0.34,0.0896,10,255,265
8784,2012-01-06,1,1,1,19,0,5,1,1,0.46,0.4545,0.33,0.2836,11,261,272
8808,2012-01-07,1,1,1,19,0,6,0,1,0.52,0.5,0.42,0.1045,44,171,215
8832,2012-01-08,1,1,1,19,0,0,0,1,0.32,0.3182,0.49,0.194,8,104,112
8856,2012-01-09,1,1,1,19,0,1,1,3,0.2,0.2273,0.93,0.0896,3,187,190
8879,2012-01-10,1,1,1,19,0,2,1,1,0.38,0.3939,0.46,0.1045,11,270,281
8903,2012-01-11,1,1,1,19,0,3,1,3,0.32,0.303,0.93,0.2239,1,92,93
8927,2012-01-12,1,1,1,19,0,4,1,2,0.42,0.4242,0.71,0.1642,17,313,330
8951,2012-01-13,1,1,1,19,0,5,1,1,0.26,0.2424,0.38,0.2836,7,199,206
8975,2012-01-14,1,1,1,19,0,6,0,1,0.2,0.197,0.47,0.2239,12,90,102
8999,2012-01-15,1,1,1,19,0,0,0,1,0.16,0.1667,0.37,0.1642,9,101,110
9023,2012-01-16,1,1,1,19,1,1,0,1,0.26,0.2424,0.56,0.2836,10,134,144
9046,2012-01-17,1,1,1,19,0,2,1,1,0.46,0.4545,0.63,0.4179,11,297,308
9070,2012-01-18,1,1,1,19,0,3,1,1,0.22,0.197,0.37,0.3881,5,251,256
9094,2012-01-19,1,1,1,19,0,4,1,2,0.26,0.2273,0.48,0.2985,5,229,234
9118,2012-01-20,1,1,1,19,0,5,1,2,0.2,0.2273,0.37,0.1045,6,186,192
9142,2012-01-21,1,1,1,19,0,6,0,2,0.18,0.1515,0.8,0.3881,0,85,85
9166,2012-01-22,1,1,1,19,0,0,0,3,0.16,0.1818,0.86,0.1045,9,80,89
9190,2012-01-23,1,1,1,19,0,1,1,2,0.26,0.2576,0.93,0.1642,9,211,220
9214,2012-01-24,1,1,1,19,0,2,1,1,0.44,0.4394,0.51,0.0896,20,311,331
9238,2012-01-25,1,1,1,19,0,3,1,2,0.34,0.3636,0.53,0,5,311,316
9262,2012-01-26,1,1,1,19,0,4,1,2,0.4,0.4091,0.76,0.1045,11,302,313
9286,2012-01-27,1,1,1,19,0,5,1,1,0.36,0.3333,0.5,0.3881,10,241,251
9310,2012-01-28,1,1,1,19,0,6,0,2,0.42,0.4242,0.41,0.5522,33,173,206
9334,2012-01-29,1,1,1,19,0,0,0,1,0.32,0.303,0.29,0.2537,14,145,159
9358,2012-01-30,1,1,1,19,0,1,1,1,0.3,0.3182,0.45,0.1045,8,298,306
9382,2012-01-31,1,1,1,19,0,2,1,1,0.5,0.4848,0.29,0.2836,22,306,328
9406,2012-02-01,1,1,2,19,0,3,1,1,0.54,0.5152,0.52,0.2836,20,315,335
9430,2012-02-02,1,1,2,19,0,4,1,1,0.38,0.3939,0.43,0.5224,16,311,327
9454,2012-02-03,1,1,2,19,0,5,1,1,0.34,0.3485,0.49,0.1045,11,256,267
9478,2012-02-04,1,1,2,19,0,6,0,3,0.26,0.2727,0.87,0.1343,5,75,80
9502,2012-02-05,1,1,2,19,0,0,0,1,0.3,0.2879,0.52,0.2239,6,63,69
9525,2012-02-06,1,1,2,19,0,1,1,1,0.36,0.3333,0.43,0.2537,7,284,291
9549,2012-02-07,1,1,2,19,0,2,1,1,0.38,0.3939,0.43,0.2239,11,327,338
9573,2012-02-08,1,1,2,19,0,3,1,3,0.24,0.2576,0.87,0.1045,3,158,161
9597,2012-02-09,1,1,2,19,0,4,1,1,0.32,0.3333,0.33,0.1045,8,287,295
9621,2012-02-10,1,1,2,19,0,5,1,2,0.32,0.3485,0.57,0,16,246,262
9645,2012-02-11,1,1,2,19,0,6,0,2,0.2,0.1515,0.4,0.5522,2,85,87
9669,2012-02-12,1,1,2,19,0,0,0,1,0.16,0.1364,0.4,0.2836,2,78,80
9693,2012-02-13,1,1,2,19,0,1,1,1,0.34,0.3333,0.25,0.1343,7,256,263
9717,2012-02-14,1,1,2,19,0,2,1,2,0.36,0.3485,0.5,0.1642,11,270,281
9741,2012-02-15,1,1,2,19,0,3,1,1,0.38,0.3939,0.43,0.1642,9,302,311
9765,2012-02-16,1,1,2,19,0,4,1,2,0.32,0.3182,0.87,0.1642,4,254,258
9789,2012-02-17,1,1,2,19,0,5,1,1,0.38,0.3939,0.37,0.2239,16,266,282
9813,2012-02-18,1,1,2,19,0,6,0,1,0.44,0.4394,0.44,0.1642,38,150,188
9837,2012-02-19,1,1,2,19,0,0,0,2,0.3,0.2879,0.52,0.2537,18,101,119
9860,2012-02-20,1,1,2,19,1,1,0,1,0.34,0.3182,0.34,0.2239,8,164,172
9883,2012-02-21,1,1,2,19,0,2,1,1,0.36,0.3333,0.46,0.2985,5,299,304
9907,2012-02-22,1,1,2,19,0,3,1,2,0.46,0.4545,0.44,0.2836,22,305,327
9931,2012-02-23,1,1,2,19,0,4,1,1,0.5,0.4848,0.39,0.0896,20,349,369
9955,2012-02-24,1,1,2,19,0,5,1,2,0.44,0.4394,0.88,0.1045,6,227,233
9979,2012-02-25,1,1,2,19,0,6,0,1,0.26,0.2121,0.33,0.4478,12,137,149
10003,2012-02-26,1,1,2,19,0,0,0,1,0.34,0.3333,0.34,0.1642,13,130,143
10027,2012-02-27,1,1,2,19,0,1,1,1,0.5,0.4848,0.29,0.3881,16,318,334
10051,2012-02-28,1,1,2,19,0,2,1,1,0.42,0.4242,0.26,0,15,291,306
10074,2012-02-29,1,1,2,19,0,3,1,2,0.4,0.4091,0.87,0.1045,0,102,102
10098,2012-03-01,1,1,3,19,0,4,1,1,0.48,0.4697,0.41,0.3284,11,317,328
10122,2012-03-02,1,1,3,19,0,5,1,3,0.36,0.3485,0.87,0.194,12,162,174
10146,2012-03-03,1,1,3,19,0,6,0,1,0.46,0.4545,0.33,0.1642,34,191,225
10170,2012-03-04,1,1,3,19,0,0,0,1,0.3,0.2576,0.36,0.4925,12,120,132
10194,2012-03-05,1,1,3,19,0,1,1,1,0.26,0.2576,0.53,0.2239,6,220,226
10218,2012-03-06,1,1,3,19,0,2,1,1,0.34,0.303,0.46,0.2985,9,278,287
10242,2012-03-07,1,1,3,19,0,3,1,1,0.54,0.5152,0.42,0.3582,16,345,361
10266,2012-03-08,1,1,3,19,0,4,1,2,0.6,0.6212,0.4,0.4478,21,395,416
10290,2012-03-09,1,1,3,19,0,5,1,1,0.42,0.4242,0.28,0.6119,12,232,244
10314,2012-03-10,1,1,3,19,0,6,0,1,0.34,0.3636,0.25,0,25,159,184
10337,2012-03-11,1,1,3,19,0,0,0,1,0.5,0.4848,0.31,0.2836,55,203,258
10361,2012-03-12,1,1,3,19,0,1,1,2,0.56,0.5303,0.49,0.2239,67,379,446
10385,2012-03-13,1,1,3,19,0,2,1,1,0.64,0.6212,0.47,0.2239,50,429,479
10409,2012-03-14,1,1,3,19,0,3,1,1,0.64,0.6212,0.33,0.1642,70,402,472
10433,2012-03-15,1,1,3,19,0,4,1,2,0.64,0.6212,0.5,0.194,72,353,425
10457,2012-03-16,1,1,3,19,0,5,1,2,0.46,0.4545,0.88,0,23,273,296
10481,2012-03-17,1,1,3,19,0,6,0,1,0.58,0.5455,0.64,0.2836,155,262,417
10505,2012-03-18,1,1,3,19,0,0,0,1,0.56,0.5303,0.64,0.1642,118,234,352
10529,2012-03-19,1,1,3,19,0,1,1,1,0.62,0.6061,0.61,0.2239,86,463,549
10553,2012-03-20,1,1,3,19,0,2,1,1,0.58,0.5455,0.73,0.1343,75,480,555
10577,2012-03-21,2,1,3,19,0,3,1,1,0.6,0.6061,0.64,0,86,496,582
10601,2012-03-22,2,1,3,19,0,4,1,1,0.66,0.6212,0.61,0,117,469,586
10625,2012-03-23,2,1,3,19,0,5,1,1,0.66,0.6212,0.5,0.194,213,473,686
10649,2012-03-24,2,1,3,19,0,6,0,3,0.46,0.4545,0.94,0.1343,28,105,133
10673,2012-03-25,2,1,3,19,0,0,0,1,0.5,0.4848,0.72,0.2537,114,261,375
10697,2012-03-26,2,1,3,19,0,1,1,1,0.42,0.4242,0.24,0.3582,41,417,458
10721,2012-03-27,2,1,3,19,0,2,1,1,0.42,0.4242,0.17,0,40,377,417
10745,2012-03-28,2,1,3,19,0,3,1,1,0.6,0.6212,0.56,0.194,41,415,456
10769,2012-03-29,2,1,3,19,0,4,1,1,0.48,0.4697,0.39,0.2836,47,421,468
10793,2012-03-30,2,1,3,19,0,5,1,1,0.4,0.4091,0.62,0.2239,42,353,395
10817,2012-03-31,2,1,3,19,0,6,0,1,0.42,0.4242,0.71,0.4478,93,191,284
10841,2012-04-01,2,1,4,19,0,0,0,1,0.52,0.5,0.55,0.2239,110,236,346
10864,2012-04-02,2,1,4,19,0,1,1,1,0.5,0.4848,0.27,0.2537,66,428,494
10888,2012-04-03,2,1,4,19,0,2,1,1,0.56,0.5303,0.26,0.1045,98,460,558
10912,2012-04-04,2,1,4,19,0,3,1,1,0.66,0.6212,0.39,0.2239,75,419,494
10936,2012-04-05,2,1,4,19,0,4,1,1,0.48,0.4697,0.31,0.2537,64,423,487
10960,2012-04-06,2,1,4,19,0,5,1,1,0.48,0.4697,0.23,0.2985,115,297,412
10984,2012-04-07,2,1,4,19,0,6,0,1,0.54,0.5152,0.16,0.3284,170,243,413
11008,2012-04-08,2,1,4,19,0,0,0,1,0.6,0.6061,0.23,0.3881,89,187,276
11032,2012-04-09,2,1,4,19,0,1,1,1,0.52,0.5,0.34,0.3582,35,386,421
11056,2012-04-10,2,1,4,19,0,2,1,1,0.52,0.5,0.2,0.3582,51,428,479
11079,2012-04-11,2,1,4,19,0,3,1,1,0.4,0.4091,0.4,0.3582,28,356,384
11103,2012-04-12,2,1,4,19,0,4,1,1,0.46,0.4545,0.31,0.2985,50,383,433
11127,2012-04-13,2,1,4,19,0,5,1,1,0.54,0.5152,0.24,0.1642,75,352,427
11151,2012-04-14,2,1,4,19,0,6,0,2,0.6,0.6212,0.4,0.1642,163,296,459
11175,2012-04-15,2,1,4,19,0,0,0,1,0.7,0.6364,0.42,0.2537,114,265,379
11199,2012-04-16,2,1,4,19,1,1,0,1,0.76,0.6667,0.35,0.3881,61,461,522
11223,2012-04-17,2,1,4,19,0,2,1,1,0.6,0.6061,0.26,0.2537,73,464,537
11247,2012-04-18,2,1,4,19,0,3,1,2,0.42,0.4242,0.77,0.1343,26,342,368
11271,2012-04-19,2,1,4,19,0,4,1,1,0.58,0.5455,0.46,0.1343,70,516,586
11295,2012-04-20,2,1,4,19,0,5,1,1,0.6,0.6212,0.53,0.194,82,410,492
11319,2012-04-21,2,1,4,19,0,6,0,3,0.56,0.5303,0.73,0.4925,9,45,54
11343,2012-04-22,2,1,4,19,0,0,0,3,0.36,0.3182,0.87,0.5224,1,34,35
11367,2012-04-23,2,1,4,19,0,1,1,2,0.34,0.3182,0.76,0.2239,11,287,298
11391,2012-04-24,2,1,4,19,0,2,1,1,0.5,0.4848,0.18,0.2537,33,449,482
11415,2012-04-25,2,1,4,19,0,3,1,1,0.6,0.5909,0.2,0.194,42,501,543
11439,2012-04-26,2,1,4,19,0,4,1,2,0.54,0.5152,0.77,0.2239,57,407,464
11463,2012-04-27,2,1,4,19,0,5,1,1,0.5,0.4848,0.27,0.3881,62,379,441
11487,2012-04-28,2,1,4,19,0,6,0,3,0.36,0.3485,0.71,0.1343,29,110,139
11511,2012-04-29,2,1,4,19,0,0,0,1,0.56,0.5303,0.35,0.1343,128,247,375
11535,2012-04-30,2,1,4,19,0,1,1,2,0.54,0.5152,0.64,0.2537,51,420,471
11559,2012-05-01,2,1,5,19,0,2,1,1,0.7,0.6515,0.54,0.1343,58,429,487
11583,2012-05-02,2,1,5,19,0,3,1,1,0.54,0.5152,0.77,0.2537,43,461,504
11607,2012-05-03,2,1,5,19,0,4,1,1,0.7,0.6515,0.61,0.194,55,467,522
11631,2012-05-04,2,1,5,19,0,5,1,1,0.7,0.6515,0.51,0.1343,64,388,452
11655,2012-05-05,2,1,5,19,0,6,0,2,0.62,0.5909,0.73,0.3284,151,254,405
11679,2012-05-06,2,1,5,19,0,0,0,2,0.6,0.6061,0.64,0.1642,117,266,383
11703,2012-05-07,2,1,5,19,0,1,1,1,0.58,0.5455,0.56,0.3284,83,463,546
11727,2012-05-08,2,1,5,19,0,2,1,2,0.64,0.6061,0.69,0.2836,59,399,458
11751,2012-05-09,2,1,5,19,0,3,1,3,0.5,0.4848,0.77,0.3582,2,96,98
11775,2012-05-10,2,1,5,19,0,4,1,1,0.54,0.5152,0.37,0.3582,84,469,553
11799,2012-05-11,2,1,5,19,0,5,1,1,0.64,0.6061,0.23,0.2537,73,430,503
11823,2012-05-12,2,1,5,19,0,6,0,2,0.64,0.6212,0.36,0.1642,166,273,439
11847,2012-05-13,2,1,5,19,0,0,0,2,0.66,0.6212,0.5,0.4179,107,232,339
11871,2012-05-14,2,1,5,19,0,1,1,3,0.58,0.5455,0.88,0.1343,10,294,304
11895,2012-05-15,2,1,5,19,0,2,1,1,0.66,0.6212,0.69,0.1642,57,455,512
11919,2012-05-16,2,1,5,19,0,3,1,1,0.7,0.6515,0.54,0.2836,91,499,590
11943,2012-05-17,2,1,5,19,0,4,1,1,0.64,0.6212,0.31,0.194,86,451,537
11967,2012-05-18,2,1,5,19,0,5,1,1,0.62,0.6212,0.41,0.194,91,392,483
11991,2012-05-19,2,1,5,19,0,6,0,1,0.7,0.6364,0.39,0.1343,203,229,432
12015,2012-05-20,2,1,5,19,0,0,0,1,0.66,0.6212,0.61,0.4179,142,260,402
12039,2012-05-21,2,1,5,19,0,1,1,1,0.66,0.6212,0.69,0.0896,57,391,448
12063,2012-05-22,2,1,5,19,0,2,1,1,0.66,0.6212,0.69,0.2239,44,320,364
12087,2012-05-23,2,1,5,19,0,3,1,2,0.62,0.5758,0.83,0.1642,40,336,376
12111,2012-05-24,2,1,5,19,0,4,1,1,0.7,0.6515,0.61,0.2985,76,416,492
12135,2012-05-25,2,1,5,19,0,5,1,1,0.74,0.6818,0.62,0.2537,111,293,404
12159,2012-05-26,2,1,5,19,0,6,0,2,0.74,0.697,0.66,0.2239,159,214,373
12183,2012-05-27,2,1,5,19,0,0,0,1,0.76,0.7121,0.58,0.194,230,212,442
12207,2012-05-28,2,1,5,19,1,1,0,1,0.8,0.7576,0.55,0.2985,148,247,395
12231,2012-05-29,2,1,5,19,0,2,1,1,0.78,0.7121,0.52,0.3582,69,457,526
12255,2012-05-30,2,1,5,19,0,3,1,1,0.72,0.6667,0.54,0.1642,50,506,556
12279,2012-05-31,2,1,5,19,0,4,1,1,0.72,0.6515,0.34,0.1642,104,487,591
12303,2012-06-01,2,1,6,19,0,5,1,3,0.62,0.5606,0.88,0.3582,4,41,45
12327,2012-06-02,2,1,6,19,0,6,0,1,0.64,0.6212,0.36,0.1642,185,369,554
12351,2012-06-03,2,1,6,19,0,0,0,1,0.68,0.6364,0.34,0.2836,116,337,453
12375,2012-06-04,2,1,6,19,0,1,1,1,0.62,0.6212,0.38,0.4179,91,554,645
12399,2012-06-05,2,1,6,19,0,2,1,1,0.58,0.5455,0.46,0.2537,68,445,513
12423,2012-06-06,2,1,6,19,0,3,1,1,0.56,0.5303,0.73,0.2985,52,486,538
12447,2012-06-07,2,1,6,19,0,4,1,1,0.7,0.6364,0.34,0.2836,65,537,602
12471,2012-06-08,2,1,6,19,0,5,1,1,0.74,0.6515,0.3,0.2239,95,460,555
12495,2012-06-09,2,1,6,19,0,6,0,1,0.8,0.697,0.29,0.1642,128,232,360
12519,2012-06-10,2,1,6,19,0,0,0,1,0.82,0.7121,0.28,0.2836,115,260,375
12543,2012-06-11,2,1,6,19,0,1,1,2,0.76,0.6818,0.48,0.3284,89,507,596
12567,2012-06-12,2,1,6,19,0,2,1,1,0.68,0.6364,0.83,0.194,47,444,491
12591,2012-06-13,2,1,6,19,0,3,1,1,0.7,0.6364,0.34,0.3881,123,548,671
12615,2012-06-14,2,1,6,19,0,4,1,1,0.7,0.6515,0.48,0.2537,96,483,579
12639,2012-06-15,2,1,6,19,0,5,1,1,0.7,0.6364,0.42,0.1642,98,369,467
12663,2012-06-16,2,1,6,19,0,6,0,2,0.7,0.6364,0.42,0.194,184,277,461
12687,2012-06-17,2,1,6,19,0,0,0,1,0.64,0.6212,0.53,0.1642,146,244,390
12711,2012-06-18,2,1,6,19,0,1,1,2,0.62,0.5909,0.73,0.0896,52,411,463
12735,2012-06-19,2,1,6,19,0,2,1,1,0.8,0.7727,0.59,0.2239,82,432,514
12759,2012-06-20,2,1,6,19,0,3,1,1,0.88,0.7879,0.37,0.2537,90,449,539
12783,2012-06-21,3,1,6,19,0,4,1,1,0.88,0.803,0.39,0.2239,84,415,499
12807,2012-06-22,3,1,6,19,0,5,1,2,0.76,0.697,0.55,0.5224,45,317,362
12831,2012-06-23,3,1,6,19,0,6,0,1,0.8,0.697,0.27,0.194,185,240,425
12855,2012-06-24,3,1,6,19,0,0,0,1,0.8,0.7121,0.38,0.2985,176,247,423
12879,2012-06-25,3,1,6,19,0,1,1,1,0.74,0.6515,0.27,0.4627,74,508,582
12903,2012-06-26,3,1,6,19,0,2,1,1,0.72,0.6515,0.28,0.2239,83,529,612
12927,2012-06-27,3,1,6,19,0,3,1,1,0.78,0.6818,0.29,0.3284,101,542,643
12951,2012-06-28,3,1,6,19,0,4,1,1,0.84,0.7273,0.3,0.2985,79,492,571
12975,2012-06-29,3,1,6,19,0,5,1,1,0.9,0.8788,0.47,0.194,60,303,363
12999,2012-06-30,3,1,6,19,0,6,0,1,0.84,0.7576,0.44,0.2537,134,240,374
13023,2012-07-01,3,1,7,19,0,0,0,1,0.84,0.7424,0.39,0.1343,103,279,382
13047,2012-07-02,3,1,7,19,0,1,1,1,0.78,0.697,0.43,0.1343,71,510,581
13071,2012-07-03,3,1,7,19,0,2,1,2,0.84,0.7424,0.36,0.1343,66,431,497
13095,2012-07-04,3,1,7,19,1,3,0,1,0.86,0.803,0.47,0.2239,177,255,432
13119,2012-07-05,3,1,7,19,0,4,1,2,0.88,0.803,0.39,0.2537,128,375,503
13143,2012-07-06,3,1,7,19,0,5,1,1,0.88,0.7879,0.35,0.2239,112,306,418
13167,2012-07-07,3,1,7,19,0,6,0,1,0.92,0.8333,0.33,0.1343,68,219,287
13191,2012-07-08,3,1,7,19,0,0,0,1,0.78,0.7424,0.62,0.1642,66,184,250
13215,2012-07-09,3,1,7,19,0,1,1,1,0.74,0.6818,0.55,0.1642,88,543,631
13239,2012-07-10,3,1,7,19,0,2,1,3,0.7,0.6667,0.74,0.2239,55,359,414
13263,2012-07-11,3,1,7,19,0,3,1,1,0.74,0.6667,0.48,0.2239,73,560,633
13287,2012-07-12,3,1,7,19,0,4,1,1,0.74,0.6667,0.48,0.2239,97,532,629
13311,2012-07-13,3,1,7,19,0,5,1,1,0.74,0.6667,0.51,0.1642,103,385,488
13335,2012-07-14,3,1,7,19,0,6,0,1,0.72,0.7121,0.84,0.0896,156,275,431
13359,2012-07-15,3,1,7,19,0,0,0,1,0.72,0.7121,0.84,0.2239,109,203,312
13383,2012-07-16,3,1,7,19,0,1,1,1,0.8,0.7879,0.63,0.1343,92,503,595
13407,2012-07-17,3,1,7,19,0,2,1,1,0.88,0.7879,0.35,0.2537,69,478,547
13431,2012-07-18,3,1,7,19,0,3,1,2,0.76,0.7121,0.62,0.1045,78,438,516
13455,2012-07-19,3,1,7,19,0,4,1,1,0.84,0.7576,0.44,0.2537,53,480,533
13479,2012-07-20,3,1,7,19,0,5,1,2,0.64,0.5758,0.83,0.2836,44,358,402
13503,2012-07-21,3,1,7,19,0,6,0,2,0.6,0.5455,0.88,0.1642,67,171,238
13527,2012-07-22,3,1,7,19,0,0,0,1,0.72,0.6818,0.7,0.1642,180,342,522
13551,2012-07-23,3,1,7,19,0,1,1,1,0.8,0.7424,0.52,0.2537,94,488,582
13575,2012-07-24,3,1,7,19,0,2,1,1,0.76,0.7121,0.62,0.1642,109,523,632
13599,2012-07-25,3,1,7,19,0,3,1,1,0.76,0.6667,0.33,0.1343,116,582,698
13623,2012-07-26,3,1,7,19,0,4,1,1,0.9,0.8636,0.45,0.3284,80,534,614
13647,2012-07-27,3,1,7,19,0,5,1,1,0.82,0.7727,0.52,0.194,93,423,516
13671,2012-07-28,3,1,7,19,0,6,0,1,0.68,0.6364,0.83,0,115,223,338
13695,2012-07-29,3,1,7,19,0,0,0,1,0.76,0.697,0.55,0.1642,143,300,443
13719,2012-07-30,3,1,7,19,0,1,1,1,0.82,0.7727,0.52,0.1642,81,584,665
13743,2012-07-31,3,1,7,19,0,2,1,3,0.74,0.6818,0.62,0.3582,90,524,614
13767,2012-08-01,3,1,8,19,0,3,1,1,0.74,0.697,0.66,0.2537,88,564,652
13791,2012-08-02,3,1,8,19,0,4,1,1,0.8,0.7879,0.63,0.1642,98,509,607
13815,2012-08-03,3,1,8,19,0,5,1,2,0.8,0.7879,0.63,0.2239,81,388,469
13839,2012-08-04,3,1,8,19,0,6,0,1,0.82,0.7727,0.52,0.3582,133,264,397
13863,2012-08-05,3,1,8,19,0,0,0,1,0.7,0.6667,0.84,0.2239,46,139,185
13887,2012-08-06,3,1,8,19,0,1,1,1,0.78,0.7424,0.59,0.194,109,531,640
13911,2012-08-07,3,1,8,19,0,2,1,2,0.76,0.7273,0.66,0.1045,104,506,610
13935,2012-08-08,3,1,8,19,0,3,1,1,0.76,0.7273,0.66,0.2239,119,567,686
13959,2012-08-09,3,1,8,19,0,4,1,1,0.8,0.7576,0.55,0.194,90,533,623
13983,2012-08-10,3,1,8,19,0,5,1,1,0.76,0.7121,0.62,0.2836,98,394,492
14007,2012-08-11,3,1,8,19,0,6,0,2,0.66,0.5909,0.89,0.1045,97,178,275
14031,2012-08-12,3,1,8,19,0,0,0,1,0.74,0.6515,0.4,0.1343,148,317,465
14055,2012-08-13,3,1,8,19,0,1,1,1,0.74,0.6818,0.58,0.1642,88,467,555
14079,2012-08-14,3,1,8,19,0,2,1,1,0.76,0.7273,0.66,0.194,94,533,627
14103,2012-08-15,3,1,8,19,0,3,1,1,0.7,0.6515,0.61,0.1343,124,525,649
14127,2012-08-16,3,1,8,19,0,4,1,1,0.76,0.6818,0.4,0.1045,119,558,677
14151,2012-08-17,3,1,8,19,0,5,1,2,0.74,0.2424,0.55,0.3881,88,403,491
14175,2012-08-18,3,1,8,19,0,6,0,1,0.7,0.6364,0.45,0.1642,164,324,488
14199,2012-08-19,3,1,8,19,0,0,0,2,0.64,0.6061,0.73,0.1343,72,269,341
14223,2012-08-20,3,1,8,19,0,1,1,2,0.62,0.5909,0.78,0.194,33,266,299
14247,2012-08-21,3,1,8,19,0,2,1,3,0.62,0.5909,0.73,0.1045,56,420,476
14271,2012-08-22,3,1,8,19,0,3,1,2,0.66,0.6212,0.74,0,56,524,580
14295,2012-08-23,3,1,8,19,0,4,1,1,0.72,0.6667,0.51,0.0896,96,537,633
14319,2012-08-24,3,1,8,19,0,5,1,2,0.72,0.6667,0.58,0.1642,106,430,536
14343,2012-08-25,3,1,8,19,0,6,0,2,0.64,0.5909,0.78,0.2985,97,257,354
14367,2012-08-26,3,1,8,19,0,0,0,2,0.64,0.5758,0.89,0.1642,80,212,292
14391,2012-08-27,3,1,8,19,0,1,1,1,0.74,0.697,0.7,0.2239,74,499,573
14415,2012-08-28,3,1,8,19,0,2,1,1,0.74,0.6667,0.45,0.1642,82,515,597
14439,2012-08-29,3,1,8,19,0,3,1,1,0.7,0.6515,0.54,0.194,120,523,643
14463,2012-08-30,3,1,8,19,0,4,1,1,0.76,0.6818,0.48,0.1343,78,532,610
14487,2012-08-31,3,1,8,19,0,5,1,1,0.8,0.7424,0.49,0.1343,91,361,452
14511,2012-09-01,3,1,9,19,0,6,0,3,0.78,0.7424,0.62,0,157,235,392
14535,2012-09-02,3,1,9,19,0,0,0,2,0.7,0.6667,0.84,0.2239,140,152,292
14559,2012-09-03,3,1,9,19,1,1,0,1,0.72,0.697,0.74,0.194,73,301,374
14583,2012-09-04,3,1,9,19,0,2,1,1,0.76,0.7273,0.7,0.2239,50,502,552
14607,2012-09-05,3,1,9,19,0,3,1,1,0.74,0.697,0.7,0.1642,64,598,662
14631,2012-09-06,3,1,9,19,0,4,1,1,0.68,0.6364,0.74,0.2537,54,504,558
14655,2012-09-07,3,1,9,19,0,5,1,1,0.74,0.6818,0.62,0.2836,70,498,568
14679,2012-09-08,3,1,9,19,0,6,0,3,0.58,0.5455,0.88,0.1045,28,187,215
14703,2012-09-09,3,1,9,19,0,0,0,1,0.66,0.6212,0.36,0.2537,134,362,496
14727,2012-09-10,3,1,9,19,0,1,1,1,0.62,0.6212,0.38,0.2985,71,562,633
14751,2012-09-11,3,1,9,19,0,2,1,1,0.62,0.6212,0.41,0.194,56,540,596
14775,2012-09-12,3,1,9,19,0,3,1,1,0.64,0.6212,0.5,0.194,78,557,635
14799,2012-09-13,3,1,9,19,0,4,1,1,0.64,0.6061,0.65,0.1343,80,594,674
14823,2012-09-14,3,1,9,19,0,5,1,1,0.68,0.6364,0.57,0.1642,83,496,579
14847,2012-09-15,3,1,9,19,0,6,0,1,0.62,0.6212,0.41,0.1642,169,309,478
14871,2012-09-16,3,1,9,19,0,0,0,1,0.62,0.6212,0.5,0.1343,91,312,403
14895,2012-09-17,3,1,9,19,0,1,1,2,0.62,0.5909,0.73,0.1045,51,435,486
14919,2012-09-18,3,1,9,19,0,2,1,2,0.6,0.5455,0.88,0.2985,22,302,324
14943,2012-09-19,3,1,9,19,0,3,1,1,0.56,0.5303,0.43,0.2239,72,539,611
14967,2012-09-20,3,1,9,19,0,4,1,1,0.58,0.5455,0.6,0.2239,69,534,603
14991,2012-09-21,3,1,9,19,0,5,1,1,0.64,0.6061,0.65,0.2537,95,493,588
15015,2012-09-22,3,1,9,19,0,6,0,1,0.7,0.6515,0.58,0.194,99,308,407
15039,2012-09-23,4,1,9,19,0,0,0,1,0.52,0.5,0.42,0.1642,82,331,413
15063,2012-09-24,4,1,9,19,0,1,1,1,0.52,0.5,0.39,0.1343,56,534,590
15087,2012-09-25,4,1,9,19,0,2,1,1,0.62,0.6212,0.5,0.2537,49,490,539
15111,2012-09-26,4,1,9,19,0,3,1,1,0.7,0.6515,0.54,0.1642,38,589,627
15135,2012-09-27,4,1,9,19,0,4,1,1,0.66,0.6212,0.65,0.1343,48,511,559
15159,2012-09-28,4,1,9,19,0,5,1,3,0.62,0.6212,0.5,0.2537,38,470,508
15183,2012-09-29,4,1,9,19,0,6,0,1,0.52,0.5,0.55,0.1642,119,351,470
15207,2012-09-30,4,1,9,19,0,0,0,3,0.5,0.4848,0.72,0.1343,34,223,257
15231,2012-10-01,4,1,10,19,0,1,1,2,0.54,0.5152,0.68,0.1045,33,483,516
15255,2012-10-02,4,1,10,19,0,2,1,3,0.62,0.5455,0.94,0,27,368,395
15279,2012-10-03,4,1,10,19,0,3,1,1,0.7,0.6515,0.65,0,49,544,593
15303,2012-10-04,4,1,10,19,0,4,1,1,0.66,0.6212,0.57,0.1045,67,467,534
15327,2012-10-05,4,1,10,19,0,5,1,1,0.62,0.5909,0.73,0.1642,67,433,500
15351,2012-10-06,4,1,10,19,0,6,0,1,0.48,0.4697,0.55,0.2239,102,239,341
15375,2012-10-07,4,1,10,19,0,0,0,2,0.4,0.4091,0.82,0.1045,17,97,114
15399,2012-10-08,4,1,10,19,1,1,0,2,0.4,0.4091,0.71,0.2537,38,333,371
15423,2012-10-09,4,1,10,19,0,2,1,2,0.5,0.4848,0.72,0.1642,31,483,514
15447,2012-10-10,4,1,10,19,0,3,1,2,0.56,0.5303,0.46,0.5821,32,534,566
15471,2012-10-11,4,1,10,19,0,4,1,1,0.44,0.4394,0.51,0.1343,81,662,743
15495,2012-10-12,4,1,10,19,0,5,1,1,0.42,0.4242,0.41,0.2239,40,453,493
15519,2012-10-13,4,1,10,19,0,6,0,1,0.44,0.4394,0.44,0.1642,73,259,332
15543,2012-10-14,4,1,10,19,0,0,0,1,0.56,0.5303,0.64,0.2239,68,268,336
15567,2012-10-15,4,1,10,19,0,1,1,3,0.52,0.5,0.83,0.0896,12,227,239
15591,2012-10-16,4,1,10,19,0,2,1,1,0.48,0.4697,0.48,0,40,491,531
15615,2012-10-17,4,1,10,19,0,3,1,1,0.5,0.4848,0.72,0.194,49,467,516
15639,2012-10-18,4,1,10,19,0,4,1,2,0.56,0.5303,0.68,0.2985,42,471,513
15663,2012-10-19,4,1,10,19,0,5,1,1,0.54,0.5152,0.88,0.1642,19,213,232
15687,2012-10-20,4,1,10,19,0,6,0,1,0.5,0.4848,0.45,0.1343,77,268,345
15711,2012-10-21,4,1,10,19,0,0,0,1,0.5,0.4848,0.42,0.1642,50,216,266
15735,2012-10-22,4,1,10,19,0,1,1,1,0.52,0.5,0.52,0.1045,36,478,514
15759,2012-10-23,4,1,10,19,0,2,1,1,0.62,0.6212,0.57,0.0896,25,457,482
15783,2012-10-24,4,1,10,19,0,3,1,2,0.64,0.6212,0.53,0.0896,50,522,572
15807,2012-10-25,4,1,10,19,0,4,1,1,0.54,0.5152,0.83,0.194,45,497,542
15831,2012-10-26,4,1,10,19,0,5,1,2,0.54,0.5152,0.83,0.1642,72,399,471
15855,2012-10-27,4,1,10,19,0,6,0,2,0.52,0.5,0.72,0.2239,67,233,300
15879,2012-10-28,4,1,10,19,0,0,0,3,0.42,0.4242,0.94,0.3582,7,47,54
15891,2012-10-30,4,1,10,19,0,2,1,2,0.5,0.4848,0.68,0.194,6,109,115
15915,2012-10-31,4,1,10,19,0,3,1,2,0.4,0.4091,0.5,0.194,27,383,410
15939,2012-11-01,4,1,11,19,0,4,1,2,0.4,0.4091,0.5,0.1642,28,424,452
15963,2012-11-02,4,1,11,19,0,5,1,2,0.38,0.3939,0.43,0.2985,38,336,374
15987,2012-11-03,4,1,11,19,0,6,0,1,0.36,0.3485,0.5,0.1642,22,217,239
16011,2012-11-04,4,1,11,19,0,0,0,1,0.36,0.3333,0.43,0.2537,24,203,227
16035,2012-11-05,4,1,11,19,0,1,1,1,0.32,0.3182,0.49,0.1642,11,361,372
16059,2012-11-06,4,1,11,19,0,2,1,1,0.3,0.2879,0.56,0.2239,15,356,371
16083,2012-11-07,4,1,11,19,0,3,1,2,0.3,0.2727,0.56,0.2985,17,302,319
16106,2012-11-08,4,1,11,19,0,4,1,1,0.38,0.3939,0.27,0.3582,14,359,373
16130,2012-11-09,4,1,11,19,0,5,1,1,0.34,0.3485,0.71,0.0896,30,331,361
16154,2012-11-10,4,1,11,19,0,6,0,1,0.46,0.4545,0.51,0.0896,55,228,283
16178,2012-11-11,4,1,11,19,0,0,0,1,0.48,0.4697,0.55,0.1343,69,208,277
16202,2012-11-12,4,1,11,19,1,1,0,1,0.54,0.5152,0.73,0.2836,30,323,353
16226,2012-11-13,4,1,11,19,0,2,1,1,0.32,0.2879,0.49,0.3582,12,344,356
16250,2012-11-14,4,1,11,19,0,3,1,1,0.3,0.303,0.52,0.1642,28,368,396
16274,2012-11-15,4,1,11,19,0,4,1,2,0.34,0.3333,0.61,0.1343,11,375,386
16298,2012-11-16,4,1,11,19,0,5,1,1,0.36,0.3485,0.46,0.2239,26,306,332
16322,2012-11-17,4,1,11,19,0,6,0,1,0.34,0.3485,0.53,0.0896,45,208,253
16346,2012-11-18,4,1,11,19,0,0,0,1,0.36,0.3485,0.66,0.1642,16,194,210
16370,2012-11-19,4,1,11,19,0,1,1,2,0.4,0.4091,0.58,0.2836,25,381,406
16394,2012-11-20,4,1,11,19,0,2,1,2,0.4,0.4091,0.71,0,23,361,384
16418,2012-11-21,4,1,11,19,0,3,1,1,0.38,0.3939,0.43,0.194,23,220,243
16442,2012-11-22,4,1,11,19,1,4,0,1,0.36,0.3788,0.76,0,13,31,44
16466,2012-11-23,4,1,11,19,0,5,1,2,0.46,0.4545,0.47,0.1642,33,121,154
16490,2012-11-24,4,1,11,19,0,6,0,1,0.26,0.2424,0.41,0.2537,9,74,83
16514,2012-11-25,4,1,11,19,0,0,0,1,0.26,0.303,0.41,0,13,114,127
16538,2012-11-26,4,1,11,19,0,1,1,1,0.34,0.3636,0.53,0,16,355,371
16562,2012-11-27,4,1,11,19,0,2,1,1,0.26,0.2576,0.73,0.2985,12,338,350
16586,2012-11-28,4,1,11,19,0,3,1,1,0.32,0.3182,0.36,0.1642,9,378,387
16609,2012-11-29,4,1,11,19,0,4,1,1,0.3,0.2879,0.52,0.194,18,326,344
16633,2012-11-30,4,1,11,19,0,5,1,1,0.32,0.3485,0.66,0,18,359,377
16657,2012-12-01,4,1,12,19,0,6,0,2,0.32,0.3485,0.81,0,30,219,249
16681,2012-12-02,4,1,12,19,0,0,0,2,0.4,0.4091,0.82,0.194,16,158,174
16705,2012-12-03,4,1,12,19,0,1,1,1,0.5,0.4848,0.68,0.0896,27,444,471
16729,2012-12-04,4,1,12,19,0,2,1,1,0.48,0.4697,0.67,0.2239,46,414,460
16753,2012-12-05,4,1,12,19,0,3,1,1,0.38,0.3939,0.43,0.3582,14,400,414
16777,2012-12-06,4,1,12,19,0,4,1,1,0.26,0.2576,0.6,0.194,13,360,373
16801,2012-12-07,4,1,12,19,0,5,1,2,0.38,0.3939,0.76,0,15,337,352
16825,2012-12-08,4,1,12,19,0,6,0,1,0.4,0.4091,0.87,0,34,212,246
16849,2012-12-09,4,1,12,19,0,0,0,3,0.38,0.3939,0.94,0.0896,12,110,122
16873,2012-12-10,4,1,12,19,0,1,1,1,0.52,0.5,0.77,0.2836,18,409,427
16897,2012-12-11,4,1,12,19,0,2,1,1,0.32,0.303,0.53,0.2239,21,412,433
16921,2012-12-12,4,1,12,19,0,3,1,2,0.3,0.2879,0.56,0.2239,18,384,402
16945,2012-12-13,4,1,12,19,0,4,1,1,0.3,0.303,0.45,0.1642,20,328,348
16969,2012-12-14,4,1,12,19,0,5,1,1,0.34,0.3485,0.53,0.0896,17,302,319
16993,2012-12-15,4,1,12,19,0,6,0,1,0.36,0.3485,0.62,0.1343,32,225,257
17017,2012-12-16,4,1,12,19,0,0,0,1,0.36,0.3485,0.93,0.1343,10,99,109
17041,2012-12-17,4,1,12,19,0,1,1,2,0.42,0.4242,0.88,0.1343,7,333,340
17065,2012-12-18,4,1,12,19,0,2,1,1,0.38,0.3939,0.46,0.3881,19,334,353
17089,2012-12-19,4,1,12,19,0,3,1,1,0.38,0.3939,0.5,0.3881,7,329,336
17113,2012-12-20,4,1,12,19,0,4,1,3,0.34,0.3182,0.71,0.2537,3,115,118
17137,2012-12-21,1,1,12,19,0,5,1,1,0.28,0.2576,0.45,0.2985,5,148,153
17161,2012-12-22,1,1,12,19,0,6,0,1,0.24,0.2121,0.48,0.3582,9,51,60
17185,2012-12-23,1,1,12,19,0,0,0,1,0.3,0.3333,0.42,0,4,54,58
17208,2012-12-24,1,1,12,19,0,1,1,2,0.24,0.2424,0.93,0.1343,4,14,18
17231,2012-12-25,1,1,12,19,1,2,0,2,0.32,0.303,0.66,0.2239,16,20,36
17255,2012-12-26,1,1,12,19,0,3,1,3,0.3,0.2879,0.87,0.194,2,33,35
17279,2012-12-27,1,1,12,19,0,4,1,1,0.24,0.2121,0.6,0.2836,11,106,117
17303,2012-12-28,1,1,12,19,0,5,1,2,0.24,0.2273,0.65,0.194,15,113,128
17327,2012-12-29,1,1,12,19,0,6,0,2,0.3,0.2424,0.61,0.2537,7,90,97
17351,2012-12-30,1,1,12,19,0,0,0,1,0.34,0.3636,0.61,0,16,86,102
17375,2012-12-31,1,1,12,19,0,1,1,2,0.26,0.2576,0.6,0.1642,11,108,119
