21,2011-01-01,1,0,1,20,0,6,0,2,0.4,0.4091,0.87,0.2537,11,25,36
44,2011-01-02,1,0,1,20,0,0,0,1,0.3,0.2727,0.39,0.3582,5,17,22
66,2011-01-03,1,0,1,20,0,1,1,1,0.2,0.2273,0.47,0.1045,3,49,52
89,2011-01-04,1,0,1,20,0,2,1,1,0.24,0.2576,0.48,0.1045,1,53,54
112,2011-01-05,1,0,1,20,0,3,1,1,0.22,0.2273,0.47,0.1642,7,82,89
135,2011-01-06,1,0,1,20,0,4,1,1,0.2,0.2121,0.51,0.1642,3,66,69
158,2011-01-07,1,0,1,20,0,5,1,1,0.18,0.2121,0.47,0.1045,1,50,51
182,2011-01-08,1,0,1,20,0,6,0,1,0.12,0.1212,0.36,0.2537,0,28,28
206,2011-01-09,1,0,1,20,0,0,0,1,0.14,0.1212,0.46,0.2537,0,38,38
230,2011-01-10,1,0,1,20,0,1,1,1,0.16,0.1667,0.5,0.1642,1,73,74
252,2011-01-11,1,0,1,20,0,2,1,3,0.16,0.1515,0.93,0.194,0,32,32
274,2011-01-12,1,0,1,20,0,3,1,1,0.16,0.1364,0.5,0.3284,2,54,56
298,2011-01-13,1,0,1,20,0,4,1,1,0.16,0.1515,0.47,0.2239,0,64,64
321,2011-01-14,1,0,1,20,0,5,1,1,0.18,0.2424,0.59,0,0,68,68
345,2011-01-15,1,0,1,20,0,6,0,2,0.32,0.303,0.39,0.2537,6,35,41
369,2011-01-16,1,0,1,20,0,0,0,1,0.18,0.197,0.47,0.1642,7,50,57
393,2011-01-17,1,0,1,20,1,1,0,3,0.16,0.1515,0.8,0.194,4,29,33
405,2011-01-18,1,0,1,20,0,2,1,2,0.22,0.2727,0.87,0,0,83,83
428,2011-01-19,1,0,1,20,0,3,1,1,0.32,0.303,0.49,0.2985,2,74,76
452,2011-01-20,1,0,1,20,0,4,1,2,0.26,0.2424,0.6,0.2836,2,124,126
476,2011-01-21,1,0,1,20,0,5,1,1,0.1,0.0758,0.33,0.4179,1,52,53
499,2011-01-22,1,0,1,20,0,6,0,1,0.06,0.0758,0.45,0.1642,1,44,45
522,2011-01-23,1,0,1,20,0,0,0,1,0.1,0.1061,0.36,0.2537,4,31,35
545,2011-01-24,1,0,1,20,0,1,1,1,0.14,0.1364,0.59,0.194,1,80,81
568,2011-01-25,1,0,1,20,0,2,1,1,0.24,0.2273,0.65,0.194,16,103,119
592,2011-01-27,1,0,1,20,0,4,1,1,0.18,0.2121,0.74,0.0896,4,55,59
615,2011-01-28,1,0,1,20,0,5,1,2,0.24,0.2273,0.7,0.194,1,61,62
638,2011-01-29,1,0,1,20,0,6,0,1,0.18,0.2121,0.74,0.0896,1,42,43
661,2011-01-30,1,0,1,20,0,0,0,2,0.26,0.2727,0.65,0.1045,3,30,33
685,2011-01-31,1,0,1,20,0,1,1,3,0.16,0.1667,0.59,0.1642,0,78,78
708,2011-02-01,1,0,2,20,0,2,1,2,0.22,0.2273,0.87,0.1343,5,69,74
732,2011-02-02,1,0,2,20,0,3,1,1,0.24,0.197,0.48,0.5522,4,71,75
755,2011-02-03,1,0,2,20,0,4,1,1,0.2,0.2273,0.47,0.0896,1,108,109
778,2011-02-04,1,0,2,20,0,5,1,2,0.24,0.2424,0.65,0.1642,2,69,71
802,2011-02-05,1,0,2,20,0,6,0,1,0.3,0.2879,0.87,0.2537,5,64,69
826,2011-02-06,1,0,2,20,0,0,0,1,0.28,0.2879,0.61,0.1045,5,21,26
850,2011-02-07,1,0,2,20,0,1,1,2,0.32,0.3333,0.7,0.1045,6,82,88
874,2011-02-08,1,0,2,20,0,2,1,1,0.16,0.1364,0.4,0.3284,3,53,56
897,2011-02-09,1,0,2,20,0,3,1,3,0.14,0.1515,0.86,0.1642,0,84,84
920,2011-02-10,1,0,2,20,0,4,1,1,0.14,0.1818,0.31,0.0896,4,93,97
942,2011-02-11,1,0,2,20,0,5,1,1,0.22,0.2273,0.55,0.1343,2,61,63
966,2011-02-12,1,0,2,20,0,6,0,1,0.26,0.2576,0.41,0.2239,1,39,40
989,2011-02-13,1,0,2,20,0,0,0,1,0.4,0.4091,0.35,0.3284,15,32,47
1013,2011-02-14,1,0,2,20,0,1,1,1,0.36,0.3182,0.46,0.4627,5,65,70
1036,2011-02-15,1,0,2,20,0,2,1,1,0.26,0.2727,0.33,0.1045,3,98,101
1059,2011-02-16,1,0,2,20,0,3,1,1,0.38,0.3939,0.43,0.194,10,108,118
1083,2011-02-17,1,0,2,20,0,4,1,1,0.48,0.4697,0.59,0.3284,8,131,139
1107,2011-02-18,1,0,2,20,0,5,1,1,0.6,0.6212,0.31,0.194,19,105,124
1131,2011-02-19,1,0,2,20,0,6,0,1,0.32,0.2879,0.28,0.5224,9,38,47
1154,2011-02-20,1,0,2,20,0,0,0,2,0.34,0.3636,0.42,0,12,30,42
1178,2011-02-21,1,0,2,20,1,1,0,3,0.24,0.2121,0.81,0.3881,0,29,29
1196,2011-02-22,1,0,2,20,0,2,1,1,0.2,0.197,0.47,0.2239,3,102,105
1219,2011-02-23,1,0,2,20,0,3,1,1,0.24,0.2424,0.6,0.1642,2,107,109
1242,2011-02-24,1,0,2,20,0,4,1,2,0.34,0.303,0.93,0.3582,2,87,89
1265,2011-02-25,1,0,2,20,0,5,1,1,0.3,0.2576,0.49,0.6119,2,60,62
1289,2011-02-26,1,0,2,20,0,6,0,1,0.3,0.303,0.56,0.1642,8,60,68
1312,2011-02-27,1,0,2,20,0,0,0,1,0.4,0.4091,0.54,0.0896,9,72,81
1334,2011-02-28,1,0,2,20,0,1,1,3,0.44,0.4394,0.88,0.6119,0,45,45
1358,2011-03-01,1,0,3,20,0,2,1,1,0.3,0.3182,0.61,0.0896,2,86,88
1382,2011-03-02,1,0,3,20,0,3,1,1,0.36,0.3333,0.29,0.4179,9,86,95
1406,2011-03-03,1,0,3,20,0,4,1,1,0.2,0.2273,0.4,0.0896,1,69,70
1430,2011-03-04,1,0,3,20,0,5,1,2,0.3,0.2879,0.7,0.194,9,78,87
1454,2011-03-05,1,0,3,20,0,6,0,2,0.44,0.4394,0.77,0.3284,12,58,70
1477,2011-03-06,1,0,3,20,0,0,0,3,0.28,0.2424,1,0.4179,3,8,11
1500,2011-03-07,1,0,3,20,0,1,1,1,0.3,0.303,0.33,0.1642,5,87,92
1524,2011-03-08,1,0,3,20,0,2,1,1,0.32,0.3333,0.39,0.0896,2,74,76
1548,2011-03-09,1,0,3,20,0,3,1,2,0.32,0.3182,0.87,0.194,4,87,91
1570,2011-03-10,1,0,3,20,0,4,1,3,0.36,0.3333,0,0.3284,9,29,38
1593,2011-03-11,1,0,3,20,0,5,1,1,0.3,0.303,0.56,0.1642,6,70,76
1617,2011-03-12,1,0,3,20,0,6,0,1,0.4,0.4091,0.58,0.1045,22,64,86
1640,2011-03-13,1,0,3,20,0,0,0,1,0.32,0.303,0.57,0.2985,23,54,77
1663,2011-03-14,1,0,3,20,0,1,1,1,0.34,0.3182,0.46,0.2239,23,106,129
1686,2011-03-15,1,0,3,20,0,2,1,2,0.34,0.3182,0.71,0.2836,9,79,88
1709,2011-03-16,1,0,3,20,0,3,1,2,0.42,0.4242,0.54,0.2985,10,111,121
1733,2011-03-17,1,0,3,20,0,4,1,1,0.42,0.4242,0.67,0.2239,25,112,137
1756,2011-03-18,1,0,3,20,0,5,1,1,0.62,0.6212,0.46,0.1343,46,103,149
1780,2011-03-19,1,0,3,20,0,6,0,1,0.42,0.4242,0.35,0.2239,39,69,108
1804,2011-03-20,1,0,3,20,0,0,0,1,0.36,0.3333,0.46,0.2836,21,46,67
1827,2011-03-21,2,0,3,20,0,1,1,1,0.56,0.5303,0.64,0.194,16,106,122
1851,2011-03-22,2,0,3,20,0,2,1,2,0.44,0.4394,0.54,0.3582,19,116,135
1874,2011-03-23,2,0,3,20,0,3,1,3,0.36,0.303,0.87,0.6418,3,72,75
1898,2011-03-24,2,0,3,20,0,4,1,1,0.28,0.2576,0.61,0.2836,8,110,118
1922,2011-03-25,2,0,3,20,0,5,1,2,0.3,0.303,0.39,0.1343,6,75,81
1946,2011-03-26,2,0,3,20,0,6,0,2,0.28,0.2727,0.45,0.2537,18,67,85
1969,2011-03-27,2,0,3,20,0,0,0,1,0.28,0.2727,0.36,0.1642,7,50,57
1992,2011-03-28,2,0,3,20,0,1,1,1,0.32,0.3333,0.22,0.1045,5,107,112
2016,2011-03-29,2,0,3,20,0,2,1,1,0.36,0.3636,0.21,0.0896,13,119,132
2040,2011-03-30,2,0,3,20,0,3,1,3,0.24,0.2121,0.93,0.2985,4,40,44
2064,2011-03-31,2,0,3,20,0,4,1,3,0.28,0.2576,0.93,0.2836,6,79,85
2088,2011-04-01,2,0,4,20,0,5,1,1,0.32,0.3182,0.53,0.194,2,75,77
2112,2011-04-02,2,0,4,20,0,6,0,1,0.34,0.3182,0.53,0.2836,29,56,85
2136,2011-04-03,2,0,4,20,0,0,0,3,0.42,0.4242,0.41,0.2239,24,55,79
2160,2011-04-04,2,0,4,20,0,1,1,2,0.7,0.6364,0.24,0.5522,40,133,173
2184,2011-04-05,2,0,4,20,0,2,1,1,0.34,0.3182,0.46,0.2836,4,87,91
2208,2011-04-06,2,0,4,20,0,3,1,1,0.46,0.4545,0.51,0.2239,15,126,141
2232,2011-04-07,2,0,4,20,0,4,1,1,0.44,0.4394,0.62,0.1642,37,166,203
2256,2011-04-08,2,0,4,20,0,5,1,2,0.3,0.2727,0.93,0.3284,12,51,63
2280,2011-04-09,2,0,4,20,0,6,0,2,0.38,0.3939,0.87,0.1642,19,74,93
2304,2011-04-10,2,0,4,20,0,0,0,1,0.46,0.4545,0.82,0.1343,21,71,92
2327,2011-04-11,2,0,4,20,0,1,1,1,0.68,0.6364,0.57,0.5224,44,122,166
2351,2011-04-12,2,0,4,20,0,2,1,2,0.42,0.4242,0.82,0.2836,9,94,103
2375,2011-04-13,2,0,4,20,0,3,1,1,0.44,0.4394,0.62,0.2537,7,119,126
2399,2011-04-14,2,0,4,20,0,4,1,1,0.5,0.4848,0.51,0.194,22,147,169
2423,2011-04-15,2,0,4,20,1,5,0,2,0.4,0.4091,0.76,0.3284,26,92,118
2447,2011-04-16,2,0,4,20,0,6,0,3,0.44,0.4394,0.94,0.2239,4,49,53
2471,2011-04-17,2,0,4,20,0,0,0,1,0.52,0.5,0.36,0.194,44,97,141
2495,2011-04-18,2,0,4,20,0,1,1,1,0.6,0.6212,0.33,0.2985,29,136,165
2519,2011-04-19,2,0,4,20,0,2,1,2,0.5,0.4848,0.72,0.2239,20,148,168
2543,2011-04-20,2,0,4,20,0,3,1,1,0.68,0.6212,0.32,0.1045,31,194,225
2567,2011-04-21,2,0,4,20,0,4,1,1,0.44,0.4394,0.3,0.1343,28,176,204
2591,2011-04-22,2,0,4,20,0,5,1,3,0.32,0.303,0.87,0.2239,8,39,47
2615,2011-04-23,2,0,4,20,0,6,0,2,0.54,0.5152,0.88,0.2537,45,138,183
2639,2011-04-24,2,0,4,20,0,0,0,3,0.6,0.5606,0.83,0.2836,34,71,105
2663,2011-04-25,2,0,4,20,0,1,1,1,0.66,0.6212,0.61,0.2836,42,195,237
2687,2011-04-26,2,0,4,20,0,2,1,1,0.64,0.6061,0.73,0.3582,35,199,234
2711,2011-04-27,2,0,4,20,0,3,1,1,0.64,0.5758,0.83,0.3284,30,188,218
2735,2011-04-28,2,0,4,20,0,4,1,1,0.58,0.5455,0.43,0.2239,49,220,269
2759,2011-04-29,2,0,4,20,0,5,1,1,0.48,0.4697,0.48,0.2239,34,160,194
2783,2011-04-30,2,0,4,20,0,6,0,1,0.44,0.4394,0.62,0.1343,65,159,224
2807,2011-05-01,2,0,5,20,0,0,0,2,0.46,0.4545,0.82,0,35,86,121
2831,2011-05-02,2,0,5,20,0,1,1,2,0.62,0.6061,0.69,0.1343,44,174,218
2855,2011-05-03,2,0,5,20,0,2,1,1,0.66,0.6212,0.61,0.194,28,262,290
2879,2011-05-04,2,0,5,20,0,3,1,1,0.4,0.4091,0.62,0.3284,17,174,191
2903,2011-05-05,2,0,5,20,0,4,1,1,0.5,0.4848,0.34,0.1642,33,225,258
2927,2011-05-06,2,0,5,20,0,5,1,1,0.52,0.5,0.48,0.1045,29,161,190
2951,2011-05-07,2,0,5,20,0,6,0,1,0.56,0.5303,0.43,0.1343,82,137,219
2975,2011-05-08,2,0,5,20,0,0,0,1,0.52,0.5,0.77,0.1343,42,132,174
2999,2011-05-09,2,0,5,20,0,1,1,1,0.54,0.5152,0.49,0.194,25,214,239
3023,2011-05-10,2,0,5,20,0,2,1,1,0.54,0.5152,0.6,0.1343,50,241,291
3047,2011-05-11,2,0,5,20,0,3,1,1,0.54,0.5152,0.64,0.1343,28,245,273
3071,2011-05-12,2,0,5,20,0,4,1,1,0.6,0.6061,0.64,0.194,56,220,276
3095,2011-05-13,2,0,5,20,0,5,1,2,0.52,0.5,0.83,0.1343,22,130,152
3119,2011-05-14,2,0,5,20,0,6,0,3,0.54,0.5152,0.94,0.1343,42,115,157
3143,2011-05-15,2,0,5,20,0,0,0,1,0.54,0.5152,0.88,0,53,138,191
3167,2011-05-16,2,0,5,20,0,1,1,1,0.58,0.5455,0.83,0,31,167,198
3191,2011-05-17,2,0,5,20,0,2,1,1,0.58,0.5455,0.83,0.4179,30,253,283
3215,2011-05-18,2,0,5,20,0,3,1,3,0.56,0.5303,0.88,0.1343,24,189,213
3239,2011-05-19,2,0,5,20,0,4,1,1,0.54,0.5152,0.77,0.2836,46,236,282
3263,2011-05-20,2,0,5,20,0,5,1,1,0.58,0.5455,0.64,0.1045,40,180,220
3287,2011-05-21,2,0,5,20,0,6,0,1,0.62,0.6061,0.61,0,84,164,248
3311,2011-05-22,2,0,5,20,0,0,0,1,0.64,0.6061,0.65,0.1642,57,174,231
3335,2011-05-23,2,0,5,20,0,1,1,1,0.64,0.5758,0.83,0.2239,39,271,310
3359,2011-05-24,2,0,5,20,0,2,1,1,0.66,0.6212,0.74,0.0896,39,241,280
3383,2011-05-25,2,0,5,20,0,3,1,1,0.7,0.6515,0.61,0.1642,56,284,340
3407,2011-05-26,2,0,5,20,0,4,1,1,0.72,0.6667,0.58,0.1642,55,267,322
3431,2011-05-27,2,0,5,20,0,5,1,2,0.62,0.5909,0.73,0.2239,24,120,144
3455,2011-05-28,2,0,5,20,0,6,0,1,0.7,0.6515,0.65,0.2239,68,128,196
3479,2011-05-29,2,0,5,20,0,0,0,1,0.7,0.6667,0.79,0.194,91,128,219
3503,2011-05-30,2,0,5,20,1,1,0,1,0.76,0.7121,0.58,0,69,168,237
3527,2011-05-31,2,0,5,20,0,2,1,1,0.78,0.7424,0.62,0.1045,38,213,251
3551,2011-06-01,2,0,6,20,0,3,1,2,0.74,0.7121,0.79,0.2537,23,233,256
3575,2011-06-02,2,0,6,20,0,4,1,1,0.7,0.6364,0.24,0.194,51,286,337
3599,2011-06-03,2,0,6,20,0,5,1,1,0.64,0.6212,0.29,0.1642,57,236,293
3623,2011-06-04,2,0,6,20,0,6,0,2,0.7,0.6515,0.48,0.0896,90,149,239
3647,2011-06-05,2,0,6,20,0,0,0,1,0.66,0.6212,0.69,0.194,84,195,279
3671,2011-06-06,2,0,6,20,0,1,1,1,0.68,0.6364,0.61,0.1343,59,277,336
3695,2011-06-07,2,0,6,20,0,2,1,1,0.74,0.6818,0.56,0.1343,45,301,346
3719,2011-06-08,2,0,6,20,0,3,1,1,0.8,0.7879,0.63,0.1343,55,225,280
3743,2011-06-09,2,0,6,20,0,4,1,2,0.8,0.7273,0.43,0.194,40,214,254
3767,2011-06-10,2,0,6,20,0,5,1,1,0.76,0.7121,0.62,0.1045,53,197,250
3791,2011-06-11,2,0,6,20,0,6,0,1,0.68,0.6364,0.74,0.2537,95,180,275
3815,2011-06-12,2,0,6,20,0,0,0,1,0.66,0.6061,0.83,0.1642,62,144,206
3839,2011-06-13,2,0,6,20,0,1,1,1,0.64,0.6212,0.44,0.2537,78,253,331
3863,2011-06-14,2,0,6,20,0,2,1,1,0.6,0.6212,0.56,0.1642,60,237,297
3887,2011-06-15,2,0,6,20,0,3,1,1,0.66,0.6212,0.44,0.1642,57,273,330
3911,2011-06-16,2,0,6,20,0,4,1,1,0.62,0.5758,0.83,0.3284,25,176,201
3935,2011-06-17,2,0,6,20,0,5,1,1,0.64,0.5909,0.78,0.1045,40,192,232
3959,2011-06-18,2,0,6,20,0,6,0,2,0.72,0.6667,0.58,0.1343,61,127,188
3983,2011-06-19,2,0,6,20,0,0,0,1,0.7,0.6515,0.7,0.194,86,146,232
4007,2011-06-20,2,0,6,20,0,1,1,1,0.66,0.6212,0.69,0.2239,52,264,316
4031,2011-06-21,3,0,6,20,0,2,1,3,0.74,0.697,0.7,0.2239,72,254,326
4055,2011-06-22,3,0,6,20,0,3,1,1,0.74,0.7121,0.74,0.1343,52,230,282
4079,2011-06-23,3,0,6,20,0,4,1,1,0.7,0.6667,0.74,0.2239,75,277,352
4103,2011-06-24,3,0,6,20,0,5,1,1,0.72,0.6515,0.45,0.1642,66,222,288
4127,2011-06-25,3,0,6,20,0,6,0,1,0.7,0.6515,0.48,0.194,74,195,269
4151,2011-06-26,3,0,6,20,0,0,0,2,0.7,0.6515,0.48,0.1045,55,158,213
4175,2011-06-27,3,0,6,20,0,1,1,1,0.7,0.6515,0.65,0.1045,54,251,305
4199,2011-06-28,3,0,6,20,0,2,1,1,0.74,0.6818,0.62,0,50,246,296
4223,2011-06-29,3,0,6,20,0,3,1,1,0.74,0.6515,0.37,0.2985,69,264,333
4247,2011-06-30,3,0,6,20,0,4,1,1,0.74,0.6515,0.33,0.194,55,285,340
4271,2011-07-01,3,0,7,20,0,5,1,1,0.72,0.6515,0.42,0.2239,84,185,269
4295,2011-07-02,3,0,7,20,0,6,0,1,0.76,0.6818,0.45,0.2836,136,148,284
4319,2011-07-03,3,0,7,20,0,0,0,3,0.66,0.6061,0.83,0,83,93,176
4343,2011-07-04,3,0,7,20,1,1,0,2,0.76,0.697,0.55,0.1045,195,191,386
4367,2011-07-05,3,0,7,20,0,2,1,1,0.76,0.7273,0.66,0.1045,59,225,284
4391,2011-07-06,3,0,7,20,0,3,1,1,0.72,0.697,0.74,0.2537,55,257,312
4415,2011-07-07,3,0,7,20,0,4,1,1,0.76,0.7121,0.58,0.3582,61,224,285
4439,2011-07-08,3,0,7,20,0,5,1,1,0.66,0.6061,0.83,0.1642,30,220,250
4463,2011-07-09,3,0,7,20,0,6,0,1,0.76,0.7121,0.58,0.2239,129,185,314
4487,2011-07-10,3,0,7,20,0,0,0,1,0.76,0.697,0.55,0.194,101,167,268
4511,2011-07-11,3,0,7,20,0,1,1,1,0.72,0.697,0.74,0.4179,42,194,236
4535,2011-07-12,3,0,7,20,0,2,1,1,0.82,0.7424,0.43,0.194,57,251,308
4559,2011-07-13,3,0,7,20,0,3,1,1,0.7,0.6667,0.84,0.1642,61,281,342
4583,2011-07-14,3,0,7,20,0,4,1,1,0.7,0.6364,0.42,0.2239,81,267,348
4607,2011-07-15,3,0,7,20,0,5,1,1,0.7,0.6515,0.51,0.2239,92,251,343
4631,2011-07-16,3,0,7,20,0,6,0,1,0.72,0.6667,0.51,0.2239,108,188,296
4655,2011-07-17,3,0,7,20,0,0,0,1,0.76,0.7121,0.58,0.2537,85,177,262
4679,2011-07-18,3,0,7,20,0,1,1,1,0.78,0.7424,0.59,0.2239,91,232,323
4703,2011-07-19,3,0,7,20,0,2,1,1,0.74,0.7273,0.74,0.0896,48,229,277
4727,2011-07-20,3,0,7,20,0,3,1,1,0.8,0.8333,0.75,0.2239,45,264,309
4751,2011-07-21,3,0,7,20,0,4,1,1,0.84,0.8939,0.71,0.2239,38,199,237
4775,2011-07-22,3,0,7,20,0,5,1,1,0.84,0.8182,0.56,0,46,166,212
4799,2011-07-23,3,0,7,20,0,6,0,1,0.82,0.803,0.59,0.2239,47,98,145
4823,2011-07-24,3,0,7,20,0,0,0,1,0.84,0.7879,0.49,0.1642,52,143,195
4847,2011-07-25,3,0,7,20,0,1,1,1,0.72,0.697,0.74,0.1343,55,247,302
4871,2011-07-26,3,0,7,20,0,2,1,1,0.8,0.7273,0.46,0.2537,47,243,290
4895,2011-07-27,3,0,7,20,0,3,1,1,0.76,0.6818,0.45,0.2239,55,239,294
4919,2011-07-28,3,0,7,20,0,4,1,1,0.8,0.7879,0.63,0.194,41,229,270
4943,2011-07-29,3,0,7,20,0,5,1,1,0.86,0.7879,0.41,0.3284,53,153,206
4967,2011-07-30,3,0,7,20,0,6,0,1,0.82,0.7424,0.43,0.1343,74,132,206
4991,2011-07-31,3,0,7,20,0,0,0,1,0.8,0.7576,0.55,0.3284,70,205,275
5015,2011-08-01,3,0,8,20,0,1,1,1,0.72,0.6818,0.62,0.2239,49,256,305
5039,2011-08-02,3,0,8,20,0,2,1,2,0.82,0.7576,0.46,0.2537,40,248,288
5063,2011-08-03,3,0,8,20,0,3,1,3,0.7,0.6667,0.84,0.1045,7,80,87
5087,2011-08-04,3,0,8,20,0,4,1,2,0.7,0.6667,0.74,0.194,41,245,286
5111,2011-08-05,3,0,8,20,0,5,1,1,0.72,0.6667,0.58,0.2239,70,221,291
5135,2011-08-06,3,0,8,20,0,6,0,3,0.72,0.697,0.79,0.2836,58,79,137
5159,2011-08-07,3,0,8,20,0,0,0,1,0.72,0.7121,0.84,0.1343,50,133,183
5183,2011-08-08,3,0,8,20,0,1,1,1,0.8,0.7576,0.55,0,71,215,286
5207,2011-08-09,3,0,8,20,0,2,1,1,0.8,0.7273,0.43,0.194,34,258,292
5231,2011-08-10,3,0,8,20,0,3,1,1,0.76,0.6667,0.31,0.1343,59,253,312
5255,2011-08-11,3,0,8,20,0,4,1,1,0.72,0.6515,0.37,0.1343,56,232,288
5279,2011-08-12,3,0,8,20,0,5,1,1,0.72,0.6515,0.42,0.2239,77,210,287
5303,2011-08-13,3,0,8,20,0,6,0,2,0.68,0.6364,0.83,0.2239,78,105,183
5327,2011-08-14,3,0,8,20,0,0,0,1,0.7,0.6667,0.84,0.1642,67,126,193
5351,2011-08-15,3,0,8,20,0,1,1,1,0.66,0.6212,0.74,0.1343,45,240,285
5375,2011-08-16,3,0,8,20,0,2,1,1,0.74,0.6667,0.51,0,48,232,280
5399,2011-08-17,3,0,8,20,0,3,1,1,0.74,0.6818,0.58,0.2537,37,243,280
5423,2011-08-18,3,0,8,20,0,4,1,1,0.66,0.6061,0.83,0.1045,24,141,165
5447,2011-08-19,3,0,8,20,0,5,1,3,0.62,0.5758,0.83,0.2985,12,46,58
5471,2011-08-20,3,0,8,20,0,6,0,1,0.74,0.6818,0.62,0.2239,78,170,248
5495,2011-08-21,3,0,8,20,0,0,0,1,0.7,0.6667,0.79,0.2537,41,140,181
5519,2011-08-22,3,0,8,20,0,1,1,1,0.66,0.6212,0.34,0.194,21,247,268
5543,2011-08-23,3,0,8,20,0,2,1,1,0.64,0.6212,0.53,0.2537,54,206,260
5567,2011-08-24,3,0,8,20,0,3,1,1,0.72,0.6667,0.58,0.2985,45,289,334
5591,2011-08-25,3,0,8,20,0,4,1,1,0.64,0.5909,0.78,0.3582,33,192,225
5615,2011-08-26,3,0,8,20,0,5,1,1,0.72,0.697,0.79,0.0896,39,183,222
5650,2011-08-28,3,0,8,20,0,0,0,1,0.72,0.6515,0.45,0.1045,64,150,214
5674,2011-08-29,3,0,8,20,0,1,1,1,0.64,0.6212,0.53,0.1642,50,227,277
5698,2011-08-30,3,0,8,20,0,2,1,1,0.66,0.6212,0.5,0,39,259,298
5722,2011-08-31,3,0,8,20,0,3,1,1,0.66,0.6212,0.57,0.1343,30,259,289
5746,2011-09-01,3,0,9,20,0,4,1,1,0.66,0.6212,0.61,0.2239,33,247,280
5770,2011-09-02,3,0,9,20,0,5,1,1,0.64,0.6061,0.73,0,38,158,196
5794,2011-09-03,3,0,9,20,0,6,0,1,0.7,0.6667,0.79,0.1642,99,120,219
5818,2011-09-04,3,0,9,20,0,0,0,1,0.74,0.697,0.7,0.2985,104,125,229
5842,2011-09-05,3,0,9,20,1,1,0,3,0.66,0.5909,0.94,0.2537,26,56,82
5865,2011-09-06,3,0,9,20,0,2,1,3,0.54,0.5152,0.88,0.2985,13,150,163
5889,2011-09-07,3,0,9,20,0,3,1,3,0.64,0.5758,0.89,0.0896,3,93,96
5912,2011-09-08,3,0,9,20,0,4,1,2,0.62,0.5455,0.94,0.1642,6,83,89
5936,2011-09-09,3,0,9,20,0,5,1,1,0.64,0.5606,0.94,0.0896,30,180,210
5960,2011-09-10,3,0,9,20,0,6,0,1,0.66,0.6212,0.69,0.1045,78,167,245
5984,2011-09-11,3,0,9,20,0,0,0,1,0.62,0.5909,0.73,0.1045,65,161,226
6007,2011-09-12,3,0,9,20,0,1,1,1,0.66,0.6212,0.65,0,41,258,299
6031,2011-09-13,3,0,9,20,0,2,1,1,0.66,0.6212,0.74,0.194,31,241,272
6055,2011-09-14,3,0,9,20,0,3,1,2,0.72,0.6667,0.58,0.4179,40,221,261
6079,2011-09-15,3,0,9,20,0,4,1,1,0.46,0.4545,0.63,0.3284,25,223,248
6103,2011-09-16,3,0,9,20,0,5,1,2,0.5,0.4848,0.55,0,41,184,225
6127,2011-09-17,3,0,9,20,0,6,0,1,0.52,0.5,0.68,0.1343,43,133,176
6151,2011-09-18,3,0,9,20,0,0,0,2,0.54,0.5152,0.68,0.0896,44,136,180
6175,2011-09-19,3,0,9,20,0,1,1,2,0.56,0.5303,0.68,0.1343,27,204,231
6199,2011-09-20,3,0,9,20,0,2,1,1,0.56,0.5303,0.94,0,41,212,253
6223,2011-09-21,3,0,9,20,0,3,1,3,0.62,0.5455,0.94,0,11,149,160
6247,2011-09-22,3,0,9,20,0,4,1,2,0.62,0.5455,0.94,0.1343,35,250,285
6271,2011-09-23,4,0,9,20,0,5,1,1,0.6,0.5152,0.94,0,21,158,179
6295,2011-09-24,4,0,9,20,0,6,0,1,0.62,0.5758,0.83,0,77,166,243
6319,2011-09-25,4,0,9,20,0,0,0,1,0.64,0.5758,0.83,0.0896,51,135,186
6343,2011-09-26,4,0,9,20,0,1,1,1,0.64,0.5758,0.89,0.1343,24,227,251
6367,2011-09-27,4,0,9,20,0,2,1,1,0.62,0.5909,0.78,0,17,221,238
6391,2011-09-28,4,0,9,20,0,3,1,3,0.6,0.5606,0.83,0.2985,11,91,102
6415,2011-09-29,4,0,9,20,0,4,1,1,0.6,0.6212,0.53,0.0896,39,234,273
6439,2011-09-30,4,0,9,20,0,5,1,1,0.54,0.5152,0.52,0.2836,28,202,230
6463,2011-10-01,4,0,10,20,0,6,0,3,0.36,0.3636,0.87,0.1045,8,58,66
6487,2011-10-02,4,0,10,20,0,0,0,2,0.36,0.3333,0.76,0.2537,16,71,87
6511,2011-10-03,4,0,10,20,0,1,1,3,0.4,0.4091,0.82,0,13,191,204
6535,2011-10-04,4,0,10,20,0,2,1,1,0.52,0.5,0.68,0.2239,25,236,261
6559,2011-10-05,4,0,10,20,0,3,1,1,0.52,0.5,0.77,0.1642,18,228,246
6583,2011-10-06,4,0,10,20,0,4,1,1,0.5,0.4848,0.77,0.1045,29,231,260
6607,2011-10-07,4,0,10,20,0,5,1,1,0.54,0.5152,0.49,0,30,167,197
6631,2011-10-08,4,0,10,20,0,6,0,1,0.52,0.5,0.77,0.1045,78,124,202
6655,2011-10-09,4,0,10,20,0,0,0,1,0.56,0.5303,0.73,0.1045,59,134,193
6679,2011-10-10,4,0,10,20,1,1,0,1,0.6,0.5909,0.73,0,37,188,225
6703,2011-10-11,4,0,10,20,0,2,1,2,0.58,0.5455,0.83,0.2239,31,203,234
6727,2011-10-12,4,0,10,20,0,3,1,3,0.54,0.5152,0.94,0.1045,9,81,90
6751,2011-10-13,4,0,10,20,0,4,1,1,0.62,0.5758,0.83,0.2836,15,166,181
6775,2011-10-14,4,0,10,20,0,5,1,1,0.52,0.5,0.42,0.194,19,177,196
6799,2011-10-15,4,0,10,20,0,6,0,1,0.5,0.4848,0.48,0.1343,42,137,179
6823,2011-10-16,4,0,10,20,0,0,0,1,0.54,0.5152,0.52,0.4627,49,129,178
6847,2011-10-17,4,0,10,20,0,1,1,1,0.52,0.5,0.77,0.1045,40,189,229
6871,2011-10-18,4,0,10,20,0,2,1,1,0.54,0.5152,0.64,0.1642,23,204,227
6894,2011-10-19,4,0,10,20,0,3,1,3,0.6,0.5152,0.94,0.0896,5,140,145
6918,2011-10-20,4,0,10,20,0,4,1,2,0.46,0.4545,0.51,0.3284,34,207,241
6942,2011-10-21,4,0,10,20,0,5,1,2,0.44,0.4394,0.54,0.2239,29,155,184
6966,2011-10-22,4,0,10,20,0,6,0,1,0.42,0.4242,0.67,0,48,111,159
6990,2011-10-23,4,0,10,20,0,0,0,1,0.44,0.4394,0.72,0.0896,32,112,144
7014,2011-10-24,4,0,10,20,0,1,1,1,0.48,0.4697,0.82,0.1045,11,118,129
7038,2011-10-25,4,0,10,20,0,2,1,1,0.46,0.4545,0.67,0.1045,40,208,248
7062,2011-10-26,4,0,10,20,0,3,1,1,0.5,0.4848,0.88,0,27,180,207
7086,2011-10-27,4,0,10,20,0,4,1,1,0.42,0.4242,0.67,0.4925,11,171,182
7110,2011-10-28,4,0,10,20,0,5,1,3,0.34,0.3182,0.61,0.2239,12,131,143
7134,2011-10-29,4,0,10,20,0,6,0,1,0.24,0.2121,0.87,0.3582,7,40,47
7158,2011-10-30,4,0,10,20,0,0,0,1,0.34,0.3636,0.57,0,18,74,92
7182,2011-10-31,4,0,10,20,0,1,1,1,0.4,0.4091,0.66,0.0896,18,154,172
7206,2011-11-01,4,0,11,20,0,2,1,1,0.4,0.4091,0.71,0,18,191,209
7230,2011-11-02,4,0,11,20,0,3,1,1,0.4,0.4091,0.66,0.1343,5,177,182
7254,2011-11-03,4,0,11,20,0,4,1,1,0.42,0.4242,0.71,0.1045,11,198,209
7278,2011-11-04,4,0,11,20,0,5,1,1,0.36,0.3333,0.43,0.2836,15,171,186
7302,2011-11-05,4,0,11,20,0,6,0,1,0.32,0.3485,0.66,0,29,136,165
7326,2011-11-06,4,0,11,20,0,0,0,1,0.36,0.3636,0.81,0.1045,16,100,116
7350,2011-11-07,4,0,11,20,0,1,1,1,0.4,0.4091,0.71,0,17,187,204
7374,2011-11-08,4,0,11,20,0,2,1,1,0.4,0.4091,0.76,0,12,169,181
7398,2011-11-09,4,0,11,20,0,3,1,1,0.44,0.4394,0.77,0,18,201,219
7422,2011-11-10,4,0,11,20,0,4,1,2,0.36,0.3333,0.62,0.2836,8,160,168
7446,2011-11-11,4,0,11,20,1,5,0,1,0.32,0.3182,0.39,0.194,12,97,109
7470,2011-11-12,4,0,11,20,0,6,0,1,0.42,0.4242,0.5,0.2836,31,101,132
7494,2011-11-13,4,0,11,20,0,0,0,1,0.5,0.4848,0.31,0.3582,24,115,139
7518,2011-11-14,4,0,11,20,0,1,1,1,0.6,0.6212,0.53,0.3582,30,210,240
7542,2011-11-15,4,0,11,20,0,2,1,2,0.48,0.4697,0.82,0.1343,26,212,238
7566,2011-11-16,4,0,11,20,0,3,1,3,0.44,0.4394,0.88,0.3881,5,94,99
7590,2011-11-17,4,0,11,20,0,4,1,1,0.3,0.2879,0.42,0.2836,7,162,169
7614,2011-11-18,4,0,11,20,0,5,1,1,0.28,0.2727,0.48,0.194,8,129,137
7638,2011-11-19,4,0,11,20,0,6,0,2,0.36,0.3636,0.57,0.1045,48,115,163
7662,2011-11-20,4,0,11,20,0,0,0,2,0.52,0.5,0.68,0.1045,23,90,113
7686,2011-11-21,4,0,11,20,0,1,1,3,0.4,0.4091,0.87,0.2239,5,75,80
7710,2011-11-22,4,0,11,20,0,2,1,2,0.46,0.4545,1,0.2239,6,121,127
7734,2011-11-23,4,0,11,20,0,3,1,1,0.36,0.3333,0.62,0.3881,1,67,68
7758,2011-11-24,4,0,11,20,1,4,0,1,0.36,0.3485,0.76,0.1642,14,17,31
7782,2011-11-25,4,0,11,20,0,5,1,1,0.4,0.4091,0.58,0.0896,19,76,95
7806,2011-11-26,4,0,11,20,0,6,0,2,0.42,0.4242,0.58,0,55,86,141
7830,2011-11-27,4,0,11,20,0,0,0,1,0.5,0.4848,0.63,0.2537,10,94,104
7853,2011-11-28,4,0,11,20,0,1,1,2,0.54,0.5152,0.73,0.2537,12,206,218
7877,2011-11-29,4,0,11,20,0,2,1,2,0.38,0.3939,0.87,0.2537,8,176,184
7901,2011-11-30,4,0,11,20,0,3,1,2,0.32,0.303,0.57,0.2836,6,184,190
7925,2011-12-01,4,0,12,20,0,4,1,1,0.34,0.3485,0.46,0.1045,12,178,190
7949,2011-12-02,4,0,12,20,0,5,1,1,0.38,0.3939,0.4,0.2836,12,178,190
7973,2011-12-03,4,0,12,20,0,6,0,1,0.3,0.3182,0.61,0.0896,17,110,127
7997,2011-12-04,4,0,12,20,0,0,0,1,0.36,0.3485,0.76,0.1343,8,116,124
8021,2011-12-05,4,0,12,20,0,1,1,2,0.46,0.4545,0.82,0.1045,15,190,205
8045,2011-12-06,4,0,12,20,0,2,1,3,0.46,0.4545,1,0.2985,3,107,110
8069,2011-12-07,4,0,12,20,0,3,1,3,0.34,0.2879,0.87,0.6418,1,25,26
8093,2011-12-08,4,0,12,20,0,4,1,1,0.26,0.2727,0.6,0.1045,5,170,175
8117,2011-12-09,4,0,12,20,0,5,1,1,0.3,0.3333,0.81,0,10,140,150
8141,2011-12-10,4,0,12,20,0,6,0,1,0.24,0.2273,0.35,0.2239,10,114,124
8165,2011-12-11,4,0,12,20,0,0,0,1,0.22,0.2424,0.55,0.1045,10,62,72
8189,2011-12-12,4,0,12,20,0,1,1,1,0.3,0.3182,0.56,0.0896,8,157,165
8213,2011-12-13,4,0,12,20,0,2,1,1,0.32,0.3182,0.49,0.1642,7,154,161
8237,2011-12-14,4,0,12,20,0,3,1,2,0.34,0.3485,0.66,0.1045,6,169,175
8261,2011-12-15,4,0,12,20,0,4,1,1,0.52,0.5,0.59,0.3284,12,209,221
8285,2011-12-16,4,0,12,20,0,5,1,2,0.32,0.3182,0.45,0.194,6,146,152
8309,2011-12-17,4,0,12,20,0,6,0,1,0.22,0.2121,0.69,0.2537,7,99,106
8333,2011-12-18,4,0,12,20,0,0,0,1,0.24,0.2576,0.6,0.1045,10,94,104
8357,2011-12-19,4,0,12,20,0,1,1,1,0.4,0.4091,0.4,0.1642,9,197,206
8381,2011-12-20,4,0,12,20,0,2,1,1,0.36,0.3788,0.66,0,3,144,147
8405,2011-12-21,1,0,12,20,0,3,1,2,0.5,0.4848,0.94,0.3582,5,162,167
8429,2011-12-22,1,0,12,20,0,4,1,3,0.42,0.4242,0.71,0,0,33,33
8453,2011-12-23,1,0,12,20,0,5,1,1,0.32,0.303,0.61,0.3284,3,47,50
8477,2011-12-24,1,0,12,20,0,6,0,1,0.26,0.2727,0.56,0.1343,5,19,24
8500,2011-12-25,1,0,12,20,0,0,0,1,0.32,0.3333,0.49,0.0896,8,18,26
8523,2011-12-26,1,0,12,20,1,1,0,1,0.3,0.3182,0.56,0.0896,14,42,56
8547,2011-12-27,1,0,12,20,0,2,1,1,0.32,0.3333,0.93,0.0896,3,66,69
8570,2011-12-28,1,0,12,20,0,3,1,1,0.24,0.2273,0.41,0.2239,9,70,79
8594,2011-12-29,1,0,12,20,0,4,1,1,0.28,0.2879,0.65,0.1045,8,88,96
8618,2011-12-30,1,0,12,20,0,5,1,2,0.34,0.3485,0.66,0.1045,16,75,91
8642,2011-12-31,1,0,12,20,0,6,0,1,0.42,0.4242,0.54,0.2239,8,63,71
8666,2012-01-01,1,1,1,20,0,0,0,2,0.44,0.4394,0.62,0.2985,25,58,83
8689,2012-01-02,1,1,1,20,1,1,0,1,0.24,0.2273,0.41,0.2239,5,83,88
8713,2012-01-03,1,1,1,20,0,2,1,1,0.12,0.1212,0.33,0.2537,0,115,115
8737,2012-01-04,1,1,1,20,0,3,1,2,0.2,0.197,0.4,0.194,2,121,123
8761,2012-01-05,1,1,1,20,0,4,1,1,0.3,0.3333,0.49,0,5,172,177
8785,2012-01-06,1,1,1,20,0,5,1,1,0.42,0.4242,0.41,0.194,14,163,177
8809,2012-01-07,1,1,1,20,0,6,0,1,0.5,0.4848,0.39,0.2537,21,149,170
8833,2012-01-08,1,1,1,20,0,0,0,1,0.3,0.303,0.52,0.1642,7,119,126
8857,2012-01-09,1,1,1,20,0,1,1,2,0.2,0.2273,0.86,0.0896,5,127,132
8880,2012-01-10,1,1,1,20,0,2,1,1,0.34,0.3485,0.53,0.1045,10,190,200
8904,2012-01-11,1,1,1,20,0,3,1,3,0.32,0.3182,0.93,0.1642,2,55,57
8928,2012-01-12,1,1,1,20,0,4,1,2,0.42,0.4242,0.71,0.194,11,229,240
8952,2012-01-13,1,1,1,20,0,5,1,1,0.24,0.2424,0.41,0.1642,6,130,136
8976,2012-01-14,1,1,1,20,0,6,0,1,0.2,0.197,0.44,0.2537,8,95,103
9000,2012-01-15,1,1,1,20,0,0,0,1,0.16,0.1818,0.37,0.1045,10,85,95
9024,2012-01-16,1,1,1,20,1,1,0,1,0.26,0.2424,0.6,0.2836,2,88,90
9047,2012-01-17,1,1,1,20,0,2,1,1,0.46,0.4545,0.63,0.3582,11,169,180
9071,2012-01-18,1,1,1,20,0,3,1,1,0.22,0.2121,0.37,0.2537,1,164,165
9095,2012-01-19,1,1,1,20,0,4,1,1,0.26,0.2121,0.52,0.4478,7,184,191
9119,2012-01-20,1,1,1,20,0,5,1,2,0.2,0.2273,0.34,0.0896,1,141,142
9143,2012-01-21,1,1,1,20,0,6,0,2,0.18,0.1667,0.8,0.2985,5,62,67
9167,2012-01-22,1,1,1,20,0,0,0,3,0.16,0.1667,0.86,0.1642,5,69,74
9191,2012-01-23,1,1,1,20,0,1,1,2,0.26,0.2576,1,0.1642,8,161,169
9215,2012-01-24,1,1,1,20,0,2,1,1,0.32,0.3485,0.76,0,18,211,229
9239,2012-01-25,1,1,1,20,0,3,1,1,0.32,0.3182,0.61,0.194,10,225,235
9263,2012-01-26,1,1,1,20,0,4,1,2,0.4,0.4091,0.82,0.1343,8,216,224
9287,2012-01-27,1,1,1,20,0,5,1,1,0.34,0.303,0.53,0.3582,6,153,159
9311,2012-01-28,1,1,1,20,0,6,0,1,0.4,0.4091,0.35,0.3881,5,115,120
9335,2012-01-29,1,1,1,20,0,0,0,1,0.3,0.2879,0.39,0.2239,13,98,111
9359,2012-01-30,1,1,1,20,0,1,1,1,0.3,0.303,0.39,0.1642,2,179,181
9383,2012-01-31,1,1,1,20,0,2,1,1,0.4,0.4091,0.58,0.1045,15,223,238
9407,2012-02-01,1,1,2,20,0,3,1,1,0.52,0.5,0.52,0.1642,10,254,264
9431,2012-02-02,1,1,2,20,0,4,1,1,0.36,0.3182,0.46,0.5224,9,204,213
9455,2012-02-03,1,1,2,20,0,5,1,1,0.34,0.3485,0.49,0.1045,8,155,163
9479,2012-02-04,1,1,2,20,0,6,0,3,0.24,0.2273,0.93,0.194,4,73,77
9503,2012-02-05,1,1,2,20,0,0,0,1,0.28,0.2727,0.56,0.194,3,47,50
9526,2012-02-06,1,1,2,20,0,1,1,1,0.34,0.3333,0.46,0.1642,7,194,201
9550,2012-02-07,1,1,2,20,0,2,1,1,0.36,0.3485,0.5,0.1343,6,206,212
9574,2012-02-08,1,1,2,20,0,3,1,3,0.24,0.2424,0.87,0.1343,3,122,125
9598,2012-02-09,1,1,2,20,0,4,1,1,0.32,0.3485,0.36,0,2,197,199
9622,2012-02-10,1,1,2,20,0,5,1,2,0.32,0.3485,0.57,0,7,144,151
9646,2012-02-11,1,1,2,20,0,6,0,2,0.16,0.1212,0.43,0.5522,1,62,63
9670,2012-02-12,1,1,2,20,0,0,0,1,0.14,0.1212,0.42,0.3284,1,56,57
9694,2012-02-13,1,1,2,20,0,1,1,1,0.3,0.303,0.42,0.1642,4,210,214
9718,2012-02-14,1,1,2,20,0,2,1,2,0.38,0.3939,0.46,0.1343,6,178,184
9742,2012-02-15,1,1,2,20,0,3,1,1,0.36,0.3485,0.46,0.1642,4,207,211
9766,2012-02-16,1,1,2,20,0,4,1,2,0.32,0.3333,0.87,0.1343,5,211,216
9790,2012-02-17,1,1,2,20,0,5,1,1,0.4,0.4091,0.35,0.194,13,158,171
9814,2012-02-18,1,1,2,20,0,6,0,1,0.44,0.4394,0.44,0.1642,25,123,148
9838,2012-02-19,1,1,2,20,0,0,0,2,0.3,0.2879,0.52,0.2836,22,81,103
9861,2012-02-20,1,1,2,20,1,1,0,1,0.34,0.3333,0.34,0.194,9,117,126
9884,2012-02-21,1,1,2,20,0,2,1,1,0.34,0.3182,0.53,0.2537,4,223,227
9908,2012-02-22,1,1,2,20,0,3,1,2,0.44,0.4394,0.47,0.194,25,249,274
9932,2012-02-23,1,1,2,20,0,4,1,1,0.46,0.4545,0.44,0.1343,23,246,269
9956,2012-02-24,1,1,2,20,0,5,1,1,0.44,0.4394,0.62,0.4179,8,159,167
9980,2012-02-25,1,1,2,20,0,6,0,1,0.26,0.2121,0.3,0.5522,10,95,105
10004,2012-02-26,1,1,2,20,0,0,0,1,0.32,0.3182,0.42,0.1642,9,79,88
10028,2012-02-27,1,1,2,20,0,1,1,1,0.48,0.4697,0.33,0.3582,11,208,219
10052,2012-02-28,1,1,2,20,0,2,1,1,0.4,0.4091,0.3,0.1343,2,202,204
10075,2012-02-29,1,1,2,20,0,3,1,3,0.42,0.4242,0.88,0.1642,2,95,97
10099,2012-03-01,1,1,3,20,0,4,1,1,0.44,0.4394,0.44,0.4179,12,242,254
10123,2012-03-02,1,1,3,20,0,5,1,2,0.36,0.3485,0.87,0.194,7,93,100
10147,2012-03-03,1,1,3,20,0,6,0,1,0.44,0.4394,0.3,0.1343,28,121,149
10171,2012-03-04,1,1,3,20,0,0,0,1,0.28,0.2727,0.38,0.2537,8,80,88
10195,2012-03-05,1,1,3,20,0,1,1,1,0.26,0.2273,0.37,0.4627,8,171,179
10219,2012-03-06,1,1,3,20,0,2,1,1,0.32,0.3182,0.49,0.194,3,184,187
10243,2012-03-07,1,1,3,20,0,3,1,1,0.5,0.4848,0.51,0.2537,18,242,260
10267,2012-03-08,1,1,3,20,0,4,1,2,0.6,0.6212,0.43,0.3881,20,282,302
10291,2012-03-09,1,1,3,20,0,5,1,1,0.38,0.3939,0.32,0.3582,3,156,159
10315,2012-03-10,1,1,3,20,0,6,0,1,0.32,0.3333,0.33,0.1343,20,101,121
10338,2012-03-11,1,1,3,20,0,0,0,1,0.44,0.4394,0.47,0.2239,42,129,171
10362,2012-03-12,1,1,3,20,0,1,1,2,0.56,0.5303,0.49,0.2239,49,237,286
10386,2012-03-13,1,1,3,20,0,2,1,1,0.6,0.6212,0.49,0.1642,45,306,351
10410,2012-03-14,1,1,3,20,0,3,1,1,0.62,0.6212,0.35,0.1045,44,286,330
10434,2012-03-15,1,1,3,20,0,4,1,2,0.58,0.5455,0.6,0.3582,60,270,330
10458,2012-03-16,1,1,3,20,0,5,1,1,0.46,0.4545,0.88,0,31,204,235
10482,2012-03-17,1,1,3,20,0,6,0,1,0.56,0.5303,0.64,0.194,89,182,271
10506,2012-03-18,1,1,3,20,0,0,0,1,0.52,0.5,0.77,0.1343,59,139,198
10530,2012-03-19,1,1,3,20,0,1,1,1,0.6,0.6061,0.64,0.2239,34,296,330
10554,2012-03-20,1,1,3,20,0,2,1,1,0.58,0.5455,0.68,0.0896,78,299,377
10578,2012-03-21,2,1,3,20,0,3,1,1,0.56,0.5303,0.78,0.0896,76,298,374
10602,2012-03-22,2,1,3,20,0,4,1,1,0.62,0.5909,0.73,0.2836,64,360,424
10626,2012-03-23,2,1,3,20,0,5,1,1,0.66,0.6212,0.47,0.1343,117,328,445
10650,2012-03-24,2,1,3,20,0,6,0,3,0.44,0.4394,1,0.194,31,80,111
10674,2012-03-25,2,1,3,20,0,0,0,1,0.48,0.4697,0.77,0.2239,63,196,259
10698,2012-03-26,2,1,3,20,0,1,1,1,0.4,0.4091,0.26,0.5224,12,209,221
10722,2012-03-27,2,1,3,20,0,2,1,1,0.42,0.4242,0.17,0.0896,28,266,294
10746,2012-03-28,2,1,3,20,0,3,1,1,0.6,0.6212,0.56,0.2985,38,324,362
10770,2012-03-29,2,1,3,20,0,4,1,1,0.46,0.4545,0.38,0.2985,34,301,335
10794,2012-03-30,2,1,3,20,0,5,1,1,0.4,0.4091,0.62,0.1642,17,192,209
10818,2012-03-31,2,1,3,20,0,6,0,2,0.4,0.4091,0.71,0.3284,52,156,208
10842,2012-04-01,2,1,4,20,0,0,0,2,0.5,0.4848,0.59,0.2239,66,166,232
10865,2012-04-02,2,1,4,20,0,1,1,1,0.46,0.4545,0.31,0.1642,48,281,329
10889,2012-04-03,2,1,4,20,0,2,1,1,0.56,0.5303,0.24,0.1343,54,325,379
10913,2012-04-04,2,1,4,20,0,3,1,1,0.64,0.6212,0.27,0.2239,39,333,372
10937,2012-04-05,2,1,4,20,0,4,1,1,0.44,0.4394,0.41,0.194,33,279,312
10961,2012-04-06,2,1,4,20,0,5,1,1,0.46,0.4545,0.24,0.2836,61,191,252
10985,2012-04-07,2,1,4,20,0,6,0,1,0.5,0.4848,0.2,0.2239,73,135,208
11009,2012-04-08,2,1,4,20,0,0,0,1,0.56,0.5303,0.28,0.4179,65,146,211
11033,2012-04-09,2,1,4,20,0,1,1,1,0.5,0.4848,0.36,0.4478,21,255,276
11057,2012-04-10,2,1,4,20,0,2,1,1,0.46,0.4545,0.28,0.3881,34,248,282
11080,2012-04-11,2,1,4,20,0,3,1,1,0.36,0.3333,0.46,0.3284,22,213,235
11104,2012-04-12,2,1,4,20,0,4,1,1,0.44,0.4394,0.33,0.2537,26,254,280
11128,2012-04-13,2,1,4,20,0,5,1,1,0.5,0.4848,0.29,0.1343,44,242,286
11152,2012-04-14,2,1,4,20,0,6,0,2,0.56,0.5303,0.46,0.1343,112,209,321
11176,2012-04-15,2,1,4,20,0,0,0,1,0.64,0.6212,0.5,0.2239,86,205,291
11200,2012-04-16,2,1,4,20,1,1,0,1,0.74,0.6515,0.37,0.2985,48,327,375
11224,2012-04-17,2,1,4,20,0,2,1,1,0.6,0.6061,0.23,0.2836,44,358,402
11248,2012-04-18,2,1,4,20,0,3,1,2,0.42,0.4242,0.77,0.1045,8,252,260
11272,2012-04-19,2,1,4,20,0,4,1,1,0.56,0.5303,0.49,0.2239,52,352,404
11296,2012-04-20,2,1,4,20,0,5,1,1,0.58,0.5455,0.56,0.1642,52,289,341
11320,2012-04-21,2,1,4,20,0,6,0,3,0.5,0.4848,0.82,0.2985,5,34,39
11344,2012-04-22,2,1,4,20,0,0,0,3,0.36,0.3333,0.93,0.4179,1,34,35
11368,2012-04-23,2,1,4,20,0,1,1,2,0.32,0.3182,0.76,0.1642,17,186,203
11392,2012-04-24,2,1,4,20,0,2,1,1,0.48,0.4697,0.21,0.3284,16,269,285
11416,2012-04-25,2,1,4,20,0,3,1,1,0.56,0.5303,0.22,0.0896,22,358,380
11440,2012-04-26,2,1,4,20,0,4,1,1,0.54,0.5152,0.77,0.194,23,314,337
11464,2012-04-27,2,1,4,20,0,5,1,1,0.46,0.4545,0.31,0.2836,49,240,289
11488,2012-04-28,2,1,4,20,0,6,0,2,0.38,0.3939,0.66,0,21,81,102
11512,2012-04-29,2,1,4,20,0,0,0,1,0.56,0.5303,0.32,0.0896,45,198,243
11536,2012-04-30,2,1,4,20,0,1,1,2,0.52,0.5,0.59,0.194,28,281,309
11560,2012-05-01,2,1,5,20,0,2,1,1,0.66,0.6212,0.61,0.1642,36,299,335
11584,2012-05-02,2,1,5,20,0,3,1,1,0.52,0.5,0.77,0.2537,42,296,338
11608,2012-05-03,2,1,5,20,0,4,1,1,0.64,0.6061,0.73,0.194,52,368,420
11632,2012-05-04,2,1,5,20,0,5,1,1,0.68,0.6364,0.51,0.1045,58,255,313
11656,2012-05-05,2,1,5,20,0,6,0,1,0.6,0.5758,0.78,0.2537,100,209,309
11680,2012-05-06,2,1,5,20,0,0,0,1,0.6,0.6061,0.64,0.194,73,203,276
11704,2012-05-07,2,1,5,20,0,1,1,1,0.54,0.5152,0.52,0.2836,46,277,323
11728,2012-05-08,2,1,5,20,0,2,1,2,0.64,0.6061,0.69,0.2836,40,262,302
11752,2012-05-09,2,1,5,20,0,3,1,3,0.5,0.4848,0.82,0.2239,3,48,51
11776,2012-05-10,2,1,5,20,0,4,1,1,0.52,0.5,0.4,0.3284,59,315,374
11800,2012-05-11,2,1,5,20,0,5,1,1,0.62,0.6061,0.25,0.1343,64,277,341
11824,2012-05-12,2,1,5,20,0,6,0,1,0.62,0.6212,0.46,0.1642,113,174,287
11848,2012-05-13,2,1,5,20,0,0,0,2,0.66,0.6212,0.5,0.2836,67,163,230
11872,2012-05-14,2,1,5,20,0,1,1,2,0.58,0.5455,0.88,0.194,11,178,189
11896,2012-05-15,2,1,5,20,0,2,1,3,0.64,0.6061,0.73,0.1343,30,233,263
11920,2012-05-16,2,1,5,20,0,3,1,1,0.66,0.6212,0.65,0.2537,61,398,459
11944,2012-05-17,2,1,5,20,0,4,1,1,0.6,0.6212,0.4,0.194,83,363,446
11968,2012-05-18,2,1,5,20,0,5,1,1,0.62,0.6212,0.41,0.1642,73,264,337
11992,2012-05-19,2,1,5,20,0,6,0,1,0.68,0.6364,0.41,0.0896,118,197,315
12016,2012-05-20,2,1,5,20,0,0,0,1,0.66,0.6212,0.61,0.4179,83,191,274
12040,2012-05-21,2,1,5,20,0,1,1,1,0.64,0.6061,0.69,0.1343,44,292,336
12064,2012-05-22,2,1,5,20,0,2,1,1,0.64,0.6061,0.73,0.2537,54,319,373
12088,2012-05-23,2,1,5,20,0,3,1,2,0.62,0.5758,0.83,0.0896,28,267,295
12112,2012-05-24,2,1,5,20,0,4,1,2,0.66,0.6212,0.69,0.2836,55,343,398
12136,2012-05-25,2,1,5,20,0,5,1,1,0.7,0.6515,0.65,0.1642,80,270,350
12160,2012-05-26,2,1,5,20,0,6,0,2,0.74,0.6818,0.55,0.194,103,152,255
12184,2012-05-27,2,1,5,20,0,0,0,1,0.74,0.6818,0.55,0.1642,168,224,392
12208,2012-05-28,2,1,5,20,1,1,0,1,0.78,0.7424,0.62,0.2985,114,203,317
12232,2012-05-29,2,1,5,20,0,2,1,3,0.7,0.6515,0.61,0.5224,36,168,204
12256,2012-05-30,2,1,5,20,0,3,1,2,0.54,0.5152,0.6,0.1343,57,374,431
12280,2012-05-31,2,1,5,20,0,4,1,1,0.68,0.6364,0.44,0.1642,88,391,479
12304,2012-06-01,2,1,6,20,0,5,1,3,0.62,0.5455,0.94,0.2537,1,38,39
12328,2012-06-02,2,1,6,20,0,6,0,1,0.62,0.6212,0.35,0.2836,139,260,399
12352,2012-06-03,2,1,6,20,0,0,0,1,0.66,0.6212,0.39,0.194,84,230,314
12376,2012-06-04,2,1,6,20,0,1,1,1,0.6,0.6212,0.4,0.3582,71,390,461
12400,2012-06-05,2,1,6,20,0,2,1,1,0.56,0.5303,0.49,0.2239,44,371,415
12424,2012-06-06,2,1,6,20,0,3,1,1,0.54,0.5152,0.73,0.2836,59,349,408
12448,2012-06-07,2,1,6,20,0,4,1,1,0.66,0.6212,0.36,0.2985,76,402,478
12472,2012-06-08,2,1,6,20,0,5,1,1,0.72,0.6515,0.32,0.1343,117,291,408
12496,2012-06-09,2,1,6,20,0,6,0,1,0.76,0.6667,0.35,0.2239,125,238,363
12520,2012-06-10,2,1,6,20,0,0,0,1,0.76,0.6818,0.48,0.1642,113,250,363
12544,2012-06-11,2,1,6,20,0,1,1,2,0.74,0.6667,0.48,0.2239,61,333,394
12568,2012-06-12,2,1,6,20,0,2,1,1,0.68,0.6364,0.83,0.194,36,350,386
12592,2012-06-13,2,1,6,20,0,3,1,1,0.68,0.6364,0.36,0.4179,86,362,448
12616,2012-06-14,2,1,6,20,0,4,1,1,0.66,0.6212,0.65,0.2537,84,351,435
12640,2012-06-15,2,1,6,20,0,5,1,1,0.68,0.6364,0.44,0.194,89,296,385
12664,2012-06-16,2,1,6,20,0,6,0,2,0.66,0.6212,0.47,0.194,123,229,352
12688,2012-06-17,2,1,6,20,0,0,0,1,0.62,0.6212,0.57,0.194,101,201,302
12712,2012-06-18,2,1,6,20,0,1,1,2,0.62,0.5909,0.73,0.1343,45,317,362
12736,2012-06-19,2,1,6,20,0,2,1,1,0.8,0.7576,0.55,0.2537,59,399,458
12760,2012-06-20,2,1,6,20,0,3,1,1,0.86,0.7727,0.39,0.2239,81,326,407
12784,2012-06-21,3,1,6,20,0,4,1,1,0.86,0.7879,0.44,0.194,79,357,436
12808,2012-06-22,3,1,6,20,0,5,1,2,0.76,0.697,0.55,0.5224,31,171,202
12832,2012-06-23,3,1,6,20,0,6,0,1,0.78,0.6818,0.31,0.194,158,228,386
12856,2012-06-24,3,1,6,20,0,0,0,1,0.78,0.697,0.46,0.2537,108,224,332
12880,2012-06-25,3,1,6,20,0,1,1,1,0.72,0.6515,0.3,0.4478,100,375,475
12904,2012-06-26,3,1,6,20,0,2,1,1,0.7,0.6364,0.3,0.2836,88,417,505
12928,2012-06-27,3,1,6,20,0,3,1,1,0.76,0.6667,0.31,0.194,76,369,445
12952,2012-06-28,3,1,6,20,0,4,1,1,0.82,0.7273,0.34,0.194,71,399,470
12976,2012-06-29,3,1,6,20,0,5,1,1,0.92,0.8939,0.42,0.2537,53,255,308
13000,2012-06-30,3,1,6,20,0,6,0,1,0.82,0.7727,0.52,0.1642,88,204,292
13024,2012-07-01,3,1,7,20,0,0,0,1,0.84,0.7424,0.39,0.1343,88,244,332
13048,2012-07-02,3,1,7,20,0,1,1,1,0.78,0.697,0.43,0.1343,38,357,395
13072,2012-07-03,3,1,7,20,0,2,1,3,0.76,0.697,0.55,0.4925,80,296,376
13096,2012-07-04,3,1,7,20,1,3,0,1,0.86,0.803,0.47,0.2239,237,314,551
13120,2012-07-05,3,1,7,20,0,4,1,2,0.86,0.7879,0.41,0.2239,78,243,321
13144,2012-07-06,3,1,7,20,0,5,1,1,0.86,0.7727,0.39,0.1045,91,245,336
13168,2012-07-07,3,1,7,20,0,6,0,1,0.9,0.8182,0.37,0.1642,79,197,276
13192,2012-07-08,3,1,7,20,0,0,0,1,0.76,0.7273,0.7,0.0896,79,206,285
13216,2012-07-09,3,1,7,20,0,1,1,2,0.74,0.6818,0.55,0.1045,69,378,447
13240,2012-07-10,3,1,7,20,0,2,1,3,0.64,0.5758,0.83,0.2239,9,75,84
13264,2012-07-11,3,1,7,20,0,3,1,1,0.74,0.6667,0.51,0.1642,73,410,483
13288,2012-07-12,3,1,7,20,0,4,1,1,0.74,0.6667,0.48,0.2239,75,439,514
13312,2012-07-13,3,1,7,20,0,5,1,1,0.74,0.6667,0.48,0.1343,95,294,389
13336,2012-07-14,3,1,7,20,0,6,0,1,0.72,0.7121,0.84,0.0896,101,255,356
13360,2012-07-15,3,1,7,20,0,0,0,1,0.72,0.697,0.79,0.2537,95,199,294
13384,2012-07-16,3,1,7,20,0,1,1,1,0.8,0.7727,0.59,0.1343,66,388,454
13408,2012-07-17,3,1,7,20,0,2,1,1,0.86,0.7576,0.34,0.1642,52,375,427
13432,2012-07-18,3,1,7,20,0,3,1,1,0.74,0.6818,0.62,0.0896,56,310,366
13456,2012-07-19,3,1,7,20,0,4,1,1,0.82,0.7727,0.49,0.1642,65,440,505
13480,2012-07-20,3,1,7,20,0,5,1,3,0.64,0.5758,0.83,0.3881,35,216,251
13504,2012-07-21,3,1,7,20,0,6,0,3,0.6,0.5455,0.88,0.1642,51,163,214
13528,2012-07-22,3,1,7,20,0,0,0,1,0.7,0.6667,0.74,0.1642,124,254,378
13552,2012-07-23,3,1,7,20,0,1,1,1,0.76,0.7121,0.62,0.1642,56,347,403
13576,2012-07-24,3,1,7,20,0,2,1,1,0.74,0.697,0.66,0.1642,85,438,523
13600,2012-07-25,3,1,7,20,0,3,1,1,0.74,0.6515,0.4,0.1642,106,461,567
13624,2012-07-26,3,1,7,20,0,4,1,1,0.86,0.8182,0.5,0.2537,47,399,446
13648,2012-07-27,3,1,7,20,0,5,1,1,0.78,0.7424,0.59,0.1045,85,269,354
13672,2012-07-28,3,1,7,20,0,6,0,1,0.66,0.6061,0.83,0.2239,79,154,233
13696,2012-07-29,3,1,7,20,0,0,0,1,0.74,0.697,0.66,0.1045,75,228,303
13720,2012-07-30,3,1,7,20,0,1,1,1,0.72,0.6818,0.7,0.2239,78,384,462
13744,2012-07-31,3,1,7,20,0,2,1,3,0.7,0.6515,0.7,0.194,55,397,452
13768,2012-08-01,3,1,8,20,0,3,1,1,0.74,0.697,0.66,0.1642,65,448,513
13792,2012-08-02,3,1,8,20,0,4,1,1,0.78,0.7576,0.66,0,51,376,427
13816,2012-08-03,3,1,8,20,0,5,1,2,0.78,0.7576,0.66,0.2239,89,300,389
13840,2012-08-04,3,1,8,20,0,6,0,1,0.82,0.7727,0.52,0.2985,117,195,312
13864,2012-08-05,3,1,8,20,0,0,0,1,0.7,0.6667,0.84,0.1045,53,140,193
13888,2012-08-06,3,1,8,20,0,1,1,1,0.76,0.7273,0.66,0.1642,89,368,457
13912,2012-08-07,3,1,8,20,0,2,1,2,0.74,0.697,0.7,0.1343,74,374,448
13936,2012-08-08,3,1,8,20,0,3,1,1,0.74,0.697,0.66,0.194,76,424,500
13960,2012-08-09,3,1,8,20,0,4,1,1,0.7,0.6515,0.54,0.2836,91,387,478
13984,2012-08-10,3,1,8,20,0,5,1,1,0.74,0.697,0.66,0.2985,55,315,370
14008,2012-08-11,3,1,8,20,0,6,0,3,0.66,0.5909,0.89,0.4179,31,129,160
14032,2012-08-12,3,1,8,20,0,0,0,1,0.72,0.6515,0.45,0,96,204,300
14056,2012-08-13,3,1,8,20,0,1,1,1,0.74,0.6818,0.62,0.2239,58,374,432
14080,2012-08-14,3,1,8,20,0,2,1,1,0.74,0.7121,0.74,0.2239,65,371,436
14104,2012-08-15,3,1,8,20,0,3,1,1,0.7,0.6515,0.61,0.1343,72,355,427
14128,2012-08-16,3,1,8,20,0,4,1,1,0.76,0.6818,0.4,0.0896,100,414,514
14152,2012-08-17,3,1,8,20,0,5,1,2,0.72,0.2424,0.58,0.2239,97,262,359
14176,2012-08-18,3,1,8,20,0,6,0,1,0.7,0.6364,0.45,0.1045,99,242,341
14200,2012-08-19,3,1,8,20,0,0,0,2,0.64,0.6061,0.73,0.194,61,213,274
14224,2012-08-20,3,1,8,20,0,1,1,2,0.62,0.5758,0.83,0.2836,30,231,261
14248,2012-08-21,3,1,8,20,0,2,1,1,0.64,0.6061,0.73,0,62,296,358
14272,2012-08-22,3,1,8,20,0,3,1,1,0.64,0.6061,0.73,0.194,59,332,391
14296,2012-08-23,3,1,8,20,0,4,1,1,0.7,0.6515,0.61,0.1045,70,404,474
14320,2012-08-24,3,1,8,20,0,5,1,2,0.7,0.6515,0.65,0.2239,66,297,363
14344,2012-08-25,3,1,8,20,0,6,0,3,0.62,0.5758,0.83,0.2537,65,176,241
14368,2012-08-26,3,1,8,20,0,0,0,1,0.64,0.5758,0.89,0.1642,40,171,211
14392,2012-08-27,3,1,8,20,0,1,1,1,0.74,0.697,0.7,0.194,50,366,416
14416,2012-08-28,3,1,8,20,0,2,1,1,0.72,0.6667,0.48,0.1045,87,348,435
14440,2012-08-29,3,1,8,20,0,3,1,1,0.68,0.6364,0.57,0,49,378,427
14464,2012-08-30,3,1,8,20,0,4,1,1,0.74,0.6818,0.58,0.1642,68,403,471
14488,2012-08-31,3,1,8,20,0,5,1,1,0.8,0.7424,0.49,0.1343,102,254,356
14512,2012-09-01,3,1,9,20,0,6,0,3,0.76,0.7273,0.67,0.2537,67,140,207
14536,2012-09-02,3,1,9,20,0,0,0,2,0.7,0.6667,0.84,0.1642,63,41,104
14560,2012-09-03,3,1,9,20,1,1,0,1,0.72,0.6818,0.76,0.1045,78,183,261
14584,2012-09-04,3,1,9,20,0,2,1,1,0.74,0.697,0.7,0.2537,47,338,385
14608,2012-09-05,3,1,9,20,0,3,1,1,0.72,0.7121,0.84,0.1642,55,357,412
14632,2012-09-06,3,1,9,20,0,4,1,1,0.66,0.6061,0.78,0.2239,50,356,406
14656,2012-09-07,3,1,9,20,0,5,1,1,0.72,0.6818,0.66,0.2239,51,340,391
14680,2012-09-08,3,1,9,20,0,6,0,2,0.58,0.5455,0.88,0.0896,28,166,194
14704,2012-09-09,3,1,9,20,0,0,0,1,0.62,0.6212,0.41,0.2836,91,265,356
14728,2012-09-10,3,1,9,20,0,1,1,1,0.6,0.6212,0.4,0.194,34,356,390
14752,2012-09-11,3,1,9,20,0,2,1,1,0.58,0.5455,0.56,0.1343,40,421,461
14776,2012-09-12,3,1,9,20,0,3,1,1,0.62,0.6212,0.57,0.1343,38,432,470
14800,2012-09-13,3,1,9,20,0,4,1,1,0.62,0.6061,0.69,0.1045,55,408,463
14824,2012-09-14,3,1,9,20,0,5,1,1,0.66,0.6212,0.61,0.1045,67,337,404
14848,2012-09-15,3,1,9,20,0,6,0,1,0.6,0.6212,0.43,0.0896,89,241,330
14872,2012-09-16,3,1,9,20,0,0,0,1,0.6,0.6212,0.53,0.1045,57,267,324
14896,2012-09-17,3,1,9,20,0,1,1,2,0.62,0.5909,0.73,0.1343,32,308,340
14920,2012-09-18,3,1,9,20,0,2,1,2,0.6,0.5455,0.88,0.194,19,271,290
14944,2012-09-19,3,1,9,20,0,3,1,1,0.52,0.5,0.48,0.1642,31,378,409
14968,2012-09-20,3,1,9,20,0,4,1,1,0.56,0.5303,0.64,0.1343,57,360,417
14992,2012-09-21,3,1,9,20,0,5,1,1,0.62,0.6061,0.69,0.194,54,315,369
15016,2012-09-22,3,1,9,20,0,6,0,1,0.7,0.6515,0.54,0.2537,76,249,325
15040,2012-09-23,4,1,9,20,0,0,0,1,0.52,0.5,0.42,0.1642,60,192,252
15064,2012-09-24,4,1,9,20,0,1,1,1,0.52,0.5,0.52,0.1045,52,380,432
15088,2012-09-25,4,1,9,20,0,2,1,1,0.6,0.6212,0.56,0.2985,37,388,425
15112,2012-09-26,4,1,9,20,0,3,1,1,0.66,0.6212,0.69,0.194,45,389,434
15136,2012-09-27,4,1,9,20,0,4,1,2,0.64,0.6061,0.69,0.2239,45,412,457
15160,2012-09-28,4,1,9,20,0,5,1,3,0.6,0.6212,0.53,0.1642,32,304,336
15184,2012-09-29,4,1,9,20,0,6,0,1,0.52,0.5,0.55,0.194,88,227,315
15208,2012-09-30,4,1,9,20,0,0,0,3,0.5,0.4848,0.72,0.1343,31,163,194
15232,2012-10-01,4,1,10,20,0,1,1,3,0.54,0.5152,0.68,0,11,251,262
15256,2012-10-02,4,1,10,20,0,2,1,3,0.62,0.5455,0.94,0.1343,20,286,306
15280,2012-10-03,4,1,10,20,0,3,1,1,0.7,0.6515,0.65,0,48,449,497
15304,2012-10-04,4,1,10,20,0,4,1,1,0.64,0.6061,0.65,0.1045,50,391,441
15328,2012-10-05,4,1,10,20,0,5,1,1,0.6,0.5758,0.78,0.1343,66,306,372
15352,2012-10-06,4,1,10,20,0,6,0,1,0.48,0.4697,0.55,0.2537,75,172,247
15376,2012-10-07,4,1,10,20,0,0,0,1,0.4,0.4091,0.82,0.1343,19,97,116
15400,2012-10-08,4,1,10,20,1,1,0,3,0.4,0.4091,0.71,0.2239,20,207,227
15424,2012-10-09,4,1,10,20,0,2,1,2,0.5,0.4848,0.72,0.1642,30,330,360
15448,2012-10-10,4,1,10,20,0,3,1,1,0.52,0.5,0.48,0.4925,21,371,392
15472,2012-10-11,4,1,10,20,0,4,1,1,0.42,0.4242,0.62,0.1642,27,388,415
15496,2012-10-12,4,1,10,20,0,5,1,1,0.42,0.4242,0.47,0.1343,28,280,308
15520,2012-10-13,4,1,10,20,0,6,0,1,0.4,0.4091,0.54,0.0896,57,198,255
15544,2012-10-14,4,1,10,20,0,0,0,1,0.54,0.5152,0.73,0.2239,48,198,246
15568,2012-10-15,4,1,10,20,0,1,1,2,0.52,0.5,0.72,0.3881,19,237,256
15592,2012-10-16,4,1,10,20,0,2,1,1,0.46,0.4545,0.55,0,35,397,432
15616,2012-10-17,4,1,10,20,0,3,1,1,0.5,0.4848,0.72,0.1343,54,360,414
15640,2012-10-18,4,1,10,20,0,4,1,2,0.56,0.5303,0.68,0.2537,39,348,387
15664,2012-10-19,4,1,10,20,0,5,1,1,0.52,0.5,0.77,0.194,13,216,229
15688,2012-10-20,4,1,10,20,0,6,0,1,0.5,0.4848,0.39,0.2239,61,198,259
15712,2012-10-21,4,1,10,20,0,0,0,1,0.48,0.4697,0.44,0.194,35,160,195
15736,2012-10-22,4,1,10,20,0,1,1,1,0.5,0.4848,0.59,0.1045,21,382,403
15760,2012-10-23,4,1,10,20,0,2,1,1,0.58,0.5455,0.64,0.1343,45,334,379
15784,2012-10-24,4,1,10,20,0,3,1,2,0.62,0.6061,0.61,0.0896,45,396,441
15808,2012-10-25,4,1,10,20,0,4,1,2,0.52,0.5,0.88,0.1343,28,319,347
15832,2012-10-26,4,1,10,20,0,5,1,2,0.54,0.5152,0.83,0.1642,40,271,311
15856,2012-10-27,4,1,10,20,0,6,0,2,0.52,0.5,0.72,0.2239,58,238,296
15880,2012-10-28,4,1,10,20,0,0,0,3,0.42,0.4242,0.94,0.4627,4,51,55
15892,2012-10-30,4,1,10,20,0,2,1,2,0.3,0.2879,0.81,0.194,5,76,81
15916,2012-10-31,4,1,10,20,0,3,1,2,0.4,0.4091,0.5,0.194,9,259,268
15940,2012-11-01,4,1,11,20,0,4,1,2,0.38,0.3939,0.54,0.2537,16,280,296
15964,2012-11-02,4,1,11,20,0,5,1,2,0.36,0.3333,0.46,0.4179,14,207,221
15988,2012-11-03,4,1,11,20,0,6,0,1,0.34,0.3333,0.53,0.1343,23,158,181
16012,2012-11-04,4,1,11,20,0,0,0,1,0.32,0.2879,0.53,0.3582,7,134,141
16036,2012-11-05,4,1,11,20,0,1,1,1,0.32,0.303,0.49,0.2537,13,228,241
16060,2012-11-06,4,1,11,20,0,2,1,1,0.3,0.2879,0.61,0.2239,10,218,228
16084,2012-11-07,4,1,11,20,0,3,1,2,0.32,0.303,0.49,0.3284,7,249,256
16107,2012-11-08,4,1,11,20,0,4,1,1,0.38,0.3939,0.29,0.4627,10,235,245
16131,2012-11-09,4,1,11,20,0,5,1,1,0.36,0.3485,0.66,0.1343,20,235,255
16155,2012-11-10,4,1,11,20,0,6,0,1,0.44,0.4394,0.54,0,39,153,192
16179,2012-11-11,4,1,11,20,0,0,0,1,0.44,0.4394,0.62,0.1642,54,146,200
16203,2012-11-12,4,1,11,20,1,1,0,2,0.52,0.5,0.77,0.2836,31,273,304
16227,2012-11-13,4,1,11,20,0,2,1,1,0.3,0.2727,0.49,0.3582,12,211,223
16251,2012-11-14,4,1,11,20,0,3,1,1,0.3,0.3182,0.52,0.0896,15,252,267
16275,2012-11-15,4,1,11,20,0,4,1,1,0.34,0.3485,0.61,0.1045,23,262,285
16299,2012-11-16,4,1,11,20,0,5,1,1,0.36,0.3333,0.46,0.2537,20,207,227
16323,2012-11-17,4,1,11,20,0,6,0,2,0.34,0.3485,0.66,0.0896,30,142,172
16347,2012-11-18,4,1,11,20,0,0,0,1,0.36,0.3485,0.66,0.1642,9,120,129
16371,2012-11-19,4,1,11,20,0,1,1,2,0.38,0.3939,0.62,0.2537,7,252,259
16395,2012-11-20,4,1,11,20,0,2,1,2,0.38,0.3939,0.76,0,11,224,235
16419,2012-11-21,4,1,11,20,0,3,1,1,0.34,0.3485,0.61,0.1045,11,125,136
16443,2012-11-22,4,1,11,20,1,4,0,1,0.34,0.3636,0.71,0,15,37,52
16467,2012-11-23,4,1,11,20,0,5,1,1,0.46,0.4545,0.41,0.0896,42,100,142
16491,2012-11-24,4,1,11,20,0,6,0,1,0.24,0.2121,0.44,0.2836,3,55,58
16515,2012-11-25,4,1,11,20,0,0,0,1,0.24,0.2879,0.6,0,9,110,119
16539,2012-11-26,4,1,11,20,0,1,1,1,0.34,0.3636,0.49,0,12,265,277
16563,2012-11-27,4,1,11,20,0,2,1,1,0.26,0.2273,0.75,0.3284,4,228,232
16587,2012-11-28,4,1,11,20,0,3,1,1,0.32,0.3333,0.36,0.1343,5,258,263
16610,2012-11-29,4,1,11,20,0,4,1,1,0.3,0.303,0.52,0.1642,11,241,252
16634,2012-11-30,4,1,11,20,0,5,1,1,0.32,0.3485,0.66,0,12,233,245
16658,2012-12-01,4,1,12,20,0,6,0,1,0.32,0.3485,0.81,0,28,170,198
16682,2012-12-02,4,1,12,20,0,0,0,2,0.42,0.4242,0.82,0.194,12,142,154
16706,2012-12-03,4,1,12,20,0,1,1,2,0.46,0.4545,0.77,0,16,284,300
16730,2012-12-04,4,1,12,20,0,2,1,2,0.5,0.4848,0.63,0.2239,34,272,306
16754,2012-12-05,4,1,12,20,0,3,1,1,0.34,0.303,0.46,0.3881,19,274,293
16778,2012-12-06,4,1,12,20,0,4,1,2,0.24,0.2576,0.6,0.1045,5,222,227
16802,2012-12-07,4,1,12,20,0,5,1,3,0.38,0.3939,0.76,0.1045,12,229,241
16826,2012-12-08,4,1,12,20,0,6,0,2,0.36,0.3788,1,0,20,162,182
16850,2012-12-09,4,1,12,20,0,0,0,3,0.36,0.3636,1,0.0896,6,102,108
16874,2012-12-10,4,1,12,20,0,1,1,1,0.46,0.4545,0.88,0.2537,13,287,300
16898,2012-12-11,4,1,12,20,0,2,1,1,0.32,0.303,0.53,0.2239,9,248,257
16922,2012-12-12,4,1,12,20,0,3,1,1,0.3,0.2879,0.52,0.2836,25,243,268
16946,2012-12-13,4,1,12,20,0,4,1,1,0.3,0.3333,0.45,0,6,235,241
16970,2012-12-14,4,1,12,20,0,5,1,1,0.32,0.3333,0.61,0.1343,12,209,221
16994,2012-12-15,4,1,12,20,0,6,0,2,0.36,0.3485,0.57,0.194,23,178,201
17018,2012-12-16,4,1,12,20,0,0,0,2,0.38,0.3939,0.82,0,14,108,122
17042,2012-12-17,4,1,12,20,0,1,1,2,0.42,0.4242,0.94,0.2537,8,192,200
17066,2012-12-18,4,1,12,20,0,2,1,1,0.36,0.3333,0.5,0.2537,4,264,268
17090,2012-12-19,4,1,12,20,0,3,1,1,0.36,0.3485,0.57,0.2239,10,231,241
17114,2012-12-20,4,1,12,20,0,4,1,3,0.34,0.3333,0.76,0.1642,1,49,50
17138,2012-12-21,1,1,12,20,0,5,1,1,0.28,0.2727,0.41,0.2537,8,104,112
17162,2012-12-22,1,1,12,20,0,6,0,1,0.24,0.2424,0.48,0.1642,6,55,61
17186,2012-12-23,1,1,12,20,0,0,0,1,0.26,0.303,0.65,0,0,52,52
17209,2012-12-24,1,1,12,20,0,1,1,3,0.24,0.2424,0.93,0.1343,6,17,23
17232,2012-12-25,1,1,12,20,1,2,0,2,0.32,0.303,0.66,0.2836,11,29,40
17256,2012-12-26,1,1,12,20,0,3,1,3,0.32,0.303,0.93,0.2537,0,32,32
17280,2012-12-27,1,1,12,20,0,4,1,1,0.24,0.2424,0.6,0.1642,12,79,91
17304,2012-12-28,1,1,12,20,0,5,1,2,0.24,0.2576,0.65,0.1045,14,83,97
17328,2012-12-29,1,1,12,20,0,6,0,2,0.3,0.2424,0.56,0.5522,2,64,66
17352,2012-12-30,1,1,12,20,0,0,0,1,0.22,0.197,0.47,0.3284,9,63,72
17376,2012-12-31,1,1,12,20,0,1,1,2,0.26,0.2576,0.6,0.1642,8,81,89
