22,2011-01-01,1,0,1,21,0,6,0,2,0.4,0.4091,0.87,0.194,3,31,34
45,2011-01-02,1,0,1,21,0,0,0,1,0.26,0.2273,0.44,0.3284,11,20,31
67,2011-01-03,1,0,1,21,0,1,1,1,0.18,0.197,0.64,0.1343,3,49,52
90,2011-01-04,1,0,1,21,0,2,1,1,0.22,0.2727,0.64,0,0,48,48
113,2011-01-05,1,0,1,21,0,3,1,1,0.2,0.197,0.51,0.194,3,40,43
136,2011-01-06,1,0,1,21,0,4,1,2,0.22,0.2121,0.55,0.2239,0,48,48
159,2011-01-07,1,0,1,21,0,5,1,1,0.18,0.197,0.47,0.1343,0,39,39
183,2011-01-08,1,0,1,21,0,6,0,1,0.12,0.1061,0.39,0.3582,2,35,37
207,2011-01-09,1,0,1,21,0,0,0,1,0.14,0.1061,0.46,0.4179,1,19,20
231,2011-01-10,1,0,1,21,0,1,1,1,0.14,0.1364,0.59,0.194,1,37,38
253,2011-01-11,1,0,1,21,0,2,1,3,0.16,0.197,0.86,0.0896,0,20,20
275,2011-01-12,1,0,1,21,0,3,1,1,0.16,0.1364,0.55,0.3284,0,57,57
299,2011-01-13,1,0,1,21,0,4,1,1,0.14,0.1212,0.46,0.2985,0,40,40
322,2011-01-14,1,0,1,21,0,5,1,1,0.16,0.2273,0.69,0,4,48,52
346,2011-01-15,1,0,1,21,0,6,0,2,0.32,0.303,0.39,0.2239,6,51,57
370,2011-01-16,1,0,1,21,0,0,0,1,0.18,0.197,0.51,0.1642,6,22,28
394,2011-01-17,1,0,1,21,1,1,0,3,0.16,0.1515,0.8,0.194,3,24,27
406,2011-01-18,1,0,1,21,0,2,1,2,0.22,0.2424,0.93,0.1045,0,41,41
429,2011-01-19,1,0,1,21,0,3,1,1,0.32,0.2879,0.49,0.4179,4,55,59
453,2011-01-20,1,0,1,21,0,4,1,2,0.24,0.2273,0.6,0.2537,3,54,57
477,2011-01-21,1,0,1,21,0,5,1,1,0.08,0.0758,0.38,0.2836,0,41,41
500,2011-01-22,1,0,1,21,0,6,0,1,0.06,0.1061,0.41,0.0896,0,39,39
523,2011-01-23,1,0,1,21,0,0,0,1,0.1,0.1061,0.36,0.194,5,20,25
546,2011-01-24,1,0,1,21,0,1,1,1,0.14,0.1515,0.63,0.1642,6,53,59
569,2011-01-25,1,0,1,21,0,2,1,1,0.24,0.2273,0.65,0.194,5,40,45
593,2011-01-27,1,0,1,21,0,4,1,1,0.18,0.2121,0.74,0.0896,2,36,38
616,2011-01-28,1,0,1,21,0,5,1,2,0.22,0.2273,0.75,0.1343,1,57,58
639,2011-01-29,1,0,1,21,0,6,0,1,0.18,0.2121,0.74,0.0896,1,35,36
662,2011-01-30,1,0,1,21,0,0,0,2,0.24,0.2424,0.7,0.1642,3,25,28
686,2011-01-31,1,0,1,21,0,1,1,3,0.16,0.197,0.59,0.0896,3,53,56
709,2011-02-01,1,0,2,21,0,2,1,2,0.22,0.2273,0.87,0.1343,0,64,64
733,2011-02-02,1,0,2,21,0,3,1,1,0.22,0.197,0.47,0.3284,1,62,63
756,2011-02-03,1,0,2,21,0,4,1,1,0.18,0.2121,0.55,0.1045,1,53,54
779,2011-02-04,1,0,2,21,0,5,1,2,0.24,0.2424,0.7,0.1642,2,41,43
803,2011-02-05,1,0,2,21,0,6,0,1,0.26,0.2576,1,0.194,3,53,56
827,2011-02-06,1,0,2,21,0,0,0,1,0.26,0.303,0.6,0,5,22,27
851,2011-02-07,1,0,2,21,0,1,1,1,0.32,0.3485,0.7,0,3,75,78
875,2011-02-08,1,0,2,21,0,2,1,1,0.14,0.1061,0.33,0.4627,8,46,54
898,2011-02-09,1,0,2,21,0,3,1,2,0.14,0.1515,0.86,0.1642,0,83,83
921,2011-02-10,1,0,2,21,0,4,1,1,0.14,0.2121,0.39,0,2,70,72
943,2011-02-11,1,0,2,21,0,5,1,1,0.2,0.2121,0.59,0.1343,1,46,47
967,2011-02-12,1,0,2,21,0,6,0,1,0.26,0.303,0.41,0,9,42,51
990,2011-02-13,1,0,2,21,0,0,0,1,0.4,0.4091,0.35,0.3582,6,45,51
1014,2011-02-14,1,0,2,21,0,1,1,1,0.36,0.3182,0.5,0.5224,8,35,43
1037,2011-02-15,1,0,2,21,0,2,1,1,0.24,0.2879,0.52,0,5,61,66
1060,2011-02-16,1,0,2,21,0,3,1,1,0.36,0.3485,0.46,0.194,5,87,92
1084,2011-02-17,1,0,2,21,0,4,1,1,0.52,0.5,0.55,0.3881,5,119,124
1108,2011-02-18,1,0,2,21,0,5,1,1,0.58,0.5455,0.21,0.4925,11,61,72
1132,2011-02-19,1,0,2,21,0,6,0,1,0.32,0.2727,0.26,0.5522,4,29,33
1155,2011-02-20,1,0,2,21,0,0,0,2,0.32,0.3485,0.53,0,17,39,56
1179,2011-02-21,1,0,2,21,1,1,0,3,0.22,0.197,0.75,0.4478,1,33,34
1197,2011-02-22,1,0,2,21,0,2,1,1,0.2,0.197,0.47,0.2537,2,80,82
1220,2011-02-23,1,0,2,21,0,3,1,1,0.24,0.2879,0.48,0,2,89,91
1243,2011-02-24,1,0,2,21,0,4,1,2,0.34,0.303,0.87,0.3284,7,76,83
1266,2011-02-25,1,0,2,21,0,5,1,1,0.28,0.2576,0.48,0.3881,7,56,63
1290,2011-02-26,1,0,2,21,0,6,0,1,0.28,0.2727,0.65,0.2537,9,59,68
1313,2011-02-27,1,0,2,21,0,0,0,1,0.38,0.3939,0.62,0.1642,8,61,69
1335,2011-02-28,1,0,2,21,0,1,1,2,0.38,0.3939,0.87,0.3881,2,78,80
1359,2011-03-01,1,0,3,21,0,2,1,1,0.26,0.303,0.56,0,8,55,63
1383,2011-03-02,1,0,3,21,0,3,1,1,0.34,0.2879,0.29,0.4627,3,68,71
1407,2011-03-03,1,0,3,21,0,4,1,1,0.18,0.2121,0.4,0.1045,3,48,51
1431,2011-03-04,1,0,3,21,0,5,1,2,0.3,0.2879,0.7,0.2239,6,64,70
1455,2011-03-05,1,0,3,21,0,6,0,2,0.44,0.4394,0.72,0.3284,12,60,72
1478,2011-03-06,1,0,3,21,0,0,0,3,0.24,0.1818,0.93,0.6119,1,6,7
1501,2011-03-07,1,0,3,21,0,1,1,1,0.28,0.2727,0.38,0.2239,1,53,54
1525,2011-03-08,1,0,3,21,0,2,1,1,0.3,0.2879,0.49,0.194,7,68,75
1549,2011-03-09,1,0,3,21,0,3,1,2,0.32,0.303,0.93,0.3284,10,52,62
1571,2011-03-10,1,0,3,21,0,4,1,3,0.36,0.3485,0,0.2239,1,27,28
1594,2011-03-11,1,0,3,21,0,5,1,2,0.3,0.2879,0.52,0.2537,10,43,53
1618,2011-03-12,1,0,3,21,0,6,0,1,0.38,0.3939,0.62,0,36,46,82
1641,2011-03-13,1,0,3,21,0,0,0,1,0.3,0.2879,0.56,0.2537,9,49,58
1664,2011-03-14,1,0,3,21,0,1,1,1,0.34,0.3333,0.46,0.1343,5,58,63
1687,2011-03-15,1,0,3,21,0,2,1,3,0.32,0.3333,0.81,0.1045,2,53,55
1710,2011-03-16,1,0,3,21,0,3,1,2,0.42,0.4242,0.58,0.2836,3,75,78
1734,2011-03-17,1,0,3,21,0,4,1,1,0.42,0.4242,0.62,0.2239,19,119,138
1757,2011-03-18,1,0,3,21,0,5,1,1,0.62,0.6212,0.46,0.1045,22,91,113
1781,2011-03-19,1,0,3,21,0,6,0,1,0.4,0.4091,0.37,0.2985,20,73,93
1805,2011-03-20,1,0,3,21,0,0,0,2,0.34,0.3182,0.53,0.2836,10,39,49
1828,2011-03-21,2,0,3,21,0,1,1,1,0.46,0.4545,0.94,0.194,12,79,91
1852,2011-03-22,2,0,3,21,0,2,1,2,0.42,0.4242,0.54,0.2836,24,63,87
1875,2011-03-23,2,0,3,21,0,3,1,3,0.32,0.2879,1,0.4179,0,22,22
1899,2011-03-24,2,0,3,21,0,4,1,1,0.26,0.2576,0.65,0.2239,11,67,78
1923,2011-03-25,2,0,3,21,0,5,1,2,0.3,0.303,0.39,0.1642,11,64,75
1947,2011-03-26,2,0,3,21,0,6,0,2,0.26,0.2576,0.44,0.194,15,36,51
1970,2011-03-27,2,0,3,21,0,0,0,1,0.26,0.2576,0.41,0.1642,7,29,36
1993,2011-03-28,2,0,3,21,0,1,1,1,0.32,0.3333,0.21,0.1343,6,55,61
2017,2011-03-29,2,0,3,21,0,2,1,1,0.34,0.3636,0.42,0,8,75,83
2041,2011-03-30,2,0,3,21,0,3,1,2,0.24,0.2273,0.93,0.2537,0,27,27
2065,2011-03-31,2,0,3,21,0,4,1,2,0.28,0.2727,0.93,0.1642,7,53,60
2089,2011-04-01,2,0,4,21,0,5,1,1,0.32,0.3333,0.53,0.1343,9,84,93
2113,2011-04-02,2,0,4,21,0,6,0,1,0.32,0.303,0.61,0.2537,24,53,77
2137,2011-04-03,2,0,4,21,0,0,0,2,0.42,0.4242,0.44,0.2239,8,37,45
2161,2011-04-04,2,0,4,21,0,1,1,2,0.7,0.6364,0.3,0.4478,19,76,95
2185,2011-04-05,2,0,4,21,0,2,1,1,0.34,0.2879,0.46,0.5224,8,81,89
2209,2011-04-06,2,0,4,21,0,3,1,1,0.46,0.4545,0.41,0.2836,18,84,102
2233,2011-04-07,2,0,4,21,0,4,1,2,0.44,0.4394,0.67,0.2836,19,89,108
2257,2011-04-08,2,0,4,21,0,5,1,2,0.3,0.2879,0.93,0.2537,11,43,54
2281,2011-04-09,2,0,4,21,0,6,0,2,0.36,0.3485,0.93,0.1343,10,65,75
2305,2011-04-10,2,0,4,21,0,0,0,1,0.44,0.4394,0.88,0.194,18,77,95
2328,2011-04-11,2,0,4,21,0,1,1,1,0.66,0.6212,0.61,0.2537,39,119,158
2352,2011-04-12,2,0,4,21,0,2,1,2,0.42,0.4242,0.82,0.194,10,74,84
2376,2011-04-13,2,0,4,21,0,3,1,1,0.42,0.4242,0.67,0.1642,17,100,117
2400,2011-04-14,2,0,4,21,0,4,1,1,0.46,0.4545,0.63,0.1343,19,126,145
2424,2011-04-15,2,0,4,21,1,5,0,2,0.4,0.4091,0.76,0.2985,25,77,102
2448,2011-04-16,2,0,4,21,0,6,0,2,0.44,0.4394,0.94,0,1,13,14
2472,2011-04-17,2,0,4,21,0,0,0,1,0.5,0.4848,0.42,0.194,13,70,83
2496,2011-04-18,2,0,4,21,0,1,1,1,0.56,0.5303,0.37,0.2836,20,131,151
2520,2011-04-19,2,0,4,21,0,2,1,2,0.5,0.4848,0.72,0.1343,8,114,122
2544,2011-04-20,2,0,4,21,0,3,1,1,0.66,0.6212,0.36,0.2836,38,134,172
2568,2011-04-21,2,0,4,21,0,4,1,1,0.42,0.4242,0.47,0.194,25,159,184
2592,2011-04-22,2,0,4,21,0,5,1,3,0.3,0.303,0.93,0.1642,5,23,28
2616,2011-04-23,2,0,4,21,0,6,0,2,0.56,0.5303,0.83,0.2836,32,103,135
2640,2011-04-24,2,0,4,21,0,0,0,3,0.54,0.5152,0.94,0.1642,8,53,61
2664,2011-04-25,2,0,4,21,0,1,1,1,0.62,0.6061,0.69,0.2537,41,149,190
2688,2011-04-26,2,0,4,21,0,2,1,1,0.62,0.5909,0.78,0.2836,33,162,195
2712,2011-04-27,2,0,4,21,0,3,1,1,0.62,0.5606,0.88,0.2836,19,126,145
2736,2011-04-28,2,0,4,21,0,4,1,1,0.56,0.5303,0.46,0.1343,27,167,194
2760,2011-04-29,2,0,4,21,0,5,1,1,0.46,0.4545,0.51,0.194,50,145,195
2784,2011-04-30,2,0,4,21,0,6,0,1,0.44,0.4394,0.62,0.1343,58,119,177
2808,2011-05-01,2,0,5,21,0,0,0,2,0.46,0.4545,0.82,0,23,82,105
2832,2011-05-02,2,0,5,21,0,1,1,2,0.6,0.5909,0.73,0.1045,54,178,232
2856,2011-05-03,2,0,5,21,0,2,1,2,0.64,0.6212,0.61,0.4478,42,183,225
2880,2011-05-04,2,0,5,21,0,3,1,1,0.4,0.4091,0.62,0.1642,17,133,150
2904,2011-05-05,2,0,5,21,0,4,1,1,0.5,0.4848,0.36,0.194,39,141,180
2928,2011-05-06,2,0,5,21,0,5,1,1,0.48,0.4697,0.67,0.1343,22,130,152
2952,2011-05-07,2,0,5,21,0,6,0,1,0.54,0.5152,0.49,0.2239,58,124,182
2976,2011-05-08,2,0,5,21,0,0,0,1,0.52,0.5,0.77,0.0896,32,95,127
3000,2011-05-09,2,0,5,21,0,1,1,1,0.52,0.5,0.59,0.1343,28,128,156
3024,2011-05-10,2,0,5,21,0,2,1,1,0.54,0.5152,0.52,0,30,173,203
3048,2011-05-11,2,0,5,21,0,3,1,1,0.54,0.5152,0.6,0,32,202,234
3072,2011-05-12,2,0,5,21,0,4,1,1,0.56,0.5303,0.83,0.1343,31,192,223
3096,2011-05-13,2,0,5,21,0,5,1,2,0.52,0.5,0.84,0.1642,24,130,154
3120,2011-05-14,2,0,5,21,0,6,0,3,0.54,0.5152,0.94,0.2239,15,44,59
3144,2011-05-15,2,0,5,21,0,0,0,1,0.54,0.5152,0.88,0,44,107,151
3168,2011-05-16,2,0,5,21,0,1,1,1,0.58,0.5455,0.83,0,28,149,177
3192,2011-05-17,2,0,5,21,0,2,1,1,0.54,0.5152,0.88,0.2537,23,151,174
3216,2011-05-18,2,0,5,21,0,3,1,1,0.52,0.5,0.88,0,11,74,85
3240,2011-05-19,2,0,5,21,0,4,1,1,0.54,0.5152,0.77,0.2836,29,180,209
3264,2011-05-20,2,0,5,21,0,5,1,1,0.56,0.5303,0.64,0.1045,40,155,195
3288,2011-05-21,2,0,5,21,0,6,0,1,0.62,0.6061,0.61,0.1045,77,150,227
3312,2011-05-22,2,0,5,21,0,0,0,1,0.62,0.5909,0.73,0.194,27,109,136
3336,2011-05-23,2,0,5,21,0,1,1,1,0.64,0.5758,0.89,0.2239,33,155,188
3360,2011-05-24,2,0,5,21,0,2,1,1,0.64,0.5909,0.78,0.0896,21,168,189
3384,2011-05-25,2,0,5,21,0,3,1,1,0.66,0.6212,0.69,0.1343,33,203,236
3408,2011-05-26,2,0,5,21,0,4,1,1,0.72,0.6818,0.62,0.0896,45,178,223
3432,2011-05-27,2,0,5,21,0,5,1,1,0.6,0.5606,0.83,0.1045,37,114,151
3456,2011-05-28,2,0,5,21,0,6,0,1,0.66,0.6212,0.74,0.2985,87,114,201
3480,2011-05-29,2,0,5,21,0,0,0,1,0.68,0.6364,0.83,0.1642,107,122,229
3504,2011-05-30,2,0,5,21,1,1,0,1,0.74,0.697,0.7,0.1343,42,107,149
3528,2011-05-31,2,0,5,21,0,2,1,1,0.76,0.7273,0.66,0.1045,45,165,210
3552,2011-06-01,2,0,6,21,0,3,1,1,0.74,0.697,0.7,0.2836,29,161,190
3576,2011-06-02,2,0,6,21,0,4,1,1,0.66,0.6212,0.31,0.194,33,215,248
3600,2011-06-03,2,0,6,21,0,5,1,1,0.64,0.6212,0.29,0.1045,51,196,247
3624,2011-06-04,2,0,6,21,0,6,0,2,0.66,0.6212,0.47,0.1045,46,139,185
3648,2011-06-05,2,0,6,21,0,0,0,1,0.64,0.6061,0.73,0.1642,54,111,165
3672,2011-06-06,2,0,6,21,0,1,1,1,0.66,0.6212,0.57,0.0896,29,160,189
3696,2011-06-07,2,0,6,21,0,2,1,1,0.72,0.6818,0.7,0.1343,31,187,218
3720,2011-06-08,2,0,6,21,0,3,1,1,0.8,0.803,0.66,0.1343,34,168,202
3744,2011-06-09,2,0,6,21,0,4,1,3,0.76,0.697,0.52,0,29,142,171
3768,2011-06-10,2,0,6,21,0,5,1,1,0.76,0.7273,0.66,0.1343,55,163,218
3792,2011-06-11,2,0,6,21,0,6,0,1,0.66,0.6212,0.74,0.2239,76,144,220
3816,2011-06-12,2,0,6,21,0,0,0,1,0.66,0.6061,0.83,0.1045,39,101,140
3840,2011-06-13,2,0,6,21,0,1,1,1,0.64,0.6212,0.41,0.2537,40,178,218
3864,2011-06-14,2,0,6,21,0,2,1,1,0.6,0.6212,0.56,0.2985,37,206,243
3888,2011-06-15,2,0,6,21,0,3,1,1,0.64,0.6212,0.47,0.2239,48,209,257
3912,2011-06-16,2,0,6,21,0,4,1,3,0.62,0.5758,0.83,0.2537,34,154,188
3936,2011-06-17,2,0,6,21,0,5,1,1,0.64,0.5909,0.78,0.0896,49,159,208
3960,2011-06-18,2,0,6,21,0,6,0,2,0.72,0.6818,0.66,0.1045,58,125,183
3984,2011-06-19,2,0,6,21,0,0,0,1,0.68,0.6364,0.79,0.1343,57,110,167
4008,2011-06-20,2,0,6,21,0,1,1,1,0.64,0.6061,0.73,0.1642,39,167,206
4032,2011-06-21,3,0,6,21,0,2,1,1,0.72,0.697,0.74,0.194,38,191,229
4056,2011-06-22,3,0,6,21,0,3,1,1,0.74,0.7121,0.79,0.1642,31,216,247
4080,2011-06-23,3,0,6,21,0,4,1,1,0.7,0.6667,0.74,0.194,46,188,234
4104,2011-06-24,3,0,6,21,0,5,1,1,0.7,0.6515,0.48,0.1343,50,183,233
4128,2011-06-25,3,0,6,21,0,6,0,1,0.68,0.6364,0.51,0.1642,62,140,202
4152,2011-06-26,3,0,6,21,0,0,0,2,0.7,0.6515,0.54,0.1045,48,135,183
4176,2011-06-27,3,0,6,21,0,1,1,1,0.7,0.6515,0.65,0,52,190,242
4200,2011-06-28,3,0,6,21,0,2,1,1,0.74,0.697,0.66,0.2836,31,164,195
4224,2011-06-29,3,0,6,21,0,3,1,1,0.72,0.6515,0.39,0.2239,26,195,221
4248,2011-06-30,3,0,6,21,0,4,1,1,0.72,0.6515,0.37,0.1045,81,242,323
4272,2011-07-01,3,0,7,21,0,5,1,1,0.7,0.6364,0.45,0.194,69,149,218
4296,2011-07-02,3,0,7,21,0,6,0,1,0.74,0.6667,0.48,0.194,95,137,232
4320,2011-07-03,3,0,7,21,0,0,0,2,0.66,0.6061,0.83,0.1642,75,92,167
4344,2011-07-04,3,0,7,21,1,1,0,2,0.74,0.6818,0.62,0.1045,195,262,457
4368,2011-07-05,3,0,7,21,0,2,1,1,0.78,0.7424,0.62,0.2537,77,168,245
4392,2011-07-06,3,0,7,21,0,3,1,1,0.7,0.6667,0.79,0.194,66,175,241
4416,2011-07-07,3,0,7,21,0,4,1,1,0.74,0.6818,0.62,0.1642,39,170,209
4440,2011-07-08,3,0,7,21,0,5,1,2,0.66,0.6061,0.83,0.2537,46,158,204
4464,2011-07-09,3,0,7,21,0,6,0,1,0.74,0.6818,0.58,0.1642,83,155,238
4488,2011-07-10,3,0,7,21,0,0,0,1,0.74,0.6818,0.62,0.2537,65,162,227
4512,2011-07-11,3,0,7,21,0,1,1,1,0.7,0.6667,0.79,0.4179,21,109,130
4536,2011-07-12,3,0,7,21,0,2,1,1,0.82,0.7424,0.43,0.1045,49,209,258
4560,2011-07-13,3,0,7,21,0,3,1,1,0.7,0.6667,0.79,0.1045,56,194,250
4584,2011-07-14,3,0,7,21,0,4,1,1,0.66,0.6212,0.5,0.1343,58,203,261
4608,2011-07-15,3,0,7,21,0,5,1,1,0.66,0.6212,0.54,0.1045,75,186,261
4632,2011-07-16,3,0,7,21,0,6,0,1,0.7,0.6515,0.58,0.2239,85,167,252
4656,2011-07-17,3,0,7,21,0,0,0,1,0.74,0.6818,0.62,0.2239,59,148,207
4680,2011-07-18,3,0,7,21,0,1,1,1,0.74,0.697,0.66,0.194,48,154,202
4704,2011-07-19,3,0,7,21,0,2,1,1,0.74,0.7121,0.74,0.1343,47,194,241
4728,2011-07-20,3,0,7,21,0,3,1,1,0.8,0.803,0.66,0.1642,33,209,242
4752,2011-07-21,3,0,7,21,0,4,1,1,0.82,0.8939,0.75,0.2239,38,187,225
4776,2011-07-22,3,0,7,21,0,5,1,1,0.82,0.803,0.59,0.0896,38,152,190
4800,2011-07-23,3,0,7,21,0,6,0,1,0.82,0.803,0.59,0.2239,39,115,154
4824,2011-07-24,3,0,7,21,0,0,0,1,0.8,0.7879,0.63,0.1343,42,111,153
4848,2011-07-25,3,0,7,21,0,1,1,1,0.7,0.6667,0.84,0,41,153,194
4872,2011-07-26,3,0,7,21,0,2,1,1,0.78,0.7121,0.49,0.2239,45,222,267
4896,2011-07-27,3,0,7,21,0,3,1,1,0.74,0.6667,0.48,0.1045,49,196,245
4920,2011-07-28,3,0,7,21,0,4,1,1,0.78,0.7576,0.66,0.2836,31,165,196
4944,2011-07-29,3,0,7,21,0,5,1,1,0.82,0.7576,0.46,0.1642,29,134,163
4968,2011-07-30,3,0,7,21,0,6,0,1,0.8,0.7424,0.49,0.1642,82,123,205
4992,2011-07-31,3,0,7,21,0,0,0,1,0.78,0.7424,0.59,0.2985,68,96,164
5016,2011-08-01,3,0,8,21,0,1,1,1,0.7,0.6515,0.7,0.2537,42,178,220
5040,2011-08-02,3,0,8,21,0,2,1,1,0.8,0.7424,0.52,0.2239,53,201,254
5064,2011-08-03,3,0,8,21,0,3,1,2,0.68,0.6364,0.89,0.1343,7,81,88
5088,2011-08-04,3,0,8,21,0,4,1,2,0.7,0.6667,0.74,0.194,25,186,211
5112,2011-08-05,3,0,8,21,0,5,1,1,0.7,0.6515,0.65,0.194,54,119,173
5136,2011-08-06,3,0,8,21,0,6,0,2,0.7,0.6667,0.84,0.3284,28,86,114
5160,2011-08-07,3,0,8,21,0,0,0,1,0.72,0.7121,0.84,0.1045,36,100,136
5184,2011-08-08,3,0,8,21,0,1,1,1,0.76,0.7121,0.58,0.0896,30,156,186
5208,2011-08-09,3,0,8,21,0,2,1,1,0.78,0.697,0.46,0.2537,46,184,230
5232,2011-08-10,3,0,8,21,0,3,1,1,0.76,0.6667,0.33,0.1045,47,162,209
5256,2011-08-11,3,0,8,21,0,4,1,1,0.7,0.6515,0.48,0.0896,35,171,206
5280,2011-08-12,3,0,8,21,0,5,1,1,0.7,0.6515,0.48,0.1343,73,153,226
5304,2011-08-13,3,0,8,21,0,6,0,2,0.68,0.6364,0.83,0.3881,40,127,167
5328,2011-08-14,3,0,8,21,0,0,0,3,0.6,0.5455,0.88,0.4925,51,104,155
5352,2011-08-15,3,0,8,21,0,1,1,1,0.66,0.6212,0.65,0.194,34,150,184
5376,2011-08-16,3,0,8,21,0,2,1,1,0.72,0.6667,0.54,0,38,177,215
5400,2011-08-17,3,0,8,21,0,3,1,1,0.72,0.6818,0.62,0.2239,38,192,230
5424,2011-08-18,3,0,8,21,0,4,1,2,0.68,0.6364,0.79,0,12,137,149
5448,2011-08-19,3,0,8,21,0,5,1,1,0.62,0.5758,0.83,0.1343,18,89,107
5472,2011-08-20,3,0,8,21,0,6,0,1,0.72,0.6818,0.7,0.2239,81,144,225
5496,2011-08-21,3,0,8,21,0,0,0,1,0.7,0.6667,0.79,0.2537,45,93,138
5520,2011-08-22,3,0,8,21,0,1,1,1,0.64,0.6212,0.38,0.194,28,180,208
5544,2011-08-23,3,0,8,21,0,2,1,1,0.62,0.6212,0.57,0,38,173,211
5568,2011-08-24,3,0,8,21,0,3,1,1,0.7,0.6515,0.61,0.3582,47,189,236
5592,2011-08-25,3,0,8,21,0,4,1,1,0.64,0.5909,0.78,0.2836,29,158,187
5616,2011-08-26,3,0,8,21,0,5,1,1,0.72,0.697,0.79,0.1642,38,152,190
5651,2011-08-28,3,0,8,21,0,0,0,1,0.66,0.6212,0.61,0.1343,60,126,186
5675,2011-08-29,3,0,8,21,0,1,1,1,0.64,0.6212,0.53,0.194,34,168,202
5699,2011-08-30,3,0,8,21,0,2,1,1,0.64,0.6061,0.65,0.0896,43,180,223
5723,2011-08-31,3,0,8,21,0,3,1,1,0.66,0.6212,0.61,0.0896,27,174,201
5747,2011-09-01,3,0,9,21,0,4,1,2,0.66,0.6212,0.57,0.194,17,160,177
5771,2011-09-02,3,0,9,21,0,5,1,2,0.64,0.6061,0.73,0.0896,28,121,149
5795,2011-09-03,3,0,9,21,0,6,0,1,0.68,0.6364,0.83,0.1343,71,93,164
5819,2011-09-04,3,0,9,21,0,0,0,1,0.72,0.697,0.74,0.2537,104,103,207
5843,2011-09-05,3,0,9,21,1,1,0,2,0.66,0.5909,0.94,0.2985,20,40,60
5866,2011-09-06,3,0,9,21,0,2,1,3,0.54,0.5152,0.88,0.2836,12,109,121
5890,2011-09-07,3,0,9,21,0,3,1,3,0.64,0.5758,0.89,0.0896,4,34,38
5913,2011-09-08,3,0,9,21,0,4,1,3,0.64,0.5606,0.94,0.1045,6,76,82
5937,2011-09-09,3,0,9,21,0,5,1,1,0.66,0.5909,0.89,0,49,154,203
5961,2011-09-10,3,0,9,21,0,6,0,1,0.64,0.5909,0.78,0.0896,59,171,230
5985,2011-09-11,3,0,9,21,0,0,0,1,0.64,0.6061,0.69,0,45,114,159
6008,2011-09-12,3,0,9,21,0,1,1,1,0.64,0.6061,0.73,0.0896,29,166,195
6032,2011-09-13,3,0,9,21,0,2,1,1,0.64,0.5909,0.78,0.1642,45,200,245
6056,2011-09-14,3,0,9,21,0,3,1,2,0.66,0.6212,0.65,0.2239,24,189,213
6080,2011-09-15,3,0,9,21,0,4,1,1,0.46,0.4545,0.63,0.3284,11,134,145
6104,2011-09-16,3,0,9,21,0,5,1,2,0.5,0.4848,0.63,0,39,124,163
6128,2011-09-17,3,0,9,21,0,6,0,2,0.5,0.4848,0.72,0.194,49,121,170
6152,2011-09-18,3,0,9,21,0,0,0,2,0.54,0.5152,0.68,0.0896,37,110,147
6176,2011-09-19,3,0,9,21,0,1,1,2,0.56,0.5303,0.68,0.1642,19,181,200
6200,2011-09-20,3,0,9,21,0,2,1,1,0.56,0.5303,0.94,0,29,177,206
6224,2011-09-21,3,0,9,21,0,3,1,2,0.6,0.5,1,0.0896,25,175,200
6248,2011-09-22,3,0,9,21,0,4,1,2,0.64,0.5758,0.89,0.0896,27,194,221
6272,2011-09-23,4,0,9,21,0,5,1,1,0.6,0.5,1,0.1642,17,121,138
6296,2011-09-24,4,0,9,21,0,6,0,1,0.62,0.5758,0.83,0.0896,66,156,222
6320,2011-09-25,4,0,9,21,0,0,0,1,0.62,0.5455,0.94,0.0896,24,113,137
6344,2011-09-26,4,0,9,21,0,1,1,1,0.64,0.5758,0.89,0.1343,18,164,182
6368,2011-09-27,4,0,9,21,0,2,1,1,0.6,0.5606,0.83,0,17,179,196
6392,2011-09-28,4,0,9,21,0,3,1,3,0.6,0.5455,0.88,0.2537,7,67,74
6416,2011-09-29,4,0,9,21,0,4,1,1,0.58,0.5455,0.56,0,30,195,225
6440,2011-09-30,4,0,9,21,0,5,1,1,0.52,0.5,0.55,0.194,27,179,206
6464,2011-10-01,4,0,10,21,0,6,0,3,0.36,0.3636,0.87,0.1045,3,53,56
6488,2011-10-02,4,0,10,21,0,0,0,1,0.36,0.3485,0.71,0.2239,17,71,88
6512,2011-10-03,4,0,10,21,0,1,1,2,0.4,0.4091,0.82,0,10,128,138
6536,2011-10-04,4,0,10,21,0,2,1,1,0.5,0.4848,0.72,0.1343,22,144,166
6560,2011-10-05,4,0,10,21,0,3,1,1,0.5,0.4848,0.82,0.1045,28,173,201
6584,2011-10-06,4,0,10,21,0,4,1,1,0.46,0.4545,0.88,0.0896,34,161,195
6608,2011-10-07,4,0,10,21,0,5,1,1,0.5,0.4848,0.68,0,22,144,166
6632,2011-10-08,4,0,10,21,0,6,0,1,0.52,0.5,0.77,0,54,133,187
6656,2011-10-09,4,0,10,21,0,0,0,1,0.54,0.5152,0.83,0.1045,53,120,173
6680,2011-10-10,4,0,10,21,1,1,0,1,0.56,0.5303,0.88,0.0896,27,148,175
6704,2011-10-11,4,0,10,21,0,2,1,2,0.58,0.5455,0.78,0.194,17,158,175
6728,2011-10-12,4,0,10,21,0,3,1,3,0.54,0.5152,1,0.1045,9,74,83
6752,2011-10-13,4,0,10,21,0,4,1,1,0.62,0.5758,0.83,0.194,8,115,123
6776,2011-10-14,4,0,10,21,0,5,1,1,0.5,0.4848,0.45,0.194,22,156,178
6800,2011-10-15,4,0,10,21,0,6,0,1,0.5,0.4848,0.42,0.2239,53,115,168
6824,2011-10-16,4,0,10,21,0,0,0,1,0.54,0.5152,0.52,0.3881,14,88,102
6848,2011-10-17,4,0,10,21,0,1,1,1,0.5,0.4848,0.77,0.1045,36,141,177
6872,2011-10-18,4,0,10,21,0,2,1,2,0.54,0.5152,0.68,0.1343,28,178,206
6895,2011-10-19,4,0,10,21,0,3,1,2,0.58,0.5455,0.94,0.1343,6,79,85
6919,2011-10-20,4,0,10,21,0,4,1,1,0.44,0.4394,0.51,0.2985,16,149,165
6943,2011-10-21,4,0,10,21,0,5,1,1,0.42,0.4242,0.58,0.1642,31,112,143
6967,2011-10-22,4,0,10,21,0,6,0,1,0.4,0.4091,0.76,0,37,120,157
6991,2011-10-23,4,0,10,21,0,0,0,1,0.44,0.4394,0.72,0.0896,24,75,99
7015,2011-10-24,4,0,10,21,0,1,1,1,0.46,0.4545,0.87,0.1045,12,114,126
7039,2011-10-25,4,0,10,21,0,2,1,1,0.44,0.4394,0.72,0.1343,32,169,201
7063,2011-10-26,4,0,10,21,0,3,1,2,0.52,0.5,0.77,0,17,140,157
7087,2011-10-27,4,0,10,21,0,4,1,1,0.4,0.4091,0.62,0.5224,13,119,132
7111,2011-10-28,4,0,10,21,0,5,1,3,0.32,0.3182,0.7,0.1642,5,69,74
7135,2011-10-29,4,0,10,21,0,6,0,1,0.24,0.2121,0.87,0.3582,1,49,50
7159,2011-10-30,4,0,10,21,0,0,0,1,0.32,0.3485,0.66,0,4,75,79
7183,2011-10-31,4,0,10,21,0,1,1,2,0.36,0.3485,0.76,0.194,7,109,116
7207,2011-11-01,4,0,11,21,0,2,1,1,0.36,0.3788,0.81,0,13,114,127
7231,2011-11-02,4,0,11,21,0,3,1,1,0.38,0.3939,0.71,0.1343,13,155,168
7255,2011-11-03,4,0,11,21,0,4,1,1,0.4,0.4091,0.76,0.1343,4,140,144
7279,2011-11-04,4,0,11,21,0,5,1,1,0.34,0.3182,0.46,0.2537,8,115,123
7303,2011-11-05,4,0,11,21,0,6,0,1,0.32,0.3485,0.66,0,19,99,118
7327,2011-11-06,4,0,11,21,0,0,0,1,0.36,0.3636,0.81,0.0896,11,77,88
7351,2011-11-07,4,0,11,21,0,1,1,1,0.38,0.3939,0.82,0.1045,10,129,139
7375,2011-11-08,4,0,11,21,0,2,1,1,0.4,0.4091,0.76,0,16,166,182
7399,2011-11-09,4,0,11,21,0,3,1,1,0.4,0.4091,0.87,0,9,152,161
7423,2011-11-10,4,0,11,21,0,4,1,1,0.36,0.3333,0.57,0.2537,6,130,136
7447,2011-11-11,4,0,11,21,1,5,0,1,0.3,0.303,0.45,0.1642,4,79,83
7471,2011-11-12,4,0,11,21,0,6,0,1,0.42,0.4242,0.47,0.2836,19,103,122
7495,2011-11-13,4,0,11,21,0,0,0,1,0.48,0.4697,0.36,0.2537,19,76,95
7519,2011-11-14,4,0,11,21,0,1,1,1,0.6,0.6212,0.53,0.3582,37,176,213
7543,2011-11-15,4,0,11,21,0,2,1,2,0.5,0.4848,0.77,0.0896,23,145,168
7567,2011-11-16,4,0,11,21,0,3,1,3,0.44,0.4394,0.88,0.2836,3,72,75
7591,2011-11-17,4,0,11,21,0,4,1,1,0.3,0.2879,0.42,0.2537,3,113,116
7615,2011-11-18,4,0,11,21,0,5,1,1,0.28,0.2727,0.48,0.1642,3,108,111
7639,2011-11-19,4,0,11,21,0,6,0,2,0.36,0.3485,0.62,0.194,29,79,108
7663,2011-11-20,4,0,11,21,0,0,0,2,0.48,0.4697,0.77,0.0896,11,94,105
7687,2011-11-21,4,0,11,21,0,1,1,3,0.4,0.4091,0.87,0.1642,11,103,114
7711,2011-11-22,4,0,11,21,0,2,1,2,0.46,0.4545,1,0.2537,4,86,90
7735,2011-11-23,4,0,11,21,0,3,1,1,0.36,0.3182,0.57,0.4627,0,66,66
7759,2011-11-24,4,0,11,21,1,4,0,1,0.36,0.3485,0.71,0.1642,7,19,26
7783,2011-11-25,4,0,11,21,0,5,1,1,0.36,0.3788,0.71,0,24,61,85
7807,2011-11-26,4,0,11,21,0,6,0,2,0.38,0.3939,0.82,0,20,72,92
7831,2011-11-27,4,0,11,21,0,0,0,1,0.48,0.4697,0.67,0.2836,13,75,88
7854,2011-11-28,4,0,11,21,0,1,1,2,0.54,0.5152,0.77,0.2239,4,152,156
7878,2011-11-29,4,0,11,21,0,2,1,2,0.38,0.3939,0.87,0.2537,9,116,125
7902,2011-11-30,4,0,11,21,0,3,1,1,0.32,0.2879,0.53,0.3881,7,128,135
7926,2011-12-01,4,0,12,21,0,4,1,1,0.3,0.3182,0.61,0.1045,8,154,162
7950,2011-12-02,4,0,12,21,0,5,1,1,0.34,0.3333,0.49,0.194,9,102,111
7974,2011-12-03,4,0,12,21,0,6,0,2,0.3,0.3182,0.61,0.0896,5,104,109
7998,2011-12-04,4,0,12,21,0,0,0,1,0.36,0.3636,0.81,0.1045,7,65,72
8022,2011-12-05,4,0,12,21,0,1,1,2,0.44,0.4394,0.88,0.0896,10,166,176
8046,2011-12-06,4,0,12,21,0,2,1,2,0.44,0.4394,1,0.194,6,108,114
8070,2011-12-07,4,0,12,21,0,3,1,3,0.3,0.2576,0.87,0.5224,0,6,6
8094,2011-12-08,4,0,12,21,0,4,1,1,0.28,0.303,0.61,0.0896,4,135,139
8118,2011-12-09,4,0,12,21,0,5,1,1,0.3,0.3333,0.75,0,9,131,140
8142,2011-12-10,4,0,12,21,0,6,0,1,0.22,0.2121,0.44,0.2239,4,79,83
8166,2011-12-11,4,0,12,21,0,0,0,1,0.22,0.2727,0.55,0,10,53,63
8190,2011-12-12,4,0,12,21,0,1,1,1,0.26,0.303,0.81,0,2,119,121
8214,2011-12-13,4,0,12,21,0,2,1,1,0.3,0.303,0.52,0.1642,5,134,139
8238,2011-12-14,4,0,12,21,0,3,1,2,0.34,0.3333,0.66,0.1642,9,145,154
8262,2011-12-15,4,0,12,21,0,4,1,1,0.5,0.4848,0.63,0.2985,10,145,155
8286,2011-12-16,4,0,12,21,0,5,1,2,0.32,0.3182,0.45,0.1642,7,95,102
8310,2011-12-17,4,0,12,21,0,6,0,1,0.2,0.2121,0.75,0.1642,8,88,96
8334,2011-12-18,4,0,12,21,0,0,0,1,0.22,0.2727,0.64,0,9,80,89
8358,2011-12-19,4,0,12,21,0,1,1,2,0.36,0.3485,0.53,0.1343,15,112,127
8382,2011-12-20,4,0,12,21,0,2,1,1,0.36,0.3636,0.66,0.0896,4,139,143
8406,2011-12-21,1,0,12,21,0,3,1,1,0.5,0.4848,0.88,0.2836,9,114,123
8430,2011-12-22,1,0,12,21,0,4,1,3,0.42,0.4242,0.71,0,2,15,17
8454,2011-12-23,1,0,12,21,0,5,1,1,0.32,0.303,0.61,0.2239,0,32,32
8478,2011-12-24,1,0,12,21,0,6,0,1,0.26,0.2576,0.56,0.1642,4,15,19
8501,2011-12-25,1,0,12,21,0,0,0,1,0.3,0.303,0.56,0.1343,4,15,19
8524,2011-12-26,1,0,12,21,1,1,0,1,0.26,0.303,0.7,0,10,39,49
8548,2011-12-27,1,0,12,21,0,2,1,1,0.32,0.3333,0.87,0.0896,11,52,63
8571,2011-12-28,1,0,12,21,0,3,1,1,0.22,0.2273,0.44,0.1343,7,63,70
8595,2011-12-29,1,0,12,21,0,4,1,2,0.28,0.2879,0.61,0.1343,8,60,68
8619,2011-12-30,1,0,12,21,0,5,1,2,0.36,0.3636,0.66,0.1045,11,84,95
8643,2011-12-31,1,0,12,21,0,6,0,1,0.4,0.4091,0.58,0.194,2,50,52
8667,2012-01-01,1,1,1,21,0,0,0,2,0.44,0.4394,0.67,0.2537,10,61,71
8690,2012-01-02,1,1,1,21,1,1,0,2,0.24,0.2121,0.41,0.3284,3,63,66
8714,2012-01-03,1,1,1,21,0,2,1,1,0.1,0.1061,0.36,0.2239,2,66,68
8738,2012-01-04,1,1,1,21,0,3,1,2,0.2,0.2576,0.44,0,2,88,90
8762,2012-01-05,1,1,1,21,0,4,1,1,0.26,0.2727,0.6,0.1343,9,88,97
8786,2012-01-06,1,1,1,21,0,5,1,1,0.4,0.4091,0.43,0.2239,17,137,154
8810,2012-01-07,1,1,1,21,0,6,0,1,0.44,0.4394,0.44,0.2239,22,118,140
8834,2012-01-08,1,1,1,21,0,0,0,1,0.28,0.2727,0.56,0.2239,10,81,91
8858,2012-01-09,1,1,1,21,0,1,1,2,0.2,0.2576,0.93,0,1,78,79
8881,2012-01-10,1,1,1,21,0,2,1,1,0.32,0.3333,0.66,0.0896,7,109,116
8905,2012-01-11,1,1,1,21,0,3,1,3,0.34,0.3182,0.87,0.2239,0,29,29
8929,2012-01-12,1,1,1,21,0,4,1,1,0.44,0.4394,0.67,0.1343,12,162,174
8953,2012-01-13,1,1,1,21,0,5,1,1,0.24,0.2121,0.41,0.2836,7,95,102
8977,2012-01-14,1,1,1,21,0,6,0,1,0.18,0.1667,0.43,0.2537,3,66,69
9001,2012-01-15,1,1,1,21,0,0,0,1,0.16,0.1667,0.4,0.1642,1,71,72
9025,2012-01-16,1,1,1,21,1,1,0,1,0.28,0.2576,0.52,0.3284,3,46,49
9048,2012-01-17,1,1,1,21,0,2,1,1,0.46,0.4545,0.67,0.4627,6,174,180
9072,2012-01-18,1,1,1,21,0,3,1,1,0.2,0.1667,0.4,0.4179,5,119,124
9096,2012-01-19,1,1,1,21,0,4,1,1,0.26,0.2273,0.44,0.3582,4,117,121
9120,2012-01-20,1,1,1,21,0,5,1,2,0.2,0.2273,0.37,0.0896,5,99,104
9144,2012-01-21,1,1,1,21,0,6,0,1,0.18,0.1515,0.74,0.3284,5,64,69
9168,2012-01-22,1,1,1,21,0,0,0,3,0.16,0.1818,0.86,0.1045,8,36,44
9192,2012-01-23,1,1,1,21,0,1,1,2,0.26,0.2424,1,0.2836,8,112,120
9216,2012-01-24,1,1,1,21,0,2,1,1,0.36,0.3788,0.71,0,18,154,172
9240,2012-01-25,1,1,1,21,0,3,1,1,0.3,0.3333,0.65,0,19,166,185
9264,2012-01-26,1,1,1,21,0,4,1,2,0.4,0.4091,0.76,0.1045,8,184,192
9288,2012-01-27,1,1,1,21,0,5,1,1,0.34,0.2879,0.53,0.5224,8,127,135
9312,2012-01-28,1,1,1,21,0,6,0,1,0.36,0.3333,0.29,0.3582,18,109,127
9336,2012-01-29,1,1,1,21,0,0,0,1,0.3,0.2879,0.33,0.2836,0,69,69
9360,2012-01-30,1,1,1,21,0,1,1,1,0.3,0.303,0.42,0.1642,3,159,162
9384,2012-01-31,1,1,1,21,0,2,1,1,0.46,0.4545,0.33,0.2985,3,162,165
9408,2012-02-01,1,1,2,21,0,3,1,1,0.52,0.5,0.52,0.1642,16,217,233
9432,2012-02-02,1,1,2,21,0,4,1,1,0.34,0.303,0.46,0.4179,4,144,148
9456,2012-02-03,1,1,2,21,0,5,1,1,0.34,0.3485,0.49,0.1045,8,126,134
9480,2012-02-04,1,1,2,21,0,6,0,3,0.24,0.2424,0.93,0.1343,4,74,78
9504,2012-02-05,1,1,2,21,0,0,0,1,0.28,0.2879,0.56,0.1045,6,60,66
9527,2012-02-06,1,1,2,21,0,1,1,1,0.32,0.3182,0.57,0.1642,11,143,154
9551,2012-02-07,1,1,2,21,0,2,1,1,0.34,0.3485,0.61,0.1045,20,170,190
9575,2012-02-08,1,1,2,21,0,3,1,3,0.24,0.2273,0.87,0.194,3,126,129
9599,2012-02-09,1,1,2,21,0,4,1,1,0.3,0.3182,0.52,0.0896,8,169,177
9623,2012-02-10,1,1,2,21,0,5,1,2,0.32,0.3333,0.66,0.0896,14,108,122
9647,2012-02-11,1,1,2,21,0,6,0,1,0.14,0.0758,0.43,0.6418,5,43,48
9671,2012-02-12,1,1,2,21,0,0,0,1,0.14,0.1212,0.43,0.2985,0,36,36
9695,2012-02-13,1,1,2,21,0,1,1,1,0.28,0.2879,0.45,0.1343,2,145,147
9719,2012-02-14,1,1,2,21,0,2,1,2,0.36,0.3636,0.5,0.1045,4,105,109
9743,2012-02-15,1,1,2,21,0,3,1,1,0.34,0.3333,0.53,0.1642,8,170,178
9767,2012-02-16,1,1,2,21,0,4,1,2,0.34,0.3485,0.81,0.1045,3,142,145
9791,2012-02-17,1,1,2,21,0,5,1,1,0.38,0.3939,0.37,0.194,15,114,129
9815,2012-02-18,1,1,2,21,0,6,0,1,0.44,0.4394,0.33,0.2985,25,89,114
9839,2012-02-19,1,1,2,21,0,0,0,3,0.26,0.2576,0.65,0.1642,3,33,36
9862,2012-02-20,1,1,2,21,1,1,0,1,0.3,0.303,0.39,0.1642,8,90,98
9885,2012-02-21,1,1,2,21,0,2,1,1,0.34,0.3333,0.61,0.1642,7,147,154
9909,2012-02-22,1,1,2,21,0,3,1,2,0.48,0.4697,0.33,0.2836,19,220,239
9933,2012-02-23,1,1,2,21,0,4,1,1,0.44,0.4394,0.51,0.2239,17,205,222
9957,2012-02-24,1,1,2,21,0,5,1,1,0.42,0.4242,0.35,0.806,1,151,152
9981,2012-02-25,1,1,2,21,0,6,0,1,0.24,0.2121,0.35,0.3284,5,80,85
10005,2012-02-26,1,1,2,21,0,0,0,1,0.3,0.303,0.45,0.1343,8,75,83
10029,2012-02-27,1,1,2,21,0,1,1,1,0.46,0.4545,0.36,0.2836,14,181,195
10053,2012-02-28,1,1,2,21,0,2,1,1,0.34,0.3485,0.46,0.1045,10,178,188
10076,2012-02-29,1,1,2,21,0,3,1,3,0.42,0.4242,0.88,0.1642,0,39,39
10100,2012-03-01,1,1,3,21,0,4,1,1,0.42,0.4242,0.47,0.4627,7,190,197
10124,2012-03-02,1,1,3,21,0,5,1,3,0.36,0.3636,0.87,0.0896,2,99,101
10148,2012-03-03,1,1,3,21,0,6,0,1,0.46,0.4545,0.19,0.3284,24,130,154
10172,2012-03-04,1,1,3,21,0,0,0,1,0.28,0.2727,0.36,0.2239,9,70,79
10196,2012-03-05,1,1,3,21,0,1,1,1,0.26,0.2273,0.37,0.3881,4,116,120
10220,2012-03-06,1,1,3,21,0,2,1,1,0.32,0.3182,0.49,0.194,5,143,148
10244,2012-03-07,1,1,3,21,0,3,1,1,0.44,0.4394,0.62,0.2537,11,177,188
10268,2012-03-08,1,1,3,21,0,4,1,1,0.6,0.6212,0.43,0.3881,27,206,233
10292,2012-03-09,1,1,3,21,0,5,1,1,0.36,0.3333,0.34,0.3284,8,133,141
10316,2012-03-10,1,1,3,21,0,6,0,1,0.3,0.2879,0.39,0.2239,16,94,110
10339,2012-03-11,1,1,3,21,0,0,0,1,0.42,0.4242,0.54,0.2239,37,110,147
10363,2012-03-12,1,1,3,21,0,1,1,2,0.54,0.5152,0.56,0.2239,22,183,205
10387,2012-03-13,1,1,3,21,0,2,1,1,0.58,0.5455,0.56,0.1045,44,200,244
10411,2012-03-14,1,1,3,21,0,3,1,1,0.6,0.6212,0.4,0.0896,47,241,288
10435,2012-03-15,1,1,3,21,0,4,1,1,0.54,0.5152,0.68,0.2836,36,207,243
10459,2012-03-16,1,1,3,21,0,5,1,2,0.44,0.4394,0.94,0,8,144,152
10483,2012-03-17,1,1,3,21,0,6,0,1,0.54,0.5152,0.68,0.1642,54,169,223
10507,2012-03-18,1,1,3,21,0,0,0,1,0.52,0.5,0.72,0.0896,44,129,173
10531,2012-03-19,1,1,3,21,0,1,1,1,0.6,0.6061,0.64,0.1642,33,190,223
10555,2012-03-20,1,1,3,21,0,2,1,1,0.56,0.5303,0.73,0,38,239,277
10579,2012-03-21,2,1,3,21,0,3,1,1,0.54,0.5152,0.83,0.1045,47,204,251
10603,2012-03-22,2,1,3,21,0,4,1,1,0.58,0.5455,0.78,0.1642,66,308,374
10627,2012-03-23,2,1,3,21,0,5,1,1,0.62,0.6212,0.53,0.1045,64,220,284
10651,2012-03-24,2,1,3,21,0,6,0,3,0.44,0.4394,1,0.194,16,88,104
10675,2012-03-25,2,1,3,21,0,0,0,1,0.48,0.4697,0.77,0.1642,25,124,149
10699,2012-03-26,2,1,3,21,0,1,1,1,0.38,0.3939,0.25,0.4925,11,175,186
10723,2012-03-27,2,1,3,21,0,2,1,1,0.36,0.3485,0.37,0.1642,21,200,221
10747,2012-03-28,2,1,3,21,0,3,1,1,0.58,0.5455,0.6,0.2537,28,233,261
10771,2012-03-29,2,1,3,21,0,4,1,1,0.44,0.4394,0.44,0.2836,10,214,224
10795,2012-03-30,2,1,3,21,0,5,1,1,0.38,0.3939,0.66,0.1343,30,190,220
10819,2012-03-31,2,1,3,21,0,6,0,2,0.4,0.4091,0.71,0.3284,36,107,143
10843,2012-04-01,2,1,4,21,0,0,0,2,0.5,0.4848,0.59,0.1642,33,101,134
10866,2012-04-02,2,1,4,21,0,1,1,1,0.46,0.4545,0.28,0.1343,24,214,238
10890,2012-04-03,2,1,4,21,0,2,1,1,0.54,0.5152,0.45,0,33,210,243
10914,2012-04-04,2,1,4,21,0,3,1,1,0.6,0.6061,0.23,0.3284,43,255,298
10938,2012-04-05,2,1,4,21,0,4,1,1,0.42,0.4242,0.47,0.194,25,209,234
10962,2012-04-06,2,1,4,21,0,5,1,1,0.44,0.4394,0.26,0.1343,54,136,190
10986,2012-04-07,2,1,4,21,0,6,0,1,0.5,0.4848,0.2,0.194,75,159,234
11010,2012-04-08,2,1,4,21,0,0,0,1,0.52,0.5,0.34,0.2239,53,77,130
11034,2012-04-09,2,1,4,21,0,1,1,3,0.48,0.4697,0.41,0.4179,14,151,165
11058,2012-04-10,2,1,4,21,0,2,1,1,0.44,0.4394,0.3,0.4478,15,191,206
11081,2012-04-11,2,1,4,21,0,3,1,1,0.34,0.303,0.57,0.3881,11,154,165
11105,2012-04-12,2,1,4,21,0,4,1,1,0.42,0.4242,0.35,0.1343,13,174,187
11129,2012-04-13,2,1,4,21,0,5,1,1,0.5,0.4848,0.36,0,36,153,189
11153,2012-04-14,2,1,4,21,0,6,0,2,0.56,0.5303,0.43,0.1343,53,167,220
11177,2012-04-15,2,1,4,21,0,0,0,1,0.62,0.6212,0.57,0.2537,76,153,229
11201,2012-04-16,2,1,4,21,1,1,0,1,0.68,0.6364,0.51,0.2537,39,232,271
11225,2012-04-17,2,1,4,21,0,2,1,1,0.56,0.5303,0.26,0.2985,37,260,297
11249,2012-04-18,2,1,4,21,0,3,1,2,0.42,0.4242,0.82,0.0896,24,165,189
11273,2012-04-19,2,1,4,21,0,4,1,1,0.52,0.5,0.55,0.1045,27,240,267
11297,2012-04-20,2,1,4,21,0,5,1,1,0.56,0.5303,0.68,0.1343,35,252,287
11321,2012-04-21,2,1,4,21,0,6,0,3,0.5,0.4848,0.82,0.3881,20,82,102
11345,2012-04-22,2,1,4,21,0,0,0,3,0.36,0.3333,0.87,0.3881,0,11,11
11369,2012-04-23,2,1,4,21,0,1,1,2,0.32,0.303,0.81,0.2239,7,145,152
11393,2012-04-24,2,1,4,21,0,2,1,2,0.46,0.4545,0.28,0.1642,13,213,226
11417,2012-04-25,2,1,4,21,0,3,1,1,0.52,0.5,0.52,0.1343,27,212,239
11441,2012-04-26,2,1,4,21,0,4,1,1,0.52,0.5,0.83,0.2239,28,222,250
11465,2012-04-27,2,1,4,21,0,5,1,1,0.44,0.4394,0.33,0.2985,23,185,208
11489,2012-04-28,2,1,4,21,0,6,0,3,0.36,0.3485,0.71,0.194,12,72,84
11513,2012-04-29,2,1,4,21,0,0,0,1,0.52,0.5,0.48,0.1343,65,139,204
11537,2012-04-30,2,1,4,21,0,1,1,2,0.52,0.5,0.59,0.194,26,195,221
11561,2012-05-01,2,1,5,21,0,2,1,1,0.64,0.6061,0.65,0.1343,31,251,282
11585,2012-05-02,2,1,5,21,0,3,1,1,0.52,0.5,0.77,0.2239,21,218,239
11609,2012-05-03,2,1,5,21,0,4,1,1,0.62,0.5909,0.78,0.1343,42,257,299
11633,2012-05-04,2,1,5,21,0,5,1,1,0.64,0.6061,0.69,0.194,49,186,235
11657,2012-05-05,2,1,5,21,0,6,0,2,0.58,0.5455,0.78,0.2239,86,183,269
11681,2012-05-06,2,1,5,21,0,0,0,1,0.56,0.5303,0.73,0.194,55,148,203
11705,2012-05-07,2,1,5,21,0,1,1,2,0.54,0.5152,0.45,0.2239,37,210,247
11729,2012-05-08,2,1,5,21,0,2,1,2,0.64,0.6061,0.65,0.2836,21,202,223
11753,2012-05-09,2,1,5,21,0,3,1,3,0.5,0.4848,0.82,0.1642,4,30,34
11777,2012-05-10,2,1,5,21,0,4,1,1,0.5,0.4848,0.42,0.194,19,211,230
11801,2012-05-11,2,1,5,21,0,5,1,1,0.6,0.6061,0.28,0.1045,45,225,270
11825,2012-05-12,2,1,5,21,0,6,0,2,0.6,0.6061,0.6,0.1343,74,156,230
11849,2012-05-13,2,1,5,21,0,0,0,2,0.64,0.6212,0.53,0.194,48,121,169
11873,2012-05-14,2,1,5,21,0,1,1,2,0.58,0.5455,0.83,0.0896,7,145,152
11897,2012-05-15,2,1,5,21,0,2,1,3,0.64,0.6061,0.73,0.2836,11,98,109
11921,2012-05-16,2,1,5,21,0,3,1,1,0.64,0.6061,0.73,0.194,63,330,393
11945,2012-05-17,2,1,5,21,0,4,1,1,0.58,0.5455,0.4,0.1045,45,254,299
11969,2012-05-18,2,1,5,21,0,5,1,1,0.6,0.6212,0.4,0,49,209,258
11993,2012-05-19,2,1,5,21,0,6,0,1,0.64,0.6212,0.5,0,81,178,259
12017,2012-05-20,2,1,5,21,0,0,0,1,0.64,0.6061,0.69,0.3881,51,182,233
12041,2012-05-21,2,1,5,21,0,1,1,1,0.62,0.6061,0.69,0.0896,31,210,241
12065,2012-05-22,2,1,5,21,0,2,1,1,0.62,0.5909,0.78,0.1343,28,233,261
12089,2012-05-23,2,1,5,21,0,3,1,2,0.62,0.5758,0.83,0,24,221,245
12113,2012-05-24,2,1,5,21,0,4,1,3,0.64,0.5909,0.78,0.1642,48,237,285
12137,2012-05-25,2,1,5,21,0,5,1,1,0.7,0.6515,0.65,0.1343,62,193,255
12161,2012-05-26,2,1,5,21,0,6,0,2,0.72,0.6818,0.62,0.194,100,151,251
12185,2012-05-27,2,1,5,21,0,0,0,3,0.66,0.6212,0.69,0.4179,64,79,143
12209,2012-05-28,2,1,5,21,1,1,0,1,0.76,0.7273,0.66,0.2836,66,181,247
12233,2012-05-29,2,1,5,21,0,2,1,3,0.6,0.5455,0.88,0.4478,3,68,71
12257,2012-05-30,2,1,5,21,0,3,1,1,0.68,0.6364,0.57,0.1045,41,263,304
12281,2012-05-31,2,1,5,21,0,4,1,1,0.68,0.6364,0.44,0.1642,41,318,359
12305,2012-06-01,2,1,6,21,0,5,1,3,0.64,0.5909,0.78,0.2537,12,73,85
12329,2012-06-02,2,1,6,21,0,6,0,1,0.6,0.6212,0.4,0.1045,96,220,316
12353,2012-06-03,2,1,6,21,0,0,0,1,0.62,0.6212,0.43,0.1642,66,180,246
12377,2012-06-04,2,1,6,21,0,1,1,1,0.58,0.5455,0.49,0.2537,40,225,265
12401,2012-06-05,2,1,6,21,0,2,1,1,0.54,0.5152,0.56,0.1642,30,253,283
12425,2012-06-06,2,1,6,21,0,3,1,1,0.54,0.5152,0.73,0.1642,38,260,298
12449,2012-06-07,2,1,6,21,0,4,1,1,0.62,0.6212,0.41,0.3284,30,283,313
12473,2012-06-08,2,1,6,21,0,5,1,1,0.7,0.6364,0.37,0.1343,83,256,339
12497,2012-06-09,2,1,6,21,0,6,0,1,0.74,0.6515,0.4,0.194,105,211,316
12521,2012-06-10,2,1,6,21,0,0,0,1,0.72,0.6818,0.62,0.1642,83,170,253
12545,2012-06-11,2,1,6,21,0,1,1,2,0.72,0.6667,0.58,0.194,32,218,250
12569,2012-06-12,2,1,6,21,0,2,1,1,0.68,0.6364,0.83,0.1045,41,233,274
12593,2012-06-13,2,1,6,21,0,3,1,1,0.64,0.6212,0.44,0.3582,79,317,396
12617,2012-06-14,2,1,6,21,0,4,1,1,0.64,0.6061,0.65,0.1642,67,270,337
12641,2012-06-15,2,1,6,21,0,5,1,1,0.66,0.6212,0.5,0.1045,83,250,333
12665,2012-06-16,2,1,6,21,0,6,0,2,0.64,0.6212,0.5,0.2239,98,192,290
12689,2012-06-17,2,1,6,21,0,0,0,1,0.62,0.6212,0.57,0.194,76,170,246
12713,2012-06-18,2,1,6,21,0,1,1,2,0.62,0.5909,0.73,0.1045,35,238,273
12737,2012-06-19,2,1,6,21,0,2,1,1,0.76,0.7121,0.62,0.1642,37,239,276
12761,2012-06-20,2,1,6,21,0,3,1,1,0.84,0.7576,0.44,0.0896,42,302,344
12785,2012-06-21,3,1,6,21,0,4,1,1,0.82,0.7727,0.52,0.194,55,256,311
12809,2012-06-22,3,1,6,21,0,5,1,3,0.68,0.6364,0.65,0.2836,40,177,217
12833,2012-06-23,3,1,6,21,0,6,0,1,0.76,0.6667,0.33,0.1343,99,223,322
12857,2012-06-24,3,1,6,21,0,0,0,1,0.76,0.697,0.55,0.2239,76,177,253
12881,2012-06-25,3,1,6,21,0,1,1,1,0.68,0.6212,0.3,0.3284,50,281,331
12905,2012-06-26,3,1,6,21,0,2,1,1,0.68,0.6364,0.34,0.194,61,267,328
12929,2012-06-27,3,1,6,21,0,3,1,1,0.74,0.6515,0.35,0.1343,54,313,367
12953,2012-06-28,3,1,6,21,0,4,1,1,0.76,0.697,0.55,0.194,89,309,398
12977,2012-06-29,3,1,6,21,0,5,1,2,0.86,0.8333,0.53,0.194,41,195,236
13001,2012-06-30,3,1,6,21,0,6,0,1,0.82,0.7727,0.52,0.1642,48,165,213
13025,2012-07-01,3,1,7,21,0,0,0,1,0.84,0.7424,0.39,0.1343,77,181,258
13049,2012-07-02,3,1,7,21,0,1,1,1,0.76,0.6818,0.45,0.1343,17,241,258
13073,2012-07-03,3,1,7,21,0,2,1,2,0.7,0.6515,0.7,0.2836,36,160,196
13097,2012-07-04,3,1,7,21,1,3,0,1,0.84,0.803,0.53,0.1343,222,362,584
13121,2012-07-05,3,1,7,21,0,4,1,1,0.84,0.7727,0.47,0.194,91,232,323
13145,2012-07-06,3,1,7,21,0,5,1,1,0.82,0.7727,0.52,0.1343,77,223,300
13169,2012-07-07,3,1,7,21,0,6,0,1,0.88,0.7879,0.37,0.194,51,150,201
13193,2012-07-08,3,1,7,21,0,0,0,1,0.76,0.7273,0.7,0.1343,58,149,207
13217,2012-07-09,3,1,7,21,0,1,1,2,0.74,0.6818,0.55,0.0896,33,298,331
13241,2012-07-10,3,1,7,21,0,2,1,3,0.64,0.5758,0.89,0.1045,7,83,90
13265,2012-07-11,3,1,7,21,0,3,1,1,0.72,0.6667,0.58,0.2239,69,322,391
13289,2012-07-12,3,1,7,21,0,4,1,1,0.72,0.6667,0.48,0.2239,44,329,373
13313,2012-07-13,3,1,7,21,0,5,1,1,0.72,0.6667,0.54,0,76,223,299
13337,2012-07-14,3,1,7,21,0,6,0,1,0.7,0.6667,0.84,0.2239,69,200,269
13361,2012-07-15,3,1,7,21,0,0,0,1,0.72,0.697,0.79,0.0896,59,164,223
13385,2012-07-16,3,1,7,21,0,1,1,1,0.76,0.7273,0.66,0.1343,45,283,328
13409,2012-07-17,3,1,7,21,0,2,1,1,0.82,0.7727,0.52,0.1343,50,283,333
13433,2012-07-18,3,1,7,21,0,3,1,1,0.76,0.7121,0.62,0,53,266,319
13457,2012-07-19,3,1,7,21,0,4,1,3,0.66,0.5909,0.89,0.2537,38,294,332
13481,2012-07-20,3,1,7,21,0,5,1,3,0.62,0.5758,0.83,0.3284,14,108,122
13505,2012-07-21,3,1,7,21,0,6,0,2,0.6,0.5455,0.88,0.1642,29,134,163
13529,2012-07-22,3,1,7,21,0,0,0,1,0.7,0.6667,0.79,0.1045,88,257,345
13553,2012-07-23,3,1,7,21,0,1,1,1,0.76,0.7121,0.62,0.194,45,251,296
13577,2012-07-24,3,1,7,21,0,2,1,1,0.74,0.697,0.66,0.2239,53,325,378
13601,2012-07-25,3,1,7,21,0,3,1,1,0.72,0.6515,0.45,0.1343,71,326,397
13625,2012-07-26,3,1,7,21,0,4,1,1,0.8,0.7424,0.49,0.6119,35,236,271
13649,2012-07-27,3,1,7,21,0,5,1,1,0.78,0.7424,0.59,0.1045,71,189,260
13673,2012-07-28,3,1,7,21,0,6,0,1,0.66,0.6061,0.78,0.0896,94,206,300
13697,2012-07-29,3,1,7,21,0,0,0,1,0.72,0.6818,0.7,0.1343,72,199,271
13721,2012-07-30,3,1,7,21,0,1,1,1,0.72,0.6818,0.7,0.194,71,251,322
13745,2012-07-31,3,1,7,21,0,2,1,1,0.68,0.6364,0.79,0.194,60,292,352
13769,2012-08-01,3,1,8,21,0,3,1,1,0.72,0.6818,0.7,0.1343,36,284,320
13793,2012-08-02,3,1,8,21,0,4,1,1,0.76,0.7273,0.66,0.2239,41,301,342
13817,2012-08-03,3,1,8,21,0,5,1,2,0.76,0.7273,0.66,0.194,54,224,278
13841,2012-08-04,3,1,8,21,0,6,0,1,0.8,0.7727,0.59,0.2537,96,193,289
13865,2012-08-05,3,1,8,21,0,0,0,1,0.72,0.697,0.79,0.1045,51,157,208
13889,2012-08-06,3,1,8,21,0,1,1,1,0.74,0.697,0.7,0.194,72,245,317
13913,2012-08-07,3,1,8,21,0,2,1,2,0.72,0.697,0.74,0,70,247,317
13937,2012-08-08,3,1,8,21,0,3,1,1,0.74,0.697,0.66,0.1045,70,311,381
13961,2012-08-09,3,1,8,21,0,4,1,2,0.7,0.6515,0.58,0.1642,50,286,336
13985,2012-08-10,3,1,8,21,0,5,1,1,0.74,0.697,0.66,0.2537,50,236,286
14009,2012-08-11,3,1,8,21,0,6,0,2,0.66,0.5909,0.89,0.1642,26,102,128
14033,2012-08-12,3,1,8,21,0,0,0,1,0.72,0.6667,0.51,0.0896,78,142,220
14057,2012-08-13,3,1,8,21,0,1,1,1,0.72,0.6818,0.66,0.194,44,246,290
14081,2012-08-14,3,1,8,21,0,2,1,1,0.74,0.6818,0.62,0.2239,56,252,308
14105,2012-08-15,3,1,8,21,0,3,1,1,0.7,0.6515,0.61,0.194,49,266,315
14129,2012-08-16,3,1,8,21,0,4,1,1,0.74,0.6667,0.48,0.194,83,273,356
14153,2012-08-17,3,1,8,21,0,5,1,2,0.68,0.2424,0.69,0.2985,57,198,255
14177,2012-08-18,3,1,8,21,0,6,0,1,0.66,0.6212,0.61,0,90,248,338
14201,2012-08-19,3,1,8,21,0,0,0,3,0.62,0.5909,0.78,0.0896,36,154,190
14225,2012-08-20,3,1,8,21,0,1,1,1,0.6,0.5606,0.83,0,26,219,245
14249,2012-08-21,3,1,8,21,0,2,1,1,0.64,0.6061,0.73,0,41,239,280
14273,2012-08-22,3,1,8,21,0,3,1,1,0.64,0.6061,0.73,0,60,291,351
14297,2012-08-23,3,1,8,21,0,4,1,1,0.7,0.6515,0.61,0.1343,53,276,329
14321,2012-08-24,3,1,8,21,0,5,1,2,0.7,0.6515,0.61,0.1642,58,248,306
14345,2012-08-25,3,1,8,21,0,6,0,1,0.62,0.5758,0.83,0.3582,60,148,208
14369,2012-08-26,3,1,8,21,0,0,0,1,0.64,0.5758,0.83,0.1343,26,140,166
14393,2012-08-27,3,1,8,21,0,1,1,1,0.72,0.697,0.74,0.194,39,239,278
14417,2012-08-28,3,1,8,21,0,2,1,1,0.72,0.6667,0.48,0.0896,38,276,314
14441,2012-08-29,3,1,8,21,0,3,1,1,0.66,0.6212,0.54,0.1045,48,265,313
14465,2012-08-30,3,1,8,21,0,4,1,1,0.72,0.6818,0.66,0.1343,32,275,307
14489,2012-08-31,3,1,8,21,0,5,1,1,0.76,0.7121,0.58,0.194,71,232,303
14513,2012-09-01,3,1,9,21,0,6,0,3,0.64,0.5758,0.89,0,21,83,104
14537,2012-09-02,3,1,9,21,0,0,0,1,0.7,0.6515,0.7,0.1642,79,92,171
14561,2012-09-03,3,1,9,21,1,1,0,1,0.72,0.6818,0.76,0.1045,42,142,184
14585,2012-09-04,3,1,9,21,0,2,1,1,0.74,0.7121,0.74,0.2537,28,240,268
14609,2012-09-05,3,1,9,21,0,3,1,1,0.72,0.697,0.79,0,18,278,296
14633,2012-09-06,3,1,9,21,0,4,1,1,0.64,0.5758,0.89,0.1642,32,240,272
14657,2012-09-07,3,1,9,21,0,5,1,1,0.7,0.6667,0.74,0.1642,55,246,301
14681,2012-09-08,3,1,9,21,0,6,0,2,0.6,0.5606,0.83,0.1642,26,155,181
14705,2012-09-09,3,1,9,21,0,0,0,1,0.6,0.6212,0.46,0.2239,57,149,206
14729,2012-09-10,3,1,9,21,0,1,1,1,0.56,0.5303,0.49,0.1642,29,256,285
14753,2012-09-11,3,1,9,21,0,2,1,1,0.56,0.5303,0.6,0.1045,28,282,310
14777,2012-09-12,3,1,9,21,0,3,1,1,0.6,0.6061,0.6,0.1343,27,279,306
14801,2012-09-13,3,1,9,21,0,4,1,1,0.62,0.6061,0.65,0.1045,26,291,317
14825,2012-09-14,3,1,9,21,0,5,1,1,0.64,0.6061,0.73,0.2239,42,270,312
14849,2012-09-15,3,1,9,21,0,6,0,1,0.56,0.5303,0.52,0.1045,86,210,296
14873,2012-09-16,3,1,9,21,0,0,0,1,0.6,0.6212,0.56,0.1045,43,148,191
14897,2012-09-17,3,1,9,21,0,1,1,3,0.62,0.5758,0.83,0.2239,28,205,233
14921,2012-09-18,3,1,9,21,0,2,1,2,0.6,0.5455,0.88,0.194,21,186,207
14945,2012-09-19,3,1,9,21,0,3,1,1,0.5,0.4848,0.59,0.1642,25,324,349
14969,2012-09-20,3,1,9,21,0,4,1,1,0.56,0.5303,0.64,0.194,28,246,274
14993,2012-09-21,3,1,9,21,0,5,1,1,0.6,0.5909,0.73,0.2537,46,266,312
15017,2012-09-22,3,1,9,21,0,6,0,1,0.64,0.6212,0.57,0.2537,59,202,261
15041,2012-09-23,4,1,9,21,0,0,0,2,0.52,0.5,0.48,0.1045,51,145,196
15065,2012-09-24,4,1,9,21,0,1,1,1,0.5,0.4848,0.51,0.1343,26,230,256
15089,2012-09-25,4,1,9,21,0,2,1,1,0.6,0.6212,0.56,0.2985,34,263,297
15113,2012-09-26,4,1,9,21,0,3,1,1,0.66,0.6212,0.65,0.194,32,328,360
15137,2012-09-27,4,1,9,21,0,4,1,3,0.62,0.5758,0.83,0.2985,18,235,253
15161,2012-09-28,4,1,9,21,0,5,1,3,0.6,0.6212,0.53,0.194,32,205,237
15185,2012-09-29,4,1,9,21,0,6,0,1,0.52,0.5,0.55,0.1343,73,219,292
15209,2012-09-30,4,1,9,21,0,0,0,1,0.5,0.4848,0.68,0,19,104,123
15233,2012-10-01,4,1,10,21,0,1,1,2,0.54,0.5152,0.73,0.1343,13,205,218
15257,2012-10-02,4,1,10,21,0,2,1,3,0.62,0.5455,0.94,0.1045,24,265,289
15281,2012-10-03,4,1,10,21,0,3,1,2,0.66,0.6212,0.74,0,14,195,209
15305,2012-10-04,4,1,10,21,0,4,1,1,0.62,0.6061,0.69,0,33,288,321
15329,2012-10-05,4,1,10,21,0,5,1,1,0.6,0.5909,0.69,0.2239,47,220,267
15353,2012-10-06,4,1,10,21,0,6,0,1,0.46,0.4545,0.59,0.1343,78,137,215
15377,2012-10-07,4,1,10,21,0,0,0,1,0.38,0.3939,0.87,0.1045,22,91,113
15401,2012-10-08,4,1,10,21,1,1,0,2,0.4,0.4091,0.76,0.2239,17,134,151
15425,2012-10-09,4,1,10,21,0,2,1,2,0.48,0.4697,0.77,0.1343,16,209,225
15449,2012-10-10,4,1,10,21,0,3,1,1,0.5,0.4848,0.51,0.3582,18,251,269
15473,2012-10-11,4,1,10,21,0,4,1,1,0.42,0.4242,0.62,0.1343,24,236,260
15497,2012-10-12,4,1,10,21,0,5,1,1,0.4,0.4091,0.54,0.194,21,169,190
15521,2012-10-13,4,1,10,21,0,6,0,1,0.4,0.4091,0.58,0.194,47,157,204
15545,2012-10-14,4,1,10,21,0,0,0,1,0.56,0.5303,0.73,0.4478,40,156,196
15569,2012-10-15,4,1,10,21,0,1,1,1,0.52,0.5,0.59,0.3284,16,190,206
15593,2012-10-16,4,1,10,21,0,2,1,1,0.46,0.4545,0.63,0,19,176,195
15617,2012-10-17,4,1,10,21,0,3,1,1,0.46,0.4545,0.82,0.194,28,301,329
15641,2012-10-18,4,1,10,21,0,4,1,2,0.54,0.5152,0.77,0.194,38,245,283
15665,2012-10-19,4,1,10,21,0,5,1,1,0.5,0.4848,0.77,0,17,189,206
15689,2012-10-20,4,1,10,21,0,6,0,1,0.46,0.4545,0.47,0.2239,72,224,296
15713,2012-10-21,4,1,10,21,0,0,0,1,0.42,0.4242,0.54,0.1642,42,124,166
15737,2012-10-22,4,1,10,21,0,1,1,1,0.48,0.4697,0.67,0.0896,19,155,174
15761,2012-10-23,4,1,10,21,0,2,1,1,0.56,0.5303,0.68,0,35,260,295
15785,2012-10-24,4,1,10,21,0,3,1,2,0.62,0.6061,0.61,0.1045,33,280,313
15809,2012-10-25,4,1,10,21,0,4,1,2,0.52,0.5,0.88,0.1343,24,247,271
15833,2012-10-26,4,1,10,21,0,5,1,2,0.54,0.5152,0.77,0.1343,40,252,292
15857,2012-10-27,4,1,10,21,0,6,0,2,0.52,0.5,0.72,0.2239,49,160,209
15881,2012-10-28,4,1,10,21,0,0,0,3,0.44,0.4394,0.88,0.4179,2,44,46
15893,2012-10-30,4,1,10,21,0,2,1,2,0.3,0.3182,0.87,0.1045,4,60,64
15917,2012-10-31,4,1,10,21,0,3,1,2,0.4,0.4091,0.5,0.194,12,180,192
15941,2012-11-01,4,1,11,21,0,4,1,2,0.38,0.3939,0.54,0.1343,29,238,267
15965,2012-11-02,4,1,11,21,0,5,1,2,0.36,0.3333,0.46,0.3582,23,133,156
15989,2012-11-03,4,1,11,21,0,6,0,1,0.34,0.3485,0.53,0.1045,31,135,166
16013,2012-11-04,4,1,11,21,0,0,0,1,0.3,0.2727,0.52,0.2985,16,71,87
16037,2012-11-05,4,1,11,21,0,1,1,1,0.3,0.2879,0.52,0.2836,8,144,152
16061,2012-11-06,4,1,11,21,0,2,1,2,0.3,0.2879,0.56,0.2537,14,137,151
16085,2012-11-07,4,1,11,21,0,3,1,2,0.32,0.303,0.49,0.2985,5,121,126
16108,2012-11-08,4,1,11,21,0,4,1,1,0.36,0.3333,0.37,0.3881,11,222,233
16132,2012-11-09,4,1,11,21,0,5,1,1,0.34,0.3636,0.76,0,23,176,199
16156,2012-11-10,4,1,11,21,0,6,0,1,0.4,0.4091,0.66,0,51,169,220
16180,2012-11-11,4,1,11,21,0,0,0,1,0.44,0.4394,0.67,0.2239,44,127,171
16204,2012-11-12,4,1,11,21,1,1,0,3,0.54,0.5152,0.73,0.2239,10,145,155
16228,2012-11-13,4,1,11,21,0,2,1,1,0.3,0.2727,0.49,0.3582,9,178,187
16252,2012-11-14,4,1,11,21,0,3,1,1,0.3,0.3333,0.56,0,5,208,213
16276,2012-11-15,4,1,11,21,0,4,1,2,0.32,0.3333,0.66,0.1045,20,204,224
16300,2012-11-16,4,1,11,21,0,5,1,1,0.34,0.3333,0.49,0.194,21,157,178
16324,2012-11-17,4,1,11,21,0,6,0,2,0.32,0.3333,0.57,0.1045,15,124,139
16348,2012-11-18,4,1,11,21,0,0,0,1,0.36,0.3333,0.66,0.2537,17,93,110
16372,2012-11-19,4,1,11,21,0,1,1,2,0.38,0.3939,0.54,0.2239,15,188,203
16396,2012-11-20,4,1,11,21,0,2,1,1,0.36,0.3788,0.71,0,14,143,157
16420,2012-11-21,4,1,11,21,0,3,1,1,0.36,0.3788,0.5,0,8,97,105
16444,2012-11-22,4,1,11,21,1,4,0,1,0.34,0.3485,0.61,0.0896,7,39,46
16468,2012-11-23,4,1,11,21,0,5,1,1,0.46,0.4545,0.47,0.2537,23,75,98
16492,2012-11-24,4,1,11,21,0,6,0,1,0.24,0.2273,0.44,0.194,9,66,75
16516,2012-11-25,4,1,11,21,0,0,0,1,0.26,0.303,0.48,0,4,60,64
16540,2012-11-26,4,1,11,21,0,1,1,1,0.34,0.3636,0.49,0,9,172,181
16564,2012-11-27,4,1,11,21,0,2,1,1,0.24,0.2121,0.81,0.2836,6,179,185
16588,2012-11-28,4,1,11,21,0,3,1,1,0.3,0.303,0.39,0.1642,4,219,223
16611,2012-11-29,4,1,11,21,0,4,1,1,0.26,0.2727,0.65,0.1343,7,201,208
16635,2012-11-30,4,1,11,21,0,5,1,1,0.3,0.3182,0.75,0.0896,14,169,183
16659,2012-12-01,4,1,12,21,0,6,0,2,0.3,0.3333,0.87,0,23,135,158
16683,2012-12-02,4,1,12,21,0,0,0,2,0.44,0.4394,0.77,0.2239,8,91,99
16707,2012-12-03,4,1,12,21,0,1,1,1,0.44,0.4394,0.82,0.194,14,207,221
16731,2012-12-04,4,1,12,21,0,2,1,2,0.5,0.4848,0.63,0.2537,28,252,280
16755,2012-12-05,4,1,12,21,0,3,1,1,0.34,0.303,0.46,0.4179,14,184,198
16779,2012-12-06,4,1,12,21,0,4,1,2,0.24,0.2424,0.6,0.1343,7,184,191
16803,2012-12-07,4,1,12,21,0,5,1,2,0.36,0.3636,0.93,0.1045,9,162,171
16827,2012-12-08,4,1,12,21,0,6,0,2,0.36,0.3788,1,0,34,175,209
16851,2012-12-09,4,1,12,21,0,0,0,2,0.36,0.3636,1,0.1045,10,86,96
16875,2012-12-10,4,1,12,21,0,1,1,2,0.46,0.4545,0.94,0.194,21,224,245
16899,2012-12-11,4,1,12,21,0,2,1,1,0.32,0.3182,0.53,0.194,14,193,207
16923,2012-12-12,4,1,12,21,0,3,1,2,0.3,0.2879,0.52,0.2537,16,186,202
16947,2012-12-13,4,1,12,21,0,4,1,1,0.28,0.3182,0.48,0,13,200,213
16971,2012-12-14,4,1,12,21,0,5,1,1,0.3,0.303,0.75,0.1642,7,165,172
16995,2012-12-15,4,1,12,21,0,6,0,1,0.36,0.3485,0.62,0.1343,15,169,184
17019,2012-12-16,4,1,12,21,0,0,0,2,0.36,0.3788,0.93,0,14,92,106
17043,2012-12-17,4,1,12,21,0,1,1,2,0.42,0.4242,0.94,0.1343,6,114,120
17067,2012-12-18,4,1,12,21,0,2,1,1,0.36,0.3485,0.5,0.2239,9,159,168
17091,2012-12-19,4,1,12,21,0,3,1,1,0.34,0.3182,0.61,0.2239,4,164,168
17115,2012-12-20,4,1,12,21,0,4,1,3,0.34,0.3333,0.76,0.1642,1,25,26
17139,2012-12-21,1,1,12,21,0,5,1,1,0.26,0.2273,0.41,0.4179,2,68,70
17163,2012-12-22,1,1,12,21,0,6,0,1,0.22,0.2121,0.51,0.2836,4,49,53
17187,2012-12-23,1,1,12,21,0,0,0,1,0.24,0.2879,0.7,0,4,38,42
17210,2012-12-24,1,1,12,21,0,1,1,3,0.24,0.2576,0.93,0.0896,13,9,22
17233,2012-12-25,1,1,12,21,1,2,0,2,0.3,0.2879,0.65,0.194,8,26,34
17257,2012-12-26,1,1,12,21,0,3,1,2,0.3,0.2727,0.87,0.2985,0,20,20
17281,2012-12-27,1,1,12,21,0,4,1,2,0.24,0.2273,0.6,0.2537,12,51,63
17305,2012-12-28,1,1,12,21,0,5,1,2,0.24,0.2424,0.7,0.1343,17,75,92
17329,2012-12-29,1,1,12,21,0,6,0,2,0.28,0.2424,0.56,0.4925,4,56,60
17353,2012-12-30,1,1,12,21,0,0,0,1,0.2,0.2121,0.51,0.1642,5,42,47
17377,2012-12-31,1,1,12,21,0,1,1,1,0.26,0.2576,0.6,0.1642,7,83,90
