23,2011-01-01,1,0,1,22,0,6,0,2,0.4,0.4091,0.94,0.2239,11,17,28
46,2011-01-02,1,0,1,22,0,0,0,1,0.24,0.2121,0.44,0.2985,0,9,9
68,2011-01-03,1,0,1,22,0,1,1,1,0.14,0.1515,0.69,0.1343,0,20,20
91,2011-01-04,1,0,1,22,0,2,1,1,0.22,0.2576,0.64,0.0896,1,34,35
114,2011-01-05,1,0,1,22,0,3,1,1,0.18,0.197,0.55,0.1343,1,41,42
137,2011-01-06,1,0,1,22,0,4,1,2,0.22,0.2121,0.51,0.2836,1,51,52
160,2011-01-07,1,0,1,22,0,5,1,2,0.18,0.197,0.43,0.1642,2,34,36
184,2011-01-08,1,0,1,22,0,6,0,1,0.12,0.1061,0.36,0.3881,1,33,34
208,2011-01-09,1,0,1,22,0,0,0,1,0.14,0.1212,0.46,0.2985,5,10,15
232,2011-01-10,1,0,1,22,0,1,1,1,0.14,0.1515,0.59,0.1642,2,22,24
254,2011-01-11,1,0,1,22,0,2,1,3,0.16,0.1818,0.93,0.1045,1,28,29
276,2011-01-12,1,0,1,22,0,3,1,1,0.16,0.1212,0.55,0.4478,1,32,33
300,2011-01-13,1,0,1,22,0,4,1,1,0.14,0.1212,0.46,0.3284,0,30,30
323,2011-01-14,1,0,1,22,0,5,1,2,0.16,0.2273,0.69,0,2,34,36
347,2011-01-15,1,0,1,22,0,6,0,2,0.3,0.3182,0.42,0.1045,0,26,26
371,2011-01-16,1,0,1,22,0,0,0,2,0.2,0.2121,0.49,0.1343,2,19,21
395,2011-01-17,1,0,1,22,1,1,0,3,0.14,0.1212,0.93,0.2537,0,13,13
407,2011-01-18,1,0,1,22,0,2,1,2,0.22,0.2576,0.93,0.0896,0,33,33
430,2011-01-19,1,0,1,22,0,3,1,1,0.3,0.303,0.52,0.1642,6,53,59
454,2011-01-20,1,0,1,22,0,4,1,2,0.24,0.2121,0.65,0.2836,0,56,56
478,2011-01-21,1,0,1,22,0,5,1,1,0.06,0.0303,0.41,0.3881,1,33,34
501,2011-01-22,1,0,1,22,0,6,0,1,0.06,0.1515,0.49,0,7,23,30
524,2011-01-23,1,0,1,22,0,0,0,1,0.08,0.0909,0.38,0.194,5,23,28
547,2011-01-24,1,0,1,22,0,1,1,2,0.14,0.1364,0.63,0.2239,3,32,35
570,2011-01-25,1,0,1,22,0,2,1,1,0.22,0.2273,0.64,0.1642,4,49,53
594,2011-01-27,1,0,1,22,0,4,1,1,0.18,0.2121,0.74,0.0896,0,27,27
617,2011-01-28,1,0,1,22,0,5,1,1,0.24,0.2121,0.65,0.3582,0,26,26
640,2011-01-29,1,0,1,22,0,6,0,1,0.16,0.197,0.8,0.0896,4,28,32
663,2011-01-30,1,0,1,22,0,0,0,2,0.24,0.2273,0.7,0.194,2,19,21
687,2011-01-31,1,0,1,22,0,1,1,2,0.16,0.1818,0.59,0.1045,0,34,34
710,2011-02-01,1,0,2,22,0,2,1,2,0.22,0.2576,0.87,0.0896,2,34,36
734,2011-02-02,1,0,2,22,0,3,1,1,0.22,0.2121,0.44,0.2537,5,35,40
757,2011-02-03,1,0,2,22,0,4,1,1,0.18,0.2121,0.51,0.0896,2,39,41
780,2011-02-04,1,0,2,22,0,5,1,2,0.24,0.2424,0.65,0.1642,1,45,46
804,2011-02-05,1,0,2,22,0,6,0,1,0.26,0.2727,0.93,0.1343,2,43,45
828,2011-02-06,1,0,2,22,0,0,0,1,0.26,0.303,0.6,0,5,57,62
852,2011-02-07,1,0,2,22,0,1,1,1,0.28,0.303,0.81,0.0896,3,34,37
876,2011-02-08,1,0,2,22,0,2,1,1,0.12,0.1061,0.33,0.3582,0,29,29
899,2011-02-09,1,0,2,22,0,3,1,3,0.16,0.1667,0.8,0.1642,4,42,46
922,2011-02-10,1,0,2,22,0,4,1,1,0.12,0.197,0.39,0,4,47,51
944,2011-02-11,1,0,2,22,0,5,1,1,0.2,0.2273,0.64,0.0896,2,41,43
968,2011-02-12,1,0,2,22,0,6,0,1,0.24,0.2576,0.44,0.0896,6,39,45
991,2011-02-13,1,0,2,22,0,0,0,1,0.4,0.4091,0.35,0.2985,5,31,36
1015,2011-02-14,1,0,2,22,0,1,1,1,0.34,0.2879,0.46,0.6567,1,44,45
1038,2011-02-15,1,0,2,22,0,2,1,1,0.24,0.2879,0.44,0,0,41,41
1061,2011-02-16,1,0,2,22,0,3,1,1,0.34,0.3333,0.53,0.194,12,61,73
1085,2011-02-17,1,0,2,22,0,4,1,1,0.5,0.4848,0.59,0.2836,8,68,76
1109,2011-02-18,1,0,2,22,0,5,1,1,0.54,0.5152,0.1,0.2537,19,88,107
1133,2011-02-19,1,0,2,22,0,6,0,1,0.3,0.2576,0.28,0.4925,2,42,44
1156,2011-02-20,1,0,2,22,0,0,0,2,0.32,0.303,0.57,0.2239,4,43,47
1180,2011-02-21,1,0,2,22,1,1,0,3,0.2,0.1667,0.75,0.4179,0,11,11
1198,2011-02-22,1,0,2,22,0,2,1,1,0.16,0.1515,0.43,0.2537,1,76,77
1221,2011-02-23,1,0,2,22,0,3,1,1,0.24,0.2879,0.48,0,1,60,61
1244,2011-02-24,1,0,2,22,0,4,1,3,0.34,0.3182,0.87,0.2836,5,50,55
1267,2011-02-25,1,0,2,22,0,5,1,1,0.26,0.2121,0.48,0.4478,7,43,50
1291,2011-02-26,1,0,2,22,0,6,0,1,0.28,0.2727,0.75,0.2239,8,38,46
1314,2011-02-27,1,0,2,22,0,0,0,2,0.38,0.3939,0.62,0.1045,2,67,69
1336,2011-02-28,1,0,2,22,0,1,1,3,0.34,0.303,0.93,0.4179,4,72,76
1360,2011-03-01,1,0,3,22,0,2,1,1,0.24,0.2727,0.62,0.1045,3,44,47
1384,2011-03-02,1,0,3,22,0,3,1,1,0.3,0.2576,0.26,0.5522,4,44,48
1408,2011-03-03,1,0,3,22,0,4,1,1,0.2,0.2576,0.4,0,3,50,53
1432,2011-03-04,1,0,3,22,0,5,1,1,0.3,0.2879,0.7,0.194,4,40,44
1456,2011-03-05,1,0,3,22,0,6,0,2,0.42,0.4242,0.77,0.2985,16,47,63
1479,2011-03-06,1,0,3,22,0,0,0,2,0.22,0.197,1,0.3881,0,10,10
1502,2011-03-07,1,0,3,22,0,1,1,1,0.26,0.2576,0.48,0.1642,1,34,35
1526,2011-03-08,1,0,3,22,0,2,1,1,0.3,0.2879,0.49,0.2239,11,44,55
1550,2011-03-09,1,0,3,22,0,3,1,3,0.32,0.3182,0.93,0.1642,4,17,21
1572,2011-03-10,1,0,3,22,0,4,1,2,0.34,0.3333,0,0.1343,4,30,34
1595,2011-03-11,1,0,3,22,0,5,1,1,0.3,0.303,0.52,0.1642,11,53,64
1619,2011-03-12,1,0,3,22,0,6,0,1,0.36,0.3788,0.71,0,7,56,63
1642,2011-03-13,1,0,3,22,0,0,0,1,0.3,0.2727,0.56,0.3284,8,29,37
1665,2011-03-14,1,0,3,22,0,1,1,1,0.32,0.3333,0.49,0.1045,4,43,47
1688,2011-03-15,1,0,3,22,0,2,1,2,0.32,0.3182,0.87,0.1642,1,20,21
1711,2011-03-16,1,0,3,22,0,3,1,2,0.4,0.4091,0.62,0.3881,11,48,59
1735,2011-03-17,1,0,3,22,0,4,1,1,0.4,0.4091,0.66,0.2239,17,70,87
1758,2011-03-18,1,0,3,22,0,5,1,1,0.62,0.6212,0.5,0.1642,55,63,118
1782,2011-03-19,1,0,3,22,0,6,0,1,0.4,0.4091,0.37,0.3284,27,45,72
1806,2011-03-20,1,0,3,22,0,0,0,2,0.34,0.303,0.53,0.3284,8,30,38
1829,2011-03-21,2,0,3,22,0,1,1,1,0.46,0.4545,0.88,0.2239,18,60,78
1853,2011-03-22,2,0,3,22,0,2,1,2,0.4,0.4091,0.58,0.2537,13,57,70
1876,2011-03-23,2,0,3,22,0,3,1,2,0.32,0.3182,0.93,0.1642,6,38,44
1900,2011-03-24,2,0,3,22,0,4,1,1,0.26,0.2576,0.65,0.1642,3,59,62
1924,2011-03-25,2,0,3,22,0,5,1,2,0.28,0.2576,0.38,0.3284,3,40,43
1948,2011-03-26,2,0,3,22,0,6,0,2,0.28,0.2727,0.41,0.2239,17,46,63
1971,2011-03-27,2,0,3,22,0,0,0,1,0.26,0.2576,0.41,0.1642,5,25,30
1994,2011-03-28,2,0,3,22,0,1,1,1,0.3,0.2879,0.22,0.2239,0,40,40
2018,2011-03-29,2,0,3,22,0,2,1,1,0.34,0.3636,0.49,0,6,49,55
2042,2011-03-30,2,0,3,22,0,3,1,3,0.24,0.2273,0.93,0.2239,3,21,24
2066,2011-03-31,2,0,3,22,0,4,1,3,0.28,0.2727,0.93,0.2537,7,44,51
2090,2011-04-01,2,0,4,22,0,5,1,1,0.3,0.303,0.56,0.1642,10,64,74
2114,2011-04-02,2,0,4,22,0,6,0,1,0.32,0.303,0.61,0.2985,14,41,55
2138,2011-04-03,2,0,4,22,0,0,0,1,0.4,0.4091,0.43,0.1045,7,29,36
2162,2011-04-04,2,0,4,22,0,1,1,2,0.68,0.6364,0.36,0.4627,17,58,75
2186,2011-04-05,2,0,4,22,0,2,1,1,0.32,0.303,0.49,0.2985,3,43,46
2210,2011-04-06,2,0,4,22,0,3,1,1,0.46,0.4545,0.41,0.2836,13,71,84
2234,2011-04-07,2,0,4,22,0,4,1,2,0.4,0.4091,0.76,0.194,18,63,81
2258,2011-04-08,2,0,4,22,0,5,1,2,0.3,0.2727,0.93,0.2985,9,42,51
2282,2011-04-09,2,0,4,22,0,6,0,2,0.36,0.3485,0.93,0.1343,21,66,87
2306,2011-04-10,2,0,4,22,0,0,0,1,0.44,0.4394,0.94,0.2537,12,45,57
2329,2011-04-11,2,0,4,22,0,1,1,2,0.64,0.6212,0.5,0.2836,25,66,91
2353,2011-04-12,2,0,4,22,0,2,1,2,0.4,0.4091,0.94,0.2985,7,47,54
2377,2011-04-13,2,0,4,22,0,3,1,1,0.42,0.4242,0.67,0.194,10,89,99
2401,2011-04-14,2,0,4,22,0,4,1,1,0.48,0.4697,0.55,0.1045,22,82,104
2425,2011-04-15,2,0,4,22,1,5,0,2,0.38,0.3939,0.82,0.3881,16,64,80
2449,2011-04-16,2,0,4,22,0,6,0,3,0.42,0.4242,1,0,2,22,24
2473,2011-04-17,2,0,4,22,0,0,0,1,0.5,0.4848,0.39,0.1045,21,49,70
2497,2011-04-18,2,0,4,22,0,1,1,1,0.52,0.5,0.55,0.2836,9,81,90
2521,2011-04-19,2,0,4,22,0,2,1,1,0.48,0.4697,0.77,0.0896,3,109,112
2545,2011-04-20,2,0,4,22,0,3,1,1,0.62,0.6212,0.41,0.2537,12,105,117
2569,2011-04-21,2,0,4,22,0,4,1,1,0.42,0.4242,0.38,0.0896,31,106,137
2593,2011-04-22,2,0,4,22,0,5,1,3,0.3,0.303,1,0.1343,3,21,24
2617,2011-04-23,2,0,4,22,0,6,0,2,0.58,0.5455,0.78,0.2537,55,114,169
2641,2011-04-24,2,0,4,22,0,0,0,3,0.54,0.5152,1,0.1642,5,40,45
2665,2011-04-25,2,0,4,22,0,1,1,1,0.6,0.5909,0.73,0.2985,23,83,106
2689,2011-04-26,2,0,4,22,0,2,1,2,0.6,0.5606,0.83,0.194,32,116,148
2713,2011-04-27,2,0,4,22,0,3,1,2,0.62,0.5606,0.88,0.3284,18,111,129
2737,2011-04-28,2,0,4,22,0,4,1,1,0.54,0.5152,0.45,0.1642,34,119,153
2761,2011-04-29,2,0,4,22,0,5,1,1,0.42,0.4242,0.58,0.1642,36,110,146
2785,2011-04-30,2,0,4,22,0,6,0,1,0.44,0.4394,0.67,0.1045,37,106,143
2809,2011-05-01,2,0,5,22,0,0,0,2,0.46,0.4545,0.82,0,32,68,100
2833,2011-05-02,2,0,5,22,0,1,1,2,0.6,0.5909,0.73,0,28,97,125
2857,2011-05-03,2,0,5,22,0,2,1,2,0.58,0.5455,0.6,0.3881,14,99,113
2881,2011-05-04,2,0,5,22,0,3,1,1,0.38,0.3939,0.62,0.2239,9,80,89
2905,2011-05-05,2,0,5,22,0,4,1,1,0.48,0.4697,0.39,0.194,30,135,165
2929,2011-05-06,2,0,5,22,0,5,1,1,0.46,0.4545,0.72,0.2239,46,105,151
2953,2011-05-07,2,0,5,22,0,6,0,1,0.54,0.5152,0.49,0.194,26,94,120
2977,2011-05-08,2,0,5,22,0,0,0,1,0.5,0.4848,0.88,0.0896,29,86,115
3001,2011-05-09,2,0,5,22,0,1,1,1,0.52,0.5,0.68,0.0896,21,95,116
3025,2011-05-10,2,0,5,22,0,2,1,1,0.52,0.5,0.55,0.1045,29,121,150
3049,2011-05-11,2,0,5,22,0,3,1,1,0.5,0.4848,0.72,0.2537,12,134,146
3073,2011-05-12,2,0,5,22,0,4,1,1,0.54,0.5152,0.83,0.194,25,147,172
3097,2011-05-13,2,0,5,22,0,5,1,2,0.52,0.5,0.83,0.2239,25,107,132
3121,2011-05-14,2,0,5,22,0,6,0,3,0.54,0.5152,0.94,0.1642,7,19,26
3145,2011-05-15,2,0,5,22,0,0,0,1,0.56,0.5303,0.83,0,29,88,117
3169,2011-05-16,2,0,5,22,0,1,1,1,0.56,0.5303,0.88,0.0896,22,105,127
3193,2011-05-17,2,0,5,22,0,2,1,2,0.54,0.5152,0.88,0.2836,12,86,98
3217,2011-05-18,2,0,5,22,0,3,1,1,0.52,0.5,0.83,0,14,103,117
3241,2011-05-19,2,0,5,22,0,4,1,3,0.5,0.4848,0.82,0.2985,11,68,79
3265,2011-05-20,2,0,5,22,0,5,1,1,0.54,0.5152,0.73,0,28,124,152
3289,2011-05-21,2,0,5,22,0,6,0,1,0.6,0.5909,0.69,0.1343,78,126,204
3313,2011-05-22,2,0,5,22,0,0,0,1,0.6,0.5606,0.83,0.1343,35,86,121
3337,2011-05-23,2,0,5,22,0,1,1,1,0.62,0.5455,0.94,0.2239,25,106,131
3361,2011-05-24,2,0,5,22,0,2,1,3,0.62,0.5606,0.88,0.2239,26,115,141
3385,2011-05-25,2,0,5,22,0,3,1,1,0.66,0.6212,0.69,0.2537,34,140,174
3409,2011-05-26,2,0,5,22,0,4,1,1,0.7,0.6515,0.65,0.1343,23,157,180
3433,2011-05-27,2,0,5,22,0,5,1,1,0.6,0.5758,0.78,0.1343,25,116,141
3457,2011-05-28,2,0,5,22,0,6,0,1,0.66,0.6061,0.78,0.2239,46,115,161
3481,2011-05-29,2,0,5,22,0,0,0,1,0.66,0.5909,0.89,0.1343,78,93,171
3505,2011-05-30,2,0,5,22,1,1,0,1,0.72,0.697,0.74,0.1642,26,80,106
3529,2011-05-31,2,0,5,22,0,2,1,1,0.74,0.697,0.7,0.1642,42,117,159
3553,2011-06-01,2,0,6,22,0,3,1,1,0.74,0.697,0.66,0.1343,14,115,129
3577,2011-06-02,2,0,6,22,0,4,1,1,0.64,0.6212,0.33,0.2537,14,141,155
3601,2011-06-03,2,0,6,22,0,5,1,1,0.62,0.6212,0.35,0,26,145,171
3625,2011-06-04,2,0,6,22,0,6,0,1,0.64,0.6212,0.57,0.2239,49,141,190
3649,2011-06-05,2,0,6,22,0,0,0,1,0.64,0.5909,0.78,0.2239,36,94,130
3673,2011-06-06,2,0,6,22,0,1,1,1,0.66,0.6212,0.61,0.0896,36,137,173
3697,2011-06-07,2,0,6,22,0,2,1,1,0.7,0.6515,0.65,0.1343,27,126,153
3721,2011-06-08,2,0,6,22,0,3,1,1,0.76,0.7424,0.75,0.1642,37,139,176
3745,2011-06-09,2,0,6,22,0,4,1,2,0.74,0.6818,0.58,0.1642,22,131,153
3769,2011-06-10,2,0,6,22,0,5,1,1,0.72,0.697,0.74,0.2537,40,145,185
3793,2011-06-11,2,0,6,22,0,6,0,1,0.66,0.6061,0.78,0.2239,53,137,190
3817,2011-06-12,2,0,6,22,0,0,0,1,0.64,0.5758,0.83,0.1343,31,97,128
3841,2011-06-13,2,0,6,22,0,1,1,1,0.62,0.6212,0.46,0.2239,20,114,134
3865,2011-06-14,2,0,6,22,0,2,1,1,0.58,0.5455,0.6,0.2239,29,159,188
3889,2011-06-15,2,0,6,22,0,3,1,1,0.62,0.6212,0.5,0.1045,31,144,175
3913,2011-06-16,2,0,6,22,0,4,1,3,0.62,0.5758,0.83,0.2537,24,127,151
3937,2011-06-17,2,0,6,22,0,5,1,1,0.62,0.5606,0.88,0.1343,48,127,175
3961,2011-06-18,2,0,6,22,0,6,0,2,0.72,0.6818,0.62,0.1343,56,105,161
3985,2011-06-19,2,0,6,22,0,0,0,1,0.66,0.6061,0.78,0.2239,38,114,152
4009,2011-06-20,2,0,6,22,0,1,1,2,0.64,0.6061,0.73,0.2239,24,106,130
4033,2011-06-21,3,0,6,22,0,2,1,1,0.7,0.6667,0.79,0.1045,12,97,109
4057,2011-06-22,3,0,6,22,0,3,1,2,0.72,0.697,0.79,0.194,25,123,148
4081,2011-06-23,3,0,6,22,0,4,1,2,0.7,0.6667,0.74,0.2239,23,139,162
4105,2011-06-24,3,0,6,22,0,5,1,1,0.7,0.6515,0.48,0,41,126,167
4129,2011-06-25,3,0,6,22,0,6,0,1,0.68,0.6364,0.47,0.194,61,126,187
4153,2011-06-26,3,0,6,22,0,0,0,1,0.7,0.6515,0.51,0,19,95,114
4177,2011-06-27,3,0,6,22,0,1,1,1,0.68,0.6364,0.69,0,33,112,145
4201,2011-06-28,3,0,6,22,0,2,1,1,0.7,0.6515,0.7,0.2985,30,104,134
4225,2011-06-29,3,0,6,22,0,3,1,1,0.7,0.6364,0.42,0.194,32,151,183
4249,2011-06-30,3,0,6,22,0,4,1,1,0.7,0.6364,0.42,0.1642,43,164,207
4273,2011-07-01,3,0,7,22,0,5,1,1,0.7,0.6364,0.42,0,49,173,222
4297,2011-07-02,3,0,7,22,0,6,0,1,0.72,0.6667,0.51,0.1642,78,123,201
4321,2011-07-03,3,0,7,22,0,0,0,2,0.66,0.6061,0.78,0.1045,69,93,162
4345,2011-07-04,3,0,7,22,1,1,0,2,0.74,0.6818,0.62,0.1343,115,211,326
4369,2011-07-05,3,0,7,22,0,2,1,1,0.76,0.7273,0.66,0.2239,31,124,155
4393,2011-07-06,3,0,7,22,0,3,1,1,0.7,0.6667,0.79,0.194,30,156,186
4417,2011-07-07,3,0,7,22,0,4,1,1,0.74,0.6818,0.62,0.1642,32,150,182
4441,2011-07-08,3,0,7,22,0,5,1,2,0.66,0.6061,0.78,0.194,33,136,169
4465,2011-07-09,3,0,7,22,0,6,0,1,0.72,0.6818,0.62,0.1642,60,154,214
4489,2011-07-10,3,0,7,22,0,0,0,1,0.74,0.697,0.66,0.2239,56,87,143
4513,2011-07-11,3,0,7,22,0,1,1,1,0.72,0.697,0.74,0.1343,20,70,90
4537,2011-07-12,3,0,7,22,0,2,1,1,0.8,0.7273,0.46,0.1343,44,150,194
4561,2011-07-13,3,0,7,22,0,3,1,1,0.68,0.6364,0.83,0.194,48,136,184
4585,2011-07-14,3,0,7,22,0,4,1,1,0.64,0.6212,0.57,0.0896,42,134,176
4609,2011-07-15,3,0,7,22,0,5,1,1,0.66,0.6212,0.57,0.2239,71,152,223
4633,2011-07-16,3,0,7,22,0,6,0,1,0.7,0.6515,0.65,0.2836,65,136,201
4657,2011-07-17,3,0,7,22,0,0,0,1,0.72,0.6818,0.66,0.2239,65,116,181
4681,2011-07-18,3,0,7,22,0,1,1,1,0.76,0.7273,0.66,0.2239,36,104,140
4705,2011-07-19,3,0,7,22,0,2,1,1,0.74,0.7121,0.74,0,36,120,156
4729,2011-07-20,3,0,7,22,0,3,1,1,0.78,0.7727,0.7,0.2239,25,144,169
4753,2011-07-21,3,0,7,22,0,4,1,1,0.82,0.8636,0.71,0.1642,36,113,149
4777,2011-07-22,3,0,7,22,0,5,1,2,0.84,0.7879,0.49,0.0896,44,105,149
4801,2011-07-23,3,0,7,22,0,6,0,1,0.8,0.7727,0.59,0.194,37,88,125
4825,2011-07-24,3,0,7,22,0,0,0,1,0.78,0.7576,0.66,0,23,75,98
4849,2011-07-25,3,0,7,22,0,1,1,1,0.7,0.6667,0.84,0,13,112,125
4873,2011-07-26,3,0,7,22,0,2,1,1,0.76,0.697,0.55,0.1343,27,131,158
4897,2011-07-27,3,0,7,22,0,3,1,1,0.72,0.6667,0.48,0,37,143,180
4921,2011-07-28,3,0,7,22,0,4,1,1,0.76,0.7273,0.7,0.2537,25,149,174
4945,2011-07-29,3,0,7,22,0,5,1,1,0.8,0.7424,0.49,0.2239,47,127,174
4969,2011-07-30,3,0,7,22,0,6,0,1,0.78,0.7121,0.52,0.1045,80,129,209
4993,2011-07-31,3,0,7,22,0,0,0,1,0.74,0.697,0.7,0.2985,25,71,96
5017,2011-08-01,3,0,8,22,0,1,1,1,0.7,0.6515,0.7,0.0896,21,116,137
5041,2011-08-02,3,0,8,22,0,2,1,2,0.78,0.7424,0.59,0.1642,22,169,191
5065,2011-08-03,3,0,8,22,0,3,1,3,0.68,0.6364,0.89,0.1045,11,66,77
5089,2011-08-04,3,0,8,22,0,4,1,1,0.68,0.6364,0.74,0.194,33,141,174
5113,2011-08-05,3,0,8,22,0,5,1,1,0.7,0.6515,0.65,0.2239,51,137,188
5137,2011-08-06,3,0,8,22,0,6,0,2,0.7,0.6667,0.84,0.3284,24,96,120
5161,2011-08-07,3,0,8,22,0,0,0,1,0.7,0.6667,0.89,0.194,21,82,103
5185,2011-08-08,3,0,8,22,0,1,1,1,0.76,0.7121,0.58,0.1045,26,121,147
5209,2011-08-09,3,0,8,22,0,2,1,1,0.78,0.697,0.46,0.2985,28,127,155
5233,2011-08-10,3,0,8,22,0,3,1,1,0.74,0.6515,0.37,0,17,122,139
5257,2011-08-11,3,0,8,22,0,4,1,1,0.7,0.6515,0.48,0,34,123,157
5281,2011-08-12,3,0,8,22,0,5,1,1,0.68,0.6364,0.51,0,74,157,231
5305,2011-08-13,3,0,8,22,0,6,0,2,0.68,0.6364,0.83,0.3881,36,118,154
5329,2011-08-14,3,0,8,22,0,0,0,3,0.6,0.5455,0.88,0.4925,14,25,39
5353,2011-08-15,3,0,8,22,0,1,1,1,0.66,0.6212,0.69,0.2537,22,76,98
5377,2011-08-16,3,0,8,22,0,2,1,1,0.7,0.6515,0.61,0,31,121,152
5401,2011-08-17,3,0,8,22,0,3,1,1,0.7,0.6515,0.65,0.194,29,142,171
5425,2011-08-18,3,0,8,22,0,4,1,2,0.7,0.6667,0.74,0.1045,18,117,135
5449,2011-08-19,3,0,8,22,0,5,1,1,0.6,0.5455,0.88,0.1343,25,97,122
5473,2011-08-20,3,0,8,22,0,6,0,2,0.7,0.6667,0.74,0.194,77,146,223
5497,2011-08-21,3,0,8,22,0,0,0,2,0.7,0.6667,0.79,0.194,37,97,134
5521,2011-08-22,3,0,8,22,0,1,1,1,0.64,0.6212,0.38,0.2985,32,121,153
5545,2011-08-23,3,0,8,22,0,2,1,1,0.62,0.6212,0.57,0.1343,46,145,191
5569,2011-08-24,3,0,8,22,0,3,1,1,0.7,0.6515,0.65,0.3582,41,140,181
5593,2011-08-25,3,0,8,22,0,4,1,1,0.62,0.5758,0.83,0,21,126,147
5617,2011-08-26,3,0,8,22,0,5,1,1,0.72,0.697,0.79,0.1045,26,126,152
5652,2011-08-28,3,0,8,22,0,0,0,1,0.64,0.6061,0.69,0.1045,25,73,98
5676,2011-08-29,3,0,8,22,0,1,1,1,0.62,0.6212,0.57,0.1343,23,119,142
5700,2011-08-30,3,0,8,22,0,2,1,1,0.62,0.6061,0.61,0,22,121,143
5724,2011-08-31,3,0,8,22,0,3,1,1,0.64,0.6061,0.69,0,20,137,157
5748,2011-09-01,3,0,9,22,0,4,1,2,0.66,0.6212,0.57,0.2239,34,145,179
5772,2011-09-02,3,0,9,22,0,5,1,2,0.64,0.6061,0.73,0.1642,33,114,147
5796,2011-09-03,3,0,9,22,0,6,0,1,0.68,0.6364,0.83,0.1045,66,96,162
5820,2011-09-04,3,0,9,22,0,0,0,2,0.72,0.697,0.74,0.2836,70,85,155
5844,2011-09-05,3,0,9,22,1,1,0,2,0.6,0.5455,0.88,0.5821,15,49,64
5867,2011-09-06,3,0,9,22,0,2,1,2,0.54,0.5152,0.94,0.3284,5,79,84
5891,2011-09-07,3,0,9,22,0,3,1,3,0.62,0.5455,0.94,0.1642,3,26,29
5914,2011-09-08,3,0,9,22,0,4,1,3,0.62,0.5152,1,0.0896,5,65,70
5938,2011-09-09,3,0,9,22,0,5,1,1,0.62,0.5455,0.94,0,33,127,160
5962,2011-09-10,3,0,9,22,0,6,0,1,0.64,0.5909,0.78,0,49,126,175
5986,2011-09-11,3,0,9,22,0,0,0,1,0.62,0.6061,0.69,0.3881,21,74,95
6009,2011-09-12,3,0,9,22,0,1,1,1,0.62,0.5758,0.83,0.1642,16,134,150
6033,2011-09-13,3,0,9,22,0,2,1,1,0.64,0.5909,0.78,0.1343,24,120,144
6057,2011-09-14,3,0,9,22,0,3,1,2,0.66,0.6212,0.65,0.1343,20,140,160
6081,2011-09-15,3,0,9,22,0,4,1,1,0.44,0.4394,0.67,0.2836,7,108,115
6105,2011-09-16,3,0,9,22,0,5,1,1,0.48,0.4697,0.67,0.0896,32,135,167
6129,2011-09-17,3,0,9,22,0,6,0,1,0.5,0.4848,0.72,0.2239,31,112,143
6153,2011-09-18,3,0,9,22,0,0,0,2,0.54,0.5152,0.68,0.0896,9,75,84
6177,2011-09-19,3,0,9,22,0,1,1,2,0.56,0.5303,0.68,0.1642,25,104,129
6201,2011-09-20,3,0,9,22,0,2,1,1,0.56,0.5303,0.94,0,23,125,148
6225,2011-09-21,3,0,9,22,0,3,1,2,0.62,0.5455,0.94,0,15,112,127
6249,2011-09-22,3,0,9,22,0,4,1,2,0.62,0.5152,1,0.0896,21,166,187
6273,2011-09-23,4,0,9,22,0,5,1,1,0.6,0.5152,0.94,0.1642,31,126,157
6297,2011-09-24,4,0,9,22,0,6,0,2,0.62,0.5606,0.88,0,50,143,193
6321,2011-09-25,4,0,9,22,0,0,0,1,0.62,0.5606,0.88,0.0896,20,84,104
6345,2011-09-26,4,0,9,22,0,1,1,1,0.62,0.5455,0.94,0.1343,14,122,136
6369,2011-09-27,4,0,9,22,0,2,1,1,0.6,0.5455,0.88,0.0896,19,102,121
6393,2011-09-28,4,0,9,22,0,3,1,1,0.6,0.5455,0.88,0.0896,19,68,87
6417,2011-09-29,4,0,9,22,0,4,1,1,0.56,0.5303,0.68,0,25,150,175
6441,2011-09-30,4,0,9,22,0,5,1,1,0.52,0.5,0.55,0.3284,30,129,159
6465,2011-10-01,4,0,10,22,0,6,0,2,0.36,0.3485,0.93,0.2239,12,58,70
6489,2011-10-02,4,0,10,22,0,0,0,3,0.36,0.3636,0.81,0.0896,9,55,64
6513,2011-10-03,4,0,10,22,0,1,1,2,0.4,0.4091,0.82,0,12,79,91
6537,2011-10-04,4,0,10,22,0,2,1,1,0.5,0.4848,0.72,0.1343,8,106,114
6561,2011-10-05,4,0,10,22,0,3,1,1,0.52,0.5,0.72,0,20,134,154
6585,2011-10-06,4,0,10,22,0,4,1,1,0.46,0.4545,0.82,0,24,124,148
6609,2011-10-07,4,0,10,22,0,5,1,1,0.5,0.4848,0.68,0,27,119,146
6633,2011-10-08,4,0,10,22,0,6,0,1,0.5,0.4848,0.77,0,45,104,149
6657,2011-10-09,4,0,10,22,0,0,0,2,0.52,0.5,0.94,0,48,104,152
6681,2011-10-10,4,0,10,22,1,1,0,1,0.56,0.5303,0.88,0.0896,22,104,126
6705,2011-10-11,4,0,10,22,0,2,1,2,0.56,0.5303,0.83,0.194,27,120,147
6729,2011-10-12,4,0,10,22,0,3,1,3,0.54,0.5152,0.94,0.0896,3,40,43
6753,2011-10-13,4,0,10,22,0,4,1,1,0.62,0.5758,0.83,0.194,13,101,114
6777,2011-10-14,4,0,10,22,0,5,1,1,0.46,0.4545,0.59,0.2239,20,123,143
6801,2011-10-15,4,0,10,22,0,6,0,1,0.5,0.4848,0.36,0.1343,45,121,166
6825,2011-10-16,4,0,10,22,0,0,0,1,0.56,0.5303,0.49,0.4179,42,88,130
6849,2011-10-17,4,0,10,22,0,1,1,1,0.5,0.4848,0.77,0,16,88,104
6873,2011-10-18,4,0,10,22,0,2,1,2,0.52,0.5,0.77,0.1642,22,115,137
6896,2011-10-19,4,0,10,22,0,3,1,2,0.58,0.5455,0.94,0.3582,13,94,107
6920,2011-10-20,4,0,10,22,0,4,1,1,0.44,0.4394,0.51,0.3284,22,106,128
6944,2011-10-21,4,0,10,22,0,5,1,1,0.42,0.4242,0.54,0.1642,24,89,113
6968,2011-10-22,4,0,10,22,0,6,0,1,0.4,0.4091,0.76,0,30,114,144
6992,2011-10-23,4,0,10,22,0,0,0,1,0.42,0.4242,0.77,0.1045,25,69,94
7016,2011-10-24,4,0,10,22,0,1,1,1,0.48,0.4697,0.75,0.1642,3,76,79
7040,2011-10-25,4,0,10,22,0,2,1,1,0.46,0.4545,0.67,0.194,22,148,170
7064,2011-10-26,4,0,10,22,0,3,1,2,0.48,0.4697,0.88,0.0896,23,112,135
7088,2011-10-27,4,0,10,22,0,4,1,1,0.36,0.3182,0.66,0.4925,14,97,111
7112,2011-10-28,4,0,10,22,0,5,1,3,0.3,0.2879,0.75,0.2836,4,32,36
7136,2011-10-29,4,0,10,22,0,6,0,1,0.22,0.2121,0.87,0.2239,10,44,54
7160,2011-10-30,4,0,10,22,0,0,0,1,0.3,0.3333,0.75,0,13,58,71
7184,2011-10-31,4,0,10,22,0,1,1,2,0.36,0.3485,0.76,0.194,8,77,85
7208,2011-11-01,4,0,11,22,0,2,1,1,0.36,0.3788,0.81,0,5,91,96
7232,2011-11-02,4,0,11,22,0,3,1,1,0.36,0.3485,0.71,0.1343,7,99,106
7256,2011-11-03,4,0,11,22,0,4,1,1,0.4,0.4091,0.82,0,21,116,137
7280,2011-11-04,4,0,11,22,0,5,1,1,0.34,0.303,0.46,0.3284,6,109,115
7304,2011-11-05,4,0,11,22,0,6,0,1,0.3,0.3333,0.65,0,10,72,82
7328,2011-11-06,4,0,11,22,0,0,0,1,0.36,0.3788,0.87,0,5,40,45
7352,2011-11-07,4,0,11,22,0,1,1,1,0.36,0.3636,0.81,0.0896,6,102,108
7376,2011-11-08,4,0,11,22,0,2,1,1,0.36,0.3788,0.87,0,13,95,108
7400,2011-11-09,4,0,11,22,0,3,1,1,0.4,0.4091,0.87,0,9,105,114
7424,2011-11-10,4,0,11,22,0,4,1,1,0.36,0.3333,0.53,0.2836,5,84,89
7448,2011-11-11,4,0,11,22,1,5,0,1,0.32,0.3182,0.39,0.194,13,78,91
7472,2011-11-12,4,0,11,22,0,6,0,1,0.42,0.4242,0.47,0.2537,30,88,118
7496,2011-11-13,4,0,11,22,0,0,0,1,0.48,0.4697,0.41,0.3881,25,64,89
7520,2011-11-14,4,0,11,22,0,1,1,1,0.58,0.5455,0.56,0.3582,17,96,113
7544,2011-11-15,4,0,11,22,0,2,1,2,0.46,0.4545,0.88,0.1045,19,109,128
7568,2011-11-16,4,0,11,22,0,3,1,3,0.42,0.4242,0.88,0.2239,1,45,46
7592,2011-11-17,4,0,11,22,0,4,1,1,0.26,0.2424,0.52,0.2537,1,83,84
7616,2011-11-18,4,0,11,22,0,5,1,1,0.26,0.2727,0.52,0.1045,9,88,97
7640,2011-11-19,4,0,11,22,0,6,0,2,0.38,0.3939,0.62,0.1642,26,80,106
7664,2011-11-20,4,0,11,22,0,0,0,3,0.46,0.4545,0.88,0.0896,5,35,40
7688,2011-11-21,4,0,11,22,0,1,1,3,0.4,0.4091,0.87,0.1343,6,72,78
7712,2011-11-22,4,0,11,22,0,2,1,2,0.5,0.4848,0.94,0.194,6,81,87
7736,2011-11-23,4,0,11,22,0,3,1,1,0.34,0.303,0.61,0.4478,3,59,62
7760,2011-11-24,4,0,11,22,1,4,0,1,0.36,0.3485,0.71,0.1642,8,14,22
7784,2011-11-25,4,0,11,22,0,5,1,1,0.34,0.3485,0.71,0.0896,12,46,58
7808,2011-11-26,4,0,11,22,0,6,0,2,0.38,0.3939,0.76,0,14,51,65
7832,2011-11-27,4,0,11,22,0,0,0,1,0.48,0.4697,0.72,0.2537,13,53,66
7855,2011-11-28,4,0,11,22,0,1,1,2,0.52,0.5,0.83,0.1045,7,102,109
7879,2011-11-29,4,0,11,22,0,2,1,1,0.38,0.3939,0.82,0.2985,5,90,95
7903,2011-11-30,4,0,11,22,0,3,1,1,0.3,0.2727,0.56,0.2985,5,82,87
7927,2011-12-01,4,0,12,22,0,4,1,1,0.3,0.3333,0.61,0,5,99,104
7951,2011-12-02,4,0,12,22,0,5,1,1,0.32,0.3182,0.53,0.194,7,95,102
7975,2011-12-03,4,0,12,22,0,6,0,2,0.32,0.3333,0.61,0.0896,17,97,114
7999,2011-12-04,4,0,12,22,0,0,0,1,0.34,0.3485,0.87,0.1045,5,59,64
8023,2011-12-05,4,0,12,22,0,1,1,2,0.44,0.4394,0.88,0.1343,12,94,106
8047,2011-12-06,4,0,12,22,0,2,1,3,0.46,0.4545,1,0.1642,5,82,87
8071,2011-12-07,4,0,12,22,0,3,1,3,0.24,0.197,0.93,0.4478,0,13,13
8095,2011-12-08,4,0,12,22,0,4,1,1,0.26,0.2727,0.65,0.1343,8,84,92
8119,2011-12-09,4,0,12,22,0,5,1,1,0.28,0.3182,0.87,0,15,114,129
8143,2011-12-10,4,0,12,22,0,6,0,1,0.22,0.2273,0.41,0.1343,7,88,95
8167,2011-12-11,4,0,12,22,0,0,0,1,0.22,0.2727,0.55,0,7,36,43
8191,2011-12-12,4,0,12,22,0,1,1,1,0.26,0.303,0.7,0,0,71,71
8215,2011-12-13,4,0,12,22,0,2,1,1,0.3,0.303,0.52,0.1642,5,102,107
8239,2011-12-14,4,0,12,22,0,3,1,1,0.34,0.3333,0.66,0.1642,5,99,104
8263,2011-12-15,4,0,12,22,0,4,1,1,0.52,0.5,0.63,0.3284,8,116,124
8287,2011-12-16,4,0,12,22,0,5,1,2,0.3,0.303,0.49,0.1642,6,100,106
8311,2011-12-17,4,0,12,22,0,6,0,1,0.2,0.2121,0.75,0.1642,7,73,80
8335,2011-12-18,4,0,12,22,0,0,0,1,0.22,0.2273,0.75,0.194,2,47,49
8359,2011-12-19,4,0,12,22,0,1,1,2,0.36,0.3485,0.57,0.1642,12,95,107
8383,2011-12-20,4,0,12,22,0,2,1,2,0.36,0.3788,0.66,0,3,104,107
8407,2011-12-21,1,0,12,22,0,3,1,1,0.5,0.4848,0.88,0.2537,3,102,105
8431,2011-12-22,1,0,12,22,0,4,1,3,0.36,0.3636,0.93,0.1045,0,17,17
8455,2011-12-23,1,0,12,22,0,5,1,1,0.32,0.3182,0.66,0.194,4,43,47
8479,2011-12-24,1,0,12,22,0,6,0,1,0.24,0.2879,0.52,0,8,12,20
8502,2011-12-25,1,0,12,22,0,0,0,1,0.28,0.2727,0.61,0.1642,2,15,17
8525,2011-12-26,1,0,12,22,1,1,0,1,0.26,0.303,0.7,0,5,22,27
8549,2011-12-27,1,0,12,22,0,2,1,1,0.32,0.3333,0.87,0.0896,3,29,32
8572,2011-12-28,1,0,12,22,0,3,1,1,0.22,0.2424,0.44,0.1045,2,31,33
8596,2011-12-29,1,0,12,22,0,4,1,1,0.28,0.2879,0.65,0.1343,7,48,55
8620,2011-12-30,1,0,12,22,0,5,1,2,0.34,0.3333,0.71,0.1642,7,78,85
8644,2011-12-31,1,0,12,22,0,6,0,1,0.38,0.3939,0.62,0.1343,2,36,38
8668,2012-01-01,1,1,1,22,0,0,0,1,0.46,0.4545,0.55,0.4179,13,53,66
8691,2012-01-02,1,1,1,22,1,1,0,2,0.22,0.2121,0.44,0.2836,3,36,39
8715,2012-01-03,1,1,1,22,0,2,1,1,0.1,0.1061,0.46,0.2537,0,33,33
8739,2012-01-04,1,1,1,22,0,3,1,2,0.2,0.2273,0.47,0.0896,4,48,52
8763,2012-01-05,1,1,1,22,0,4,1,1,0.26,0.2576,0.6,0.1642,1,70,71
8787,2012-01-06,1,1,1,22,0,5,1,1,0.36,0.3485,0.5,0.194,12,123,135
8811,2012-01-07,1,1,1,22,0,6,0,1,0.44,0.4394,0.38,0.2537,16,93,109
8835,2012-01-08,1,1,1,22,0,0,0,1,0.26,0.2727,0.6,0.1045,4,54,58
8859,2012-01-09,1,1,1,22,0,1,1,2,0.2,0.2273,0.92,0.1045,8,54,62
8882,2012-01-10,1,1,1,22,0,2,1,1,0.3,0.303,0.7,0.0896,10,104,114
8906,2012-01-11,1,1,1,22,0,3,1,3,0.34,0.3333,0.87,0.194,0,49,49
8930,2012-01-12,1,1,1,22,0,4,1,1,0.38,0.3939,0.76,0.2985,12,121,133
8954,2012-01-13,1,1,1,22,0,5,1,1,0.2,0.1818,0.47,0.3284,7,58,65
8978,2012-01-14,1,1,1,22,0,6,0,1,0.16,0.1364,0.47,0.3582,4,62,66
9002,2012-01-15,1,1,1,22,0,0,0,1,0.18,0.2121,0.37,0.0896,2,58,60
9026,2012-01-16,1,1,1,22,1,1,0,2,0.3,0.2727,0.49,0.3582,4,39,43
9049,2012-01-17,1,1,1,22,0,2,1,1,0.46,0.4545,0.72,0.3881,5,85,90
9073,2012-01-18,1,1,1,22,0,3,1,1,0.18,0.1667,0.47,0.2537,4,74,78
9097,2012-01-19,1,1,1,22,0,4,1,2,0.26,0.2273,0.44,0.4179,0,90,90
9121,2012-01-20,1,1,1,22,0,5,1,2,0.2,0.197,0.37,0.2239,1,71,72
9145,2012-01-21,1,1,1,22,0,6,0,2,0.18,0.1667,0.74,0.2985,3,56,59
9169,2012-01-22,1,1,1,22,0,0,0,2,0.16,0.197,0.93,0.0896,0,58,58
9193,2012-01-23,1,1,1,22,0,1,1,2,0.26,0.2424,1,0.2836,4,64,68
9217,2012-01-24,1,1,1,22,0,2,1,1,0.32,0.3485,0.81,0,14,111,125
9241,2012-01-25,1,1,1,22,0,3,1,1,0.3,0.3182,0.65,0.0896,12,101,113
9265,2012-01-26,1,1,1,22,0,4,1,1,0.38,0.3939,0.82,0.1045,3,139,142
9289,2012-01-27,1,1,1,22,0,5,1,1,0.34,0.303,0.49,0.3881,11,108,119
9313,2012-01-28,1,1,1,22,0,6,0,1,0.34,0.3333,0.34,0.194,6,97,103
9337,2012-01-29,1,1,1,22,0,0,0,1,0.32,0.2879,0.26,0.3881,7,57,64
9361,2012-01-30,1,1,1,22,0,1,1,1,0.28,0.2727,0.48,0.2239,2,92,94
9385,2012-01-31,1,1,1,22,0,2,1,1,0.44,0.4394,0.35,0.2985,11,118,129
9409,2012-02-01,1,1,2,22,0,3,1,1,0.5,0.4848,0.55,0.194,7,133,140
9433,2012-02-02,1,1,2,22,0,4,1,1,0.32,0.2879,0.49,0.4179,3,106,109
9457,2012-02-03,1,1,2,22,0,5,1,1,0.34,0.3485,0.49,0.1045,3,116,119
9481,2012-02-04,1,1,2,22,0,6,0,2,0.24,0.2576,0.87,0.0896,4,91,95
9505,2012-02-05,1,1,2,22,0,0,0,1,0.26,0.2727,0.6,0.1045,9,182,191
9528,2012-02-06,1,1,2,22,0,1,1,1,0.3,0.303,0.65,0.1343,4,83,87
9552,2012-02-07,1,1,2,22,0,2,1,1,0.32,0.3182,0.57,0.194,11,107,118
9576,2012-02-08,1,1,2,22,0,3,1,2,0.24,0.2424,0.87,0.1343,3,95,98
9600,2012-02-09,1,1,2,22,0,4,1,2,0.3,0.3333,0.56,0,3,104,107
9624,2012-02-10,1,1,2,22,0,5,1,2,0.32,0.3485,0.66,0,11,102,113
9648,2012-02-11,1,1,2,22,0,6,0,2,0.14,0.1061,0.39,0.3881,0,46,46
9672,2012-02-12,1,1,2,22,0,0,0,1,0.14,0.1515,0.43,0.1642,0,28,28
9696,2012-02-13,1,1,2,22,0,1,1,1,0.26,0.2727,0.56,0.1045,3,99,102
9720,2012-02-14,1,1,2,22,0,2,1,2,0.36,0.3636,0.5,0.1045,5,72,77
9744,2012-02-15,1,1,2,22,0,3,1,1,0.34,0.3485,0.49,0.1045,3,104,107
9768,2012-02-16,1,1,2,22,0,4,1,2,0.32,0.3485,0.81,0,3,108,111
9792,2012-02-17,1,1,2,22,0,5,1,1,0.36,0.3485,0.4,0.2239,15,92,107
9816,2012-02-18,1,1,2,22,0,6,0,1,0.4,0.4091,0.4,0.4478,17,101,118
9840,2012-02-19,1,1,2,22,0,0,0,3,0.24,0.2576,0.75,0.0896,8,47,55
9863,2012-02-20,1,1,2,22,1,1,0,1,0.3,0.3182,0.45,0.0896,9,53,62
9886,2012-02-21,1,1,2,22,0,2,1,2,0.34,0.3333,0.71,0.194,3,97,100
9910,2012-02-22,1,1,2,22,0,3,1,2,0.44,0.4394,0.47,0.2537,18,129,147
9934,2012-02-23,1,1,2,22,0,4,1,1,0.44,0.4394,0.54,0.2537,19,118,137
9958,2012-02-24,1,1,2,22,0,5,1,1,0.4,0.4091,0.37,0.5821,4,102,106
9982,2012-02-25,1,1,2,22,0,6,0,1,0.24,0.197,0.38,0.4627,4,78,82
10006,2012-02-26,1,1,2,22,0,0,0,1,0.3,0.2879,0.42,0.2239,3,68,71
10030,2012-02-27,1,1,2,22,0,1,1,1,0.44,0.4394,0.44,0.2537,9,83,92
10054,2012-02-28,1,1,2,22,0,2,1,1,0.34,0.3485,0.46,0.1045,6,95,101
10077,2012-02-29,1,1,2,22,0,3,1,3,0.42,0.4242,0.94,0.2537,2,53,55
10101,2012-03-01,1,1,3,22,0,4,1,1,0.38,0.3939,0.5,0.2537,3,123,126
10125,2012-03-02,1,1,3,22,0,5,1,2,0.36,0.3788,0.87,0,6,69,75
10149,2012-03-03,1,1,3,22,0,6,0,1,0.44,0.4394,0.21,0.1343,19,115,134
10173,2012-03-04,1,1,3,22,0,0,0,1,0.26,0.2424,0.41,0.2537,9,53,62
10197,2012-03-05,1,1,3,22,0,1,1,1,0.24,0.2121,0.35,0.3284,2,76,78
10221,2012-03-06,1,1,3,22,0,2,1,1,0.28,0.2727,0.56,0.1642,5,101,106
10245,2012-03-07,1,1,3,22,0,3,1,1,0.46,0.4545,0.59,0.2985,10,149,159
10269,2012-03-08,1,1,3,22,0,4,1,1,0.56,0.5303,0.49,0.3284,12,141,153
10293,2012-03-09,1,1,3,22,0,5,1,1,0.34,0.2879,0.31,0.4925,7,100,107
10317,2012-03-10,1,1,3,22,0,6,0,1,0.26,0.2576,0.44,0.1642,19,81,100
10340,2012-03-11,1,1,3,22,0,0,0,1,0.4,0.4091,0.54,0.194,13,81,94
10364,2012-03-12,1,1,3,22,0,1,1,2,0.56,0.5303,0.56,0.2239,17,116,133
10388,2012-03-13,1,1,3,22,0,2,1,1,0.56,0.5303,0.6,0.0896,24,146,170
10412,2012-03-14,1,1,3,22,0,3,1,1,0.52,0.5,0.55,0.1343,43,159,202
10436,2012-03-15,1,1,3,22,0,4,1,1,0.52,0.5,0.68,0.1343,32,137,169
10460,2012-03-16,1,1,3,22,0,5,1,2,0.44,0.4394,0.94,0,16,132,148
10484,2012-03-17,1,1,3,22,0,6,0,1,0.54,0.5152,0.68,0,58,153,211
10508,2012-03-18,1,1,3,22,0,0,0,1,0.5,0.4848,0.77,0.1045,21,79,100
10532,2012-03-19,1,1,3,22,0,1,1,2,0.56,0.5303,0.73,0.1642,17,131,148
10556,2012-03-20,1,1,3,22,0,2,1,1,0.54,0.5152,0.77,0,32,156,188
10580,2012-03-21,2,1,3,22,0,3,1,1,0.52,0.5,0.83,0.1642,41,156,197
10604,2012-03-22,2,1,3,22,0,4,1,1,0.56,0.5303,0.83,0.194,56,164,220
10628,2012-03-23,2,1,3,22,0,5,1,1,0.6,0.6061,0.64,0.2836,53,218,271
10652,2012-03-24,2,1,3,22,0,6,0,3,0.44,0.4394,1,0.2537,12,71,83
10676,2012-03-25,2,1,3,22,0,0,0,1,0.46,0.4545,0.82,0.1343,19,92,111
10700,2012-03-26,2,1,3,22,0,1,1,1,0.36,0.3333,0.25,0.3582,13,80,93
10724,2012-03-27,2,1,3,22,0,2,1,1,0.36,0.3485,0.37,0.1343,7,127,134
10748,2012-03-28,2,1,3,22,0,3,1,1,0.56,0.5303,0.64,0.1343,21,151,172
10772,2012-03-29,2,1,3,22,0,4,1,1,0.42,0.4242,0.44,0.2836,17,135,152
10796,2012-03-30,2,1,3,22,0,5,1,1,0.36,0.3485,0.71,0.1642,23,130,153
10820,2012-03-31,2,1,3,22,0,6,0,2,0.38,0.3939,0.71,0.2537,40,116,156
10844,2012-04-01,2,1,4,22,0,0,0,3,0.5,0.4848,0.63,0.1045,7,61,68
10867,2012-04-02,2,1,4,22,0,1,1,1,0.42,0.4242,0.44,0.194,17,106,123
10891,2012-04-03,2,1,4,22,0,2,1,1,0.5,0.4848,0.51,0,25,133,158
10915,2012-04-04,2,1,4,22,0,3,1,1,0.56,0.5303,0.22,0.1642,30,151,181
10939,2012-04-05,2,1,4,22,0,4,1,1,0.4,0.4091,0.47,0.194,20,129,149
10963,2012-04-06,2,1,4,22,0,5,1,1,0.4,0.4091,0.35,0.2239,34,124,158
10987,2012-04-07,2,1,4,22,0,6,0,1,0.48,0.4697,0.2,0.194,76,106,182
11011,2012-04-08,2,1,4,22,0,0,0,1,0.5,0.4848,0.36,0.2239,33,85,118
11035,2012-04-09,2,1,4,22,0,1,1,2,0.46,0.4545,0.41,0.4925,6,102,108
11059,2012-04-10,2,1,4,22,0,2,1,1,0.4,0.4091,0.37,0.4925,9,118,127
11082,2012-04-11,2,1,4,22,0,3,1,1,0.34,0.303,0.57,0.3284,4,130,134
11106,2012-04-12,2,1,4,22,0,4,1,1,0.42,0.4242,0.35,0.194,15,143,158
11130,2012-04-13,2,1,4,22,0,5,1,1,0.44,0.4394,0.62,0.1045,34,181,215
11154,2012-04-14,2,1,4,22,0,6,0,2,0.54,0.5152,0.52,0.1642,64,148,212
11178,2012-04-15,2,1,4,22,0,0,0,1,0.68,0.6364,0.44,0.3582,37,97,134
11202,2012-04-16,2,1,4,22,1,1,0,1,0.68,0.6364,0.51,0.2537,35,179,214
11226,2012-04-17,2,1,4,22,0,2,1,1,0.54,0.5152,0.3,0.2537,18,144,162
11250,2012-04-18,2,1,4,22,0,3,1,2,0.42,0.4242,0.77,0.0896,9,153,162
11274,2012-04-19,2,1,4,22,0,4,1,1,0.52,0.5,0.59,0.194,29,219,248
11298,2012-04-20,2,1,4,22,0,5,1,1,0.54,0.5152,0.68,0.2537,26,176,202
11322,2012-04-21,2,1,4,22,0,6,0,1,0.48,0.4697,0.82,0.2985,20,90,110
11346,2012-04-22,2,1,4,22,0,0,0,3,0.34,0.2879,0.87,0.5224,0,13,13
11370,2012-04-23,2,1,4,22,0,1,1,1,0.32,0.3182,0.76,0.194,18,71,89
11394,2012-04-24,2,1,4,22,0,2,1,1,0.44,0.4394,0.35,0.1045,8,149,157
11418,2012-04-25,2,1,4,22,0,3,1,1,0.5,0.4848,0.51,0,22,170,192
11442,2012-04-26,2,1,4,22,0,4,1,1,0.52,0.5,0.83,0.1642,20,163,183
11466,2012-04-27,2,1,4,22,0,5,1,1,0.42,0.4242,0.38,0.2537,24,134,158
11490,2012-04-28,2,1,4,22,0,6,0,2,0.36,0.3485,0.71,0.1343,17,66,83
11514,2012-04-29,2,1,4,22,0,0,0,1,0.5,0.4848,0.45,0,23,85,108
11538,2012-04-30,2,1,4,22,0,1,1,2,0.52,0.5,0.55,0.1642,11,123,134
11562,2012-05-01,2,1,5,22,0,2,1,1,0.64,0.6061,0.65,0,21,190,211
11586,2012-05-02,2,1,5,22,0,3,1,1,0.5,0.4848,0.82,0.2239,27,146,173
11610,2012-05-03,2,1,5,22,0,4,1,1,0.62,0.5909,0.78,0,29,217,246
11634,2012-05-04,2,1,5,22,0,5,1,1,0.6,0.5606,0.83,0.1343,50,182,232
11658,2012-05-05,2,1,5,22,0,6,0,2,0.58,0.5455,0.78,0.194,67,150,217
11682,2012-05-06,2,1,5,22,0,0,0,1,0.56,0.5303,0.73,0.1642,44,113,157
11706,2012-05-07,2,1,5,22,0,1,1,2,0.54,0.5152,0.45,0.2537,26,147,173
11730,2012-05-08,2,1,5,22,0,2,1,3,0.6,0.5758,0.78,0.2537,13,134,147
11754,2012-05-09,2,1,5,22,0,3,1,3,0.48,0.4697,0.82,0.1045,5,62,67
11778,2012-05-10,2,1,5,22,0,4,1,1,0.5,0.4848,0.42,0.1045,36,196,232
11802,2012-05-11,2,1,5,22,0,5,1,1,0.56,0.5303,0.35,0.2239,44,190,234
11826,2012-05-12,2,1,5,22,0,6,0,1,0.56,0.5303,0.68,0.1343,62,212,274
11850,2012-05-13,2,1,5,22,0,0,0,2,0.62,0.6061,0.61,0.1642,42,89,131
11874,2012-05-14,2,1,5,22,0,1,1,2,0.58,0.5455,0.78,0.0896,11,118,129
11898,2012-05-15,2,1,5,22,0,2,1,1,0.58,0.5455,0.78,0.2239,9,74,83
11922,2012-05-16,2,1,5,22,0,3,1,1,0.64,0.6061,0.73,0.1642,33,253,286
11946,2012-05-17,2,1,5,22,0,4,1,1,0.56,0.5303,0.43,0.0896,42,209,251
11970,2012-05-18,2,1,5,22,0,5,1,1,0.56,0.5303,0.52,0.3284,57,194,251
11994,2012-05-19,2,1,5,22,0,6,0,1,0.64,0.6212,0.47,0,104,234,338
12018,2012-05-20,2,1,5,22,0,0,0,1,0.62,0.5909,0.73,0.3284,44,101,145
12042,2012-05-21,2,1,5,22,0,1,1,2,0.62,0.5909,0.73,0.1642,26,116,142
12066,2012-05-22,2,1,5,22,0,2,1,1,0.62,0.5909,0.73,0.0896,17,157,174
12090,2012-05-23,2,1,5,22,0,3,1,2,0.62,0.5758,0.83,0.1642,23,136,159
12114,2012-05-24,2,1,5,22,0,4,1,2,0.64,0.5909,0.78,0.1045,33,210,243
12138,2012-05-25,2,1,5,22,0,5,1,1,0.66,0.6212,0.74,0.1045,65,147,212
12162,2012-05-26,2,1,5,22,0,6,0,1,0.7,0.6667,0.74,0.2537,86,118,204
12186,2012-05-27,2,1,5,22,0,0,0,3,0.62,0.5758,0.83,0,9,50,59
12210,2012-05-28,2,1,5,22,1,1,0,1,0.74,0.697,0.7,0.1642,47,110,157
12234,2012-05-29,2,1,5,22,0,2,1,2,0.62,0.5606,0.88,0.0896,2,53,55
12258,2012-05-30,2,1,5,22,0,3,1,1,0.66,0.6212,0.69,0.1045,26,191,217
12282,2012-05-31,2,1,5,22,0,4,1,1,0.66,0.6212,0.5,0.1642,43,221,264
12306,2012-06-01,2,1,6,22,0,5,1,3,0.6,0.5455,0.88,0.1343,1,22,23
12330,2012-06-02,2,1,6,22,0,6,0,1,0.58,0.5455,0.46,0.1343,52,176,228
12354,2012-06-03,2,1,6,22,0,0,0,1,0.62,0.6212,0.5,0.3881,61,165,226
12378,2012-06-04,2,1,6,22,0,1,1,1,0.56,0.5303,0.52,0.2836,41,127,168
12402,2012-06-05,2,1,6,22,0,2,1,1,0.56,0.5303,0.52,0.1045,22,171,193
12426,2012-06-06,2,1,6,22,0,3,1,1,0.52,0.5,0.77,0.0896,27,221,248
12450,2012-06-07,2,1,6,22,0,4,1,1,0.6,0.6212,0.46,0.1642,35,193,228
12474,2012-06-08,2,1,6,22,0,5,1,1,0.68,0.6364,0.41,0.1045,61,230,291
12498,2012-06-09,2,1,6,22,0,6,0,1,0.7,0.6515,0.58,0.1642,63,151,214
12522,2012-06-10,2,1,6,22,0,0,0,1,0.7,0.6515,0.65,0.1642,42,117,159
12546,2012-06-11,2,1,6,22,0,1,1,2,0.72,0.6667,0.58,0.194,22,142,164
12570,2012-06-12,2,1,6,22,0,2,1,1,0.66,0.5909,0.94,0.1045,19,188,207
12594,2012-06-13,2,1,6,22,0,3,1,1,0.62,0.6212,0.5,0.2985,29,209,238
12618,2012-06-14,2,1,6,22,0,4,1,2,0.64,0.6061,0.65,0.2239,46,196,242
12642,2012-06-15,2,1,6,22,0,5,1,1,0.64,0.6212,0.53,0.1343,79,242,321
12666,2012-06-16,2,1,6,22,0,6,0,1,0.62,0.6212,0.53,0.2985,91,189,280
12690,2012-06-17,2,1,6,22,0,0,0,1,0.6,0.6061,0.6,0.194,55,98,153
12714,2012-06-18,2,1,6,22,0,1,1,2,0.62,0.5909,0.73,0.1642,21,143,164
12738,2012-06-19,2,1,6,22,0,2,1,1,0.72,0.697,0.79,0.0896,51,240,291
12762,2012-06-20,2,1,6,22,0,3,1,1,0.82,0.7576,0.46,0.1045,31,226,257
12786,2012-06-21,3,1,6,22,0,4,1,1,0.8,0.7879,0.63,0.1642,22,221,243
12810,2012-06-22,3,1,6,22,0,5,1,1,0.68,0.6364,0.69,0.1343,42,155,197
12834,2012-06-23,3,1,6,22,0,6,0,1,0.74,0.6515,0.37,0.1045,101,178,279
12858,2012-06-24,3,1,6,22,0,0,0,1,0.74,0.6818,0.55,0.1045,53,125,178
12882,2012-06-25,3,1,6,22,0,1,1,1,0.66,0.6212,0.29,0.3881,21,166,187
12906,2012-06-26,3,1,6,22,0,2,1,1,0.66,0.6212,0.34,0.2537,26,219,245
12930,2012-06-27,3,1,6,22,0,3,1,1,0.72,0.6515,0.39,0.0896,52,245,297
12954,2012-06-28,3,1,6,22,0,4,1,1,0.76,0.697,0.52,0.1642,50,224,274
12978,2012-06-29,3,1,6,22,0,5,1,3,0.82,0.8333,0.63,0.194,34,129,163
13002,2012-06-30,3,1,6,22,0,6,0,1,0.78,0.7424,0.62,0.1642,38,134,172
13026,2012-07-01,3,1,7,22,0,0,0,1,0.82,0.7424,0.43,0.1343,41,110,151
13050,2012-07-02,3,1,7,22,0,1,1,1,0.74,0.6667,0.51,0.1642,19,169,188
13074,2012-07-03,3,1,7,22,0,2,1,1,0.68,0.6364,0.79,0.194,26,151,177
13098,2012-07-04,3,1,7,22,1,3,0,1,0.82,0.7879,0.56,0.2239,175,327,502
13122,2012-07-05,3,1,7,22,0,4,1,1,0.82,0.803,0.59,0.1343,63,162,225
13146,2012-07-06,3,1,7,22,0,5,1,1,0.8,0.7576,0.55,0.194,78,210,288
13170,2012-07-07,3,1,7,22,0,6,0,1,0.84,0.8333,0.59,0.194,56,164,220
13194,2012-07-08,3,1,7,22,0,0,0,3,0.74,0.697,0.7,0.0896,12,110,122
13218,2012-07-09,3,1,7,22,0,1,1,2,0.72,0.6667,0.58,0.1045,35,189,224
13242,2012-07-10,3,1,7,22,0,2,1,2,0.64,0.5758,0.83,0.1343,14,125,139
13266,2012-07-11,3,1,7,22,0,3,1,1,0.72,0.6667,0.58,0.2537,41,203,244
13290,2012-07-12,3,1,7,22,0,4,1,1,0.72,0.6667,0.51,0.1642,56,262,318
13314,2012-07-13,3,1,7,22,0,5,1,1,0.74,0.6667,0.45,0,59,204,263
13338,2012-07-14,3,1,7,22,0,6,0,1,0.7,0.6667,0.79,0.194,65,160,225
13362,2012-07-15,3,1,7,22,0,0,0,1,0.72,0.697,0.74,0.1045,34,96,130
13386,2012-07-16,3,1,7,22,0,1,1,1,0.76,0.7121,0.62,0.0896,56,228,284
13410,2012-07-17,3,1,7,22,0,2,1,1,0.8,0.7576,0.55,0.2239,29,215,244
13434,2012-07-18,3,1,7,22,0,3,1,1,0.76,0.7121,0.58,0.0896,42,246,288
13458,2012-07-19,3,1,7,22,0,4,1,3,0.66,0.5909,0.89,0.2537,6,62,68
13482,2012-07-20,3,1,7,22,0,5,1,2,0.62,0.5758,0.83,0.194,13,122,135
13506,2012-07-21,3,1,7,22,0,6,0,2,0.6,0.5455,0.88,0.1045,40,140,180
13530,2012-07-22,3,1,7,22,0,0,0,1,0.7,0.6667,0.74,0.194,55,136,191
13554,2012-07-23,3,1,7,22,0,1,1,1,0.74,0.6818,0.62,0.194,40,169,209
13578,2012-07-24,3,1,7,22,0,2,1,1,0.74,0.697,0.66,0.2537,43,226,269
13602,2012-07-25,3,1,7,22,0,3,1,1,0.7,0.6515,0.58,0.1343,55,223,278
13626,2012-07-26,3,1,7,22,0,4,1,1,0.8,0.7424,0.49,0.6119,33,201,234
13650,2012-07-27,3,1,7,22,0,5,1,1,0.78,0.7424,0.59,0.1343,48,151,199
13674,2012-07-28,3,1,7,22,0,6,0,1,0.66,0.6061,0.78,0.0896,88,188,276
13698,2012-07-29,3,1,7,22,0,0,0,1,0.7,0.6515,0.7,0.1045,31,117,148
13722,2012-07-30,3,1,7,22,0,1,1,2,0.7,0.6667,0.74,0.2239,47,183,230
13746,2012-07-31,3,1,7,22,0,2,1,1,0.68,0.6364,0.74,0.2537,33,224,257
13770,2012-08-01,3,1,8,22,0,3,1,1,0.72,0.6818,0.7,0.1045,37,251,288
13794,2012-08-02,3,1,8,22,0,4,1,1,0.74,0.697,0.7,0.194,35,227,262
13818,2012-08-03,3,1,8,22,0,5,1,1,0.76,0.7273,0.7,0.2537,46,156,202
13842,2012-08-04,3,1,8,22,0,6,0,1,0.76,0.7273,0.66,0.2836,104,165,269
13866,2012-08-05,3,1,8,22,0,0,0,1,0.72,0.697,0.79,0.0896,57,100,157
13890,2012-08-06,3,1,8,22,0,1,1,1,0.74,0.697,0.7,0.0896,50,157,207
13914,2012-08-07,3,1,8,22,0,2,1,1,0.72,0.697,0.74,0.1045,43,181,224
13938,2012-08-08,3,1,8,22,0,3,1,1,0.72,0.697,0.74,0.1045,35,198,233
13962,2012-08-09,3,1,8,22,0,4,1,2,0.66,0.6212,0.69,0.2239,41,218,259
13986,2012-08-10,3,1,8,22,0,5,1,1,0.72,0.697,0.74,0.2836,50,168,218
14010,2012-08-11,3,1,8,22,0,6,0,2,0.66,0.5909,0.89,0.1642,40,128,168
14034,2012-08-12,3,1,8,22,0,0,0,1,0.7,0.6515,0.58,0.1343,40,141,181
14058,2012-08-13,3,1,8,22,0,1,1,1,0.72,0.6818,0.62,0.3284,44,148,192
14082,2012-08-14,3,1,8,22,0,2,1,1,0.72,0.6818,0.66,0.0896,28,161,189
14106,2012-08-15,3,1,8,22,0,3,1,1,0.7,0.6515,0.61,0.1642,29,197,226
14130,2012-08-16,3,1,8,22,0,4,1,1,0.72,0.6667,0.51,0.1642,69,185,254
14154,2012-08-17,3,1,8,22,0,5,1,3,0.66,0.2424,0.83,0.194,43,170,213
14178,2012-08-18,3,1,8,22,0,6,0,1,0.66,0.6212,0.61,0,90,171,261
14202,2012-08-19,3,1,8,22,0,0,0,2,0.62,0.5909,0.78,0.1642,6,50,56
14226,2012-08-20,3,1,8,22,0,1,1,2,0.6,0.5606,0.83,0,25,136,161
14250,2012-08-21,3,1,8,22,0,2,1,1,0.64,0.5909,0.78,0,24,208,232
14274,2012-08-22,3,1,8,22,0,3,1,1,0.64,0.6061,0.73,0,55,226,281
14298,2012-08-23,3,1,8,22,0,4,1,2,0.68,0.6364,0.61,0.1045,21,177,198
14322,2012-08-24,3,1,8,22,0,5,1,2,0.7,0.6515,0.61,0,42,209,251
14346,2012-08-25,3,1,8,22,0,6,0,1,0.62,0.5758,0.83,0.3582,46,136,182
14370,2012-08-26,3,1,8,22,0,0,0,1,0.62,0.5606,0.88,0.0896,20,94,114
14394,2012-08-27,3,1,8,22,0,1,1,1,0.7,0.6667,0.84,0.194,30,131,161
14418,2012-08-28,3,1,8,22,0,2,1,1,0.7,0.6515,0.54,0,20,196,216
14442,2012-08-29,3,1,8,22,0,3,1,1,0.66,0.6212,0.54,0,50,185,235
14466,2012-08-30,3,1,8,22,0,4,1,1,0.7,0.6515,0.7,0,38,253,291
14490,2012-08-31,3,1,8,22,0,5,1,1,0.76,0.7121,0.58,0.194,65,212,277
14514,2012-09-01,3,1,9,22,0,6,0,2,0.66,0.5909,0.89,0,21,57,78
14538,2012-09-02,3,1,9,22,0,0,0,3,0.68,0.6364,0.83,0.1343,66,100,166
14562,2012-09-03,3,1,9,22,1,1,0,2,0.7,0.6667,0.84,0.1343,17,104,121
14586,2012-09-04,3,1,9,22,0,2,1,1,0.74,0.697,0.7,0.2836,25,154,179
14610,2012-09-05,3,1,9,22,0,3,1,1,0.72,0.697,0.79,0,38,181,219
14634,2012-09-06,3,1,9,22,0,4,1,1,0.64,0.5758,0.89,0.1642,24,193,217
14658,2012-09-07,3,1,9,22,0,5,1,1,0.7,0.6667,0.74,0.2239,52,247,299
14682,2012-09-08,3,1,9,22,0,6,0,2,0.58,0.5455,0.78,0.2985,18,176,194
14706,2012-09-09,3,1,9,22,0,0,0,1,0.58,0.5455,0.49,0.2537,64,125,189
14730,2012-09-10,3,1,9,22,0,1,1,1,0.54,0.5152,0.52,0.1343,15,144,159
14754,2012-09-11,3,1,9,22,0,2,1,1,0.56,0.5303,0.64,0.1045,27,189,216
14778,2012-09-12,3,1,9,22,0,3,1,1,0.56,0.5303,0.64,0.0896,23,189,212
14802,2012-09-13,3,1,9,22,0,4,1,1,0.6,0.5909,0.69,0.1343,28,223,251
14826,2012-09-14,3,1,9,22,0,5,1,1,0.62,0.5758,0.83,0.194,40,189,229
14850,2012-09-15,3,1,9,22,0,6,0,1,0.56,0.5303,0.52,0,82,197,279
14874,2012-09-16,3,1,9,22,0,0,0,1,0.56,0.5303,0.68,0.0896,18,109,127
14898,2012-09-17,3,1,9,22,0,1,1,3,0.62,0.5758,0.83,0.2537,20,109,129
14922,2012-09-18,3,1,9,22,0,2,1,3,0.58,0.5455,0.83,0.4627,14,137,151
14946,2012-09-19,3,1,9,22,0,3,1,1,0.5,0.4848,0.63,0.0896,31,198,229
14970,2012-09-20,3,1,9,22,0,4,1,1,0.54,0.5152,0.73,0.1045,35,252,287
14994,2012-09-21,3,1,9,22,0,5,1,1,0.6,0.5909,0.73,0.194,47,248,295
15018,2012-09-22,3,1,9,22,0,6,0,1,0.62,0.6212,0.57,0.194,59,180,239
15042,2012-09-23,4,1,9,22,0,0,0,1,0.52,0.5,0.48,0,40,98,138
15066,2012-09-24,4,1,9,22,0,1,1,1,0.5,0.4848,0.51,0.2239,18,154,172
15090,2012-09-25,4,1,9,22,0,2,1,1,0.6,0.6212,0.56,0.2836,14,174,188
15114,2012-09-26,4,1,9,22,0,3,1,3,0.62,0.6061,0.69,0.194,21,194,215
15138,2012-09-27,4,1,9,22,0,4,1,3,0.62,0.5758,0.83,0.2985,2,45,47
15162,2012-09-28,4,1,9,22,0,5,1,2,0.58,0.5455,0.53,0.2239,30,190,220
15186,2012-09-29,4,1,9,22,0,6,0,1,0.5,0.4848,0.63,0.1045,48,173,221
15210,2012-09-30,4,1,9,22,0,0,0,1,0.48,0.4697,0.72,0,15,76,91
15234,2012-10-01,4,1,10,22,0,1,1,3,0.54,0.5152,0.77,0.0896,17,190,207
15258,2012-10-02,4,1,10,22,0,2,1,2,0.62,0.5455,0.94,0.1045,28,212,240
15282,2012-10-03,4,1,10,22,0,3,1,1,0.66,0.6212,0.74,0,9,232,241
15306,2012-10-04,4,1,10,22,0,4,1,1,0.64,0.6212,0.47,0.1343,29,203,232
15330,2012-10-05,4,1,10,22,0,5,1,1,0.6,0.5909,0.73,0.2836,63,201,264
15354,2012-10-06,4,1,10,22,0,6,0,1,0.44,0.4394,0.62,0.1343,45,140,185
15378,2012-10-07,4,1,10,22,0,0,0,1,0.38,0.3939,0.87,0.1343,7,72,79
15402,2012-10-08,4,1,10,22,1,1,0,3,0.4,0.4091,0.76,0.2537,6,101,107
15426,2012-10-09,4,1,10,22,0,2,1,2,0.48,0.4697,0.77,0.0896,7,155,162
15450,2012-10-10,4,1,10,22,0,3,1,1,0.46,0.4545,0.55,0.2985,27,170,197
15474,2012-10-11,4,1,10,22,0,4,1,1,0.4,0.4091,0.66,0.1642,10,167,177
15498,2012-10-12,4,1,10,22,0,5,1,1,0.4,0.4091,0.47,0.2985,17,143,160
15522,2012-10-13,4,1,10,22,0,6,0,1,0.4,0.4091,0.62,0,33,156,189
15546,2012-10-14,4,1,10,22,0,0,0,1,0.56,0.5303,0.73,0.3881,38,87,125
15570,2012-10-15,4,1,10,22,0,1,1,1,0.5,0.4848,0.59,0.2836,8,118,126
15594,2012-10-16,4,1,10,22,0,2,1,1,0.4,0.4091,0.71,0.0896,18,163,181
15618,2012-10-17,4,1,10,22,0,3,1,1,0.46,0.4545,0.88,0.2537,17,198,215
15642,2012-10-18,4,1,10,22,0,4,1,2,0.54,0.5152,0.83,0.194,27,202,229
15666,2012-10-19,4,1,10,22,0,5,1,1,0.5,0.4848,0.77,0.0896,14,176,190
15690,2012-10-20,4,1,10,22,0,6,0,1,0.44,0.4394,0.51,0.1045,47,155,202
15714,2012-10-21,4,1,10,22,0,0,0,1,0.42,0.4242,0.54,0,18,95,113
15738,2012-10-22,4,1,10,22,0,1,1,1,0.46,0.4545,0.82,0.1343,25,158,183
15762,2012-10-23,4,1,10,22,0,2,1,1,0.56,0.5303,0.68,0.1045,20,174,194
15786,2012-10-24,4,1,10,22,0,3,1,2,0.6,0.6061,0.64,0.1343,30,208,238
15810,2012-10-25,4,1,10,22,0,4,1,2,0.54,0.5152,0.83,0.0896,22,185,207
15834,2012-10-26,4,1,10,22,0,5,1,2,0.52,0.5,0.83,0.1343,37,180,217
15858,2012-10-27,4,1,10,22,0,6,0,2,0.52,0.5,0.72,0.2537,41,116,157
15882,2012-10-28,4,1,10,22,0,0,0,3,0.44,0.4394,0.88,0.3582,2,35,37
15894,2012-10-30,4,1,10,22,0,2,1,1,0.3,0.303,0.81,0.1343,2,64,66
15918,2012-10-31,4,1,10,22,0,3,1,1,0.36,0.3485,0.57,0.1343,18,147,165
15942,2012-11-01,4,1,11,22,0,4,1,1,0.36,0.3485,0.57,0.1642,27,175,202
15966,2012-11-02,4,1,11,22,0,5,1,1,0.36,0.3333,0.46,0.2537,14,135,149
15990,2012-11-03,4,1,11,22,0,6,0,1,0.32,0.3333,0.57,0.1045,13,133,146
16014,2012-11-04,4,1,11,22,0,0,0,1,0.3,0.2879,0.52,0.2836,15,64,79
16038,2012-11-05,4,1,11,22,0,1,1,1,0.28,0.2727,0.56,0.194,4,111,115
16062,2012-11-06,4,1,11,22,0,2,1,2,0.3,0.2879,0.56,0.2239,17,136,153
16086,2012-11-07,4,1,11,22,0,3,1,3,0.3,0.2879,0.56,0.2537,4,56,60
16109,2012-11-08,4,1,11,22,0,4,1,1,0.34,0.303,0.42,0.2985,14,147,161
16133,2012-11-09,4,1,11,22,0,5,1,1,0.34,0.3485,0.71,0.1045,17,146,163
16157,2012-11-10,4,1,11,22,0,6,0,1,0.38,0.3939,0.71,0.0896,39,154,193
16181,2012-11-11,4,1,11,22,0,0,0,1,0.42,0.4242,0.71,0.194,21,113,134
16205,2012-11-12,4,1,11,22,1,1,0,1,0.52,0.5,0.77,0.2537,12,100,112
16229,2012-11-13,4,1,11,22,0,2,1,1,0.26,0.2273,0.56,0.3284,15,120,135
16253,2012-11-14,4,1,11,22,0,3,1,1,0.28,0.3182,0.61,0,6,167,173
16277,2012-11-15,4,1,11,22,0,4,1,2,0.32,0.3182,0.66,0.1642,10,143,153
16301,2012-11-16,4,1,11,22,0,5,1,1,0.32,0.303,0.53,0.2537,23,139,162
16325,2012-11-17,4,1,11,22,0,6,0,2,0.32,0.3333,0.57,0.1045,15,130,145
16349,2012-11-18,4,1,11,22,0,0,0,2,0.36,0.3333,0.66,0.2537,8,66,74
16373,2012-11-19,4,1,11,22,0,1,1,1,0.34,0.3485,0.66,0.1045,7,106,113
16397,2012-11-20,4,1,11,22,0,2,1,1,0.36,0.3788,0.71,0,7,115,122
16421,2012-11-21,4,1,11,22,0,3,1,1,0.34,0.3636,0.49,0,6,82,88
16445,2012-11-22,4,1,11,22,1,4,0,1,0.32,0.3485,0.61,0,8,36,44
16469,2012-11-23,4,1,11,22,0,5,1,1,0.44,0.4394,0.33,0.5224,16,63,79
16493,2012-11-24,4,1,11,22,0,6,0,1,0.24,0.2273,0.44,0.2537,7,69,76
16517,2012-11-25,4,1,11,22,0,0,0,1,0.24,0.2879,0.6,0,3,59,62
16541,2012-11-26,4,1,11,22,0,1,1,1,0.32,0.3485,0.61,0,3,101,104
16565,2012-11-27,4,1,11,22,0,2,1,1,0.24,0.2424,0.81,0.1642,2,95,97
16589,2012-11-28,4,1,11,22,0,3,1,1,0.28,0.2727,0.45,0.1642,6,148,154
16612,2012-11-29,4,1,11,22,0,4,1,1,0.26,0.2879,0.7,0.0896,4,147,151
16636,2012-11-30,4,1,11,22,0,5,1,1,0.3,0.3333,0.75,0,18,145,163
16660,2012-12-01,4,1,12,22,0,6,0,2,0.3,0.3333,0.87,0,17,130,147
16684,2012-12-02,4,1,12,22,0,0,0,2,0.44,0.4394,0.77,0.194,11,85,96
16708,2012-12-03,4,1,12,22,0,1,1,1,0.42,0.4242,0.82,0.1045,5,139,144
16732,2012-12-04,4,1,12,22,0,2,1,2,0.5,0.4848,0.63,0.2985,26,155,181
16756,2012-12-05,4,1,12,22,0,3,1,1,0.32,0.2879,0.45,0.3881,4,101,105
16780,2012-12-06,4,1,12,22,0,4,1,1,0.24,0.2424,0.65,0.1642,2,131,133
16804,2012-12-07,4,1,12,22,0,5,1,2,0.36,0.3636,0.93,0.0896,15,150,165
16828,2012-12-08,4,1,12,22,0,6,0,2,0.38,0.3939,0.94,0.1045,23,137,160
16852,2012-12-09,4,1,12,22,0,0,0,3,0.36,0.3636,0.93,0.1045,3,75,78
16876,2012-12-10,4,1,12,22,0,1,1,2,0.5,0.4848,0.82,0.2239,11,115,126
16900,2012-12-11,4,1,12,22,0,2,1,1,0.3,0.2879,0.56,0.2239,6,100,106
16924,2012-12-12,4,1,12,22,0,3,1,2,0.3,0.2879,0.52,0.2239,4,118,122
16948,2012-12-13,4,1,12,22,0,4,1,1,0.26,0.2879,0.6,0.0896,7,141,148
16972,2012-12-14,4,1,12,22,0,5,1,1,0.28,0.2879,0.75,0.1045,4,134,138
16996,2012-12-15,4,1,12,22,0,6,0,1,0.36,0.3485,0.62,0.194,22,134,156
17020,2012-12-16,4,1,12,22,0,0,0,2,0.4,0.4091,0.82,0.194,6,83,89
17044,2012-12-17,4,1,12,22,0,1,1,2,0.42,0.4242,0.94,0.1343,5,49,54
17068,2012-12-18,4,1,12,22,0,2,1,1,0.34,0.3333,0.49,0,5,127,132
17092,2012-12-19,4,1,12,22,0,3,1,1,0.34,0.3485,0.61,0.0896,12,117,129
17116,2012-12-20,4,1,12,22,0,4,1,3,0.34,0.3333,0.87,0.194,1,20,21
17140,2012-12-21,1,1,12,22,0,5,1,1,0.26,0.2273,0.44,0.2985,6,57,63
17164,2012-12-22,1,1,12,22,0,6,0,1,0.22,0.2121,0.51,0.2836,1,38,39
17188,2012-12-23,1,1,12,22,0,0,0,1,0.24,0.2576,0.6,0.1045,5,53,58
17211,2012-12-24,1,1,12,22,0,1,1,2,0.24,0.2879,0.93,0,7,5,12
17234,2012-12-25,1,1,12,22,1,2,0,2,0.3,0.303,0.7,0.1642,3,16,19
17258,2012-12-26,1,1,12,22,0,3,1,3,0.24,0.197,0.93,0.4478,0,11,11
17282,2012-12-27,1,1,12,22,0,4,1,2,0.24,0.2121,0.6,0.2836,11,33,44
17306,2012-12-28,1,1,12,22,0,5,1,2,0.24,0.2576,0.7,0.0896,13,49,62
17330,2012-12-29,1,1,12,22,0,6,0,2,0.26,0.2424,0.6,0.4627,3,51,54
17354,2012-12-30,1,1,12,22,0,0,0,1,0.2,0.197,0.55,0.194,6,30,36
17378,2012-12-31,1,1,12,22,0,1,1,1,0.26,0.2727,0.56,0.1343,13,48,61
