24,2011-01-01,1,0,1,23,0,6,0,2,0.46,0.4545,0.88,0.2985,15,24,39
47,2011-01-02,1,0,1,23,0,0,0,1,0.22,0.2273,0.47,0.1642,0,8,8
69,2011-01-03,1,0,1,23,0,1,1,1,0.18,0.2121,0.55,0.1045,1,11,12
92,2011-01-04,1,0,1,23,0,2,1,1,0.2,0.2273,0.69,0.0896,2,9,11
115,2011-01-05,1,0,1,23,0,3,1,1,0.2,0.2576,0.47,0,1,18,19
138,2011-01-06,1,0,1,23,0,4,1,2,0.2,0.197,0.59,0.194,4,19,23
161,2011-01-07,1,0,1,23,0,5,1,2,0.18,0.197,0.51,0.1642,1,14,15
185,2011-01-08,1,0,1,23,0,6,0,1,0.1,0.0606,0.39,0.4478,0,22,22
209,2011-01-09,1,0,1,23,0,0,0,1,0.12,0.1364,0.5,0.194,0,6,6
233,2011-01-10,1,0,1,23,0,1,1,1,0.14,0.1515,0.59,0.1642,0,18,18
255,2011-01-11,1,0,1,23,0,2,1,3,0.16,0.197,0.93,0.0896,1,18,19
277,2011-01-12,1,0,1,23,0,3,1,1,0.14,0.1061,0.59,0.4179,1,19,20
301,2011-01-13,1,0,1,23,0,4,1,1,0.12,0.1364,0.5,0.194,1,14,15
324,2011-01-14,1,0,1,23,0,5,1,2,0.18,0.2424,0.55,0,1,26,27
348,2011-01-15,1,0,1,23,0,6,0,1,0.3,0.2879,0.45,0.2836,5,39,44
372,2011-01-16,1,0,1,23,0,0,0,2,0.2,0.2273,0.4,0.1045,0,18,18
396,2011-01-17,1,0,1,23,1,1,0,3,0.16,0.1364,0.86,0.2836,1,3,4
408,2011-01-18,1,0,1,23,0,2,1,2,0.22,0.2727,0.93,0,1,19,20
431,2011-01-19,1,0,1,23,0,3,1,1,0.3,0.2727,0.52,0.4627,1,27,28
455,2011-01-20,1,0,1,23,0,4,1,2,0.24,0.2121,0.65,0.3284,3,28,31
479,2011-01-21,1,0,1,23,0,5,1,1,0.06,0.0455,0.38,0.3284,0,27,27
502,2011-01-22,1,0,1,23,0,6,0,1,0.04,0.0758,0.57,0.1045,2,31,33
525,2011-01-23,1,0,1,23,0,0,0,1,0.06,0.0606,0.41,0.2239,4,17,21
548,2011-01-24,1,0,1,23,0,1,1,2,0.16,0.1515,0.64,0.2537,3,21,24
571,2011-01-25,1,0,1,23,0,2,1,2,0.22,0.2273,0.64,0.1642,3,37,40
595,2011-01-27,1,0,1,23,0,4,1,1,0.18,0.197,0.8,0.1642,0,16,16
618,2011-01-28,1,0,1,23,0,5,1,1,0.24,0.2273,0.6,0.2239,1,22,23
641,2011-01-29,1,0,1,23,0,6,0,1,0.16,0.197,0.8,0.0896,3,30,33
664,2011-01-30,1,0,1,23,0,0,0,2,0.24,0.2121,0.65,0.2836,5,16,21
688,2011-01-31,1,0,1,23,0,1,1,2,0.16,0.197,0.64,0.0896,2,15,17
711,2011-02-01,1,0,2,23,0,2,1,3,0.2,0.197,0.93,0.194,1,15,16
735,2011-02-02,1,0,2,23,0,3,1,1,0.2,0.1667,0.44,0.4478,3,29,32
758,2011-02-03,1,0,2,23,0,4,1,1,0.2,0.2273,0.47,0.1045,4,34,38
781,2011-02-04,1,0,2,23,0,5,1,2,0.24,0.2424,0.7,0.1343,1,30,31
805,2011-02-05,1,0,2,23,0,6,0,1,0.26,0.2576,0.93,0.2239,7,52,59
829,2011-02-06,1,0,2,23,0,0,0,1,0.24,0.2879,0.65,0,4,26,30
853,2011-02-07,1,0,2,23,0,1,1,2,0.3,0.3333,0.81,0,6,19,25
877,2011-02-08,1,0,2,23,0,2,1,1,0.12,0.1061,0.33,0.3284,3,9,12
900,2011-02-09,1,0,2,23,0,3,1,3,0.16,0.1515,0.8,0.194,0,37,37
923,2011-02-10,1,0,2,23,0,4,1,1,0.12,0.1515,0.42,0.1045,1,33,34
945,2011-02-11,1,0,2,23,0,5,1,1,0.18,0.2424,0.69,0,5,48,53
969,2011-02-12,1,0,2,23,0,6,0,1,0.22,0.2273,0.51,0.1343,1,31,32
992,2011-02-13,1,0,2,23,0,0,0,1,0.4,0.4091,0.35,0.3582,3,27,30
1016,2011-02-14,1,0,2,23,0,1,1,1,0.32,0.2879,0.49,0.4925,1,19,20
1039,2011-02-15,1,0,2,23,0,2,1,2,0.22,0.2576,0.44,0.0896,0,20,20
1062,2011-02-16,1,0,2,23,0,3,1,1,0.38,0.3939,0.4,0.2239,2,31,33
1086,2011-02-17,1,0,2,23,0,4,1,1,0.46,0.4545,0.67,0.2985,4,40,44
1110,2011-02-18,1,0,2,23,0,5,1,1,0.52,0.5,0.08,0.2836,16,61,77
1134,2011-02-19,1,0,2,23,0,6,0,1,0.28,0.2424,0.33,0.4478,4,25,29
1157,2011-02-20,1,0,2,23,0,0,0,2,0.3,0.303,0.61,0.1642,9,45,54
1181,2011-02-21,1,0,2,23,1,1,0,3,0.2,0.1667,0.75,0.4179,0,2,2
1199,2011-02-22,1,0,2,23,0,2,1,1,0.16,0.1515,0.43,0.2537,3,18,21
1222,2011-02-23,1,0,2,23,0,3,1,1,0.22,0.2576,0.55,0.0896,1,38,39
1245,2011-02-24,1,0,2,23,0,4,1,2,0.32,0.303,0.93,0.2239,3,47,50
1268,2011-02-25,1,0,2,23,0,5,1,1,0.26,0.2273,0.48,0.3284,2,37,39
1292,2011-02-26,1,0,2,23,0,6,0,1,0.28,0.2576,0.75,0.2836,5,29,34
1315,2011-02-27,1,0,2,23,0,0,0,2,0.36,0.3485,0.62,0.1642,6,53,59
1337,2011-02-28,1,0,2,23,0,1,1,2,0.32,0.2879,0.81,0.3881,0,45,45
1361,2011-03-01,1,0,3,23,0,2,1,1,0.24,0.2273,0.65,0.2239,2,23,25
1385,2011-03-02,1,0,3,23,0,3,1,1,0.26,0.2121,0.3,0.5224,0,22,22
1409,2011-03-03,1,0,3,23,0,4,1,2,0.18,0.2121,0.43,0.0896,0,23,23
1433,2011-03-04,1,0,3,23,0,5,1,2,0.3,0.303,0.75,0.1642,6,40,46
1457,2011-03-05,1,0,3,23,0,6,0,2,0.44,0.4394,0.77,0.2985,10,34,44
1480,2011-03-06,1,0,3,23,0,0,0,2,0.22,0.197,1,0.4179,0,9,9
1503,2011-03-07,1,0,3,23,0,1,1,1,0.28,0.3182,0.48,0,0,22,22
1527,2011-03-08,1,0,3,23,0,2,1,1,0.28,0.2727,0.61,0.194,3,38,41
1551,2011-03-09,1,0,3,23,0,3,1,3,0.34,0.3333,0.93,0.194,1,17,18
1573,2011-03-10,1,0,3,23,0,4,1,3,0.34,0.3485,0,0.0896,1,26,27
1596,2011-03-11,1,0,3,23,0,5,1,1,0.3,0.2879,0.52,0.2537,3,34,37
1620,2011-03-12,1,0,3,23,0,6,0,1,0.38,0.3939,0.66,0.0896,11,38,49
1643,2011-03-13,1,0,3,23,0,0,0,1,0.26,0.2576,0.65,0.2239,5,23,28
1666,2011-03-14,1,0,3,23,0,1,1,1,0.32,0.3485,0.53,0,2,17,19
1689,2011-03-15,1,0,3,23,0,2,1,2,0.32,0.3182,0.87,0.1642,1,17,18
1712,2011-03-16,1,0,3,23,0,3,1,1,0.4,0.4091,0.65,0.194,9,18,27
1736,2011-03-17,1,0,3,23,0,4,1,1,0.42,0.4242,0.62,0.2836,7,43,50
1759,2011-03-18,1,0,3,23,0,5,1,2,0.6,0.6212,0.53,0.2239,26,60,86
1783,2011-03-19,1,0,3,23,0,6,0,1,0.38,0.3939,0.4,0.2985,13,37,50
1807,2011-03-20,1,0,3,23,0,0,0,3,0.34,0.303,0.61,0.3881,13,11,24
1830,2011-03-21,2,0,3,23,0,1,1,1,0.46,0.4545,0.88,0.0896,8,22,30
1854,2011-03-22,2,0,3,23,0,2,1,2,0.4,0.4091,0.58,0.2537,4,28,32
1877,2011-03-23,2,0,3,23,0,3,1,3,0.32,0.3333,0.9,0,2,24,26
1901,2011-03-24,2,0,3,23,0,4,1,1,0.24,0.2273,0.65,0.194,9,24,33
1925,2011-03-25,2,0,3,23,0,5,1,2,0.26,0.2424,0.38,0.2836,8,31,39
1949,2011-03-26,2,0,3,23,0,6,0,2,0.26,0.2424,0.44,0.2836,10,31,41
1972,2011-03-27,2,0,3,23,0,0,0,1,0.26,0.2576,0.44,0.194,3,16,19
1995,2011-03-28,2,0,3,23,0,1,1,1,0.28,0.2576,0.24,0.2985,1,18,19
2019,2011-03-29,2,0,3,23,0,2,1,2,0.32,0.3333,0.57,0.1045,8,27,35
2043,2011-03-30,2,0,3,23,0,3,1,3,0.24,0.2121,0.93,0.2836,1,11,12
2067,2011-03-31,2,0,3,23,0,4,1,3,0.26,0.2576,1,0.1642,4,23,27
2091,2011-04-01,2,0,4,23,0,5,1,1,0.3,0.3182,0.61,0.0896,12,41,53
2115,2011-04-02,2,0,4,23,0,6,0,1,0.32,0.3182,0.61,0.1642,20,33,53
2139,2011-04-03,2,0,4,23,0,0,0,1,0.4,0.4091,0.5,0.0896,9,22,31
2163,2011-04-04,2,0,4,23,0,1,1,2,0.64,0.6212,0.47,0.2239,18,30,48
2187,2011-04-05,2,0,4,23,0,2,1,1,0.3,0.2879,0.49,0.2836,3,23,26
2211,2011-04-06,2,0,4,23,0,3,1,1,0.46,0.4545,0.41,0.2985,11,29,40
2235,2011-04-07,2,0,4,23,0,4,1,1,0.38,0.3939,0.76,0.2537,9,45,54
2259,2011-04-08,2,0,4,23,0,5,1,2,0.3,0.2879,0.93,0.2239,4,31,35
2283,2011-04-09,2,0,4,23,0,6,0,2,0.38,0.3939,0.87,0.0896,12,45,57
2307,2011-04-10,2,0,4,23,0,0,0,1,0.46,0.4545,0.88,0.3582,5,27,32
2330,2011-04-11,2,0,4,23,0,1,1,3,0.58,0.5455,0.6,0,16,38,54
2354,2011-04-12,2,0,4,23,0,2,1,2,0.4,0.4091,0.94,0.2537,8,31,39
2378,2011-04-13,2,0,4,23,0,3,1,1,0.4,0.4091,0.71,0.1343,5,57,62
2402,2011-04-14,2,0,4,23,0,4,1,1,0.46,0.4545,0.59,0.1045,7,40,47
2426,2011-04-15,2,0,4,23,1,5,0,2,0.36,0.3485,0.81,0.194,8,56,64
2450,2011-04-16,2,0,4,23,0,6,0,2,0.44,0.4394,0.77,0.2836,5,30,35
2474,2011-04-17,2,0,4,23,0,0,0,1,0.44,0.4394,0.67,0.1642,19,37,56
2498,2011-04-18,2,0,4,23,0,1,1,1,0.5,0.4848,0.59,0.2537,11,35,46
2522,2011-04-19,2,0,4,23,0,2,1,1,0.46,0.4545,0.88,0.0896,11,41,52
2546,2011-04-20,2,0,4,23,0,3,1,1,0.6,0.6212,0.4,0.3284,14,79,93
2570,2011-04-21,2,0,4,23,0,4,1,1,0.4,0.4091,0.43,0.1045,13,86,99
2594,2011-04-22,2,0,4,23,0,5,1,3,0.32,0.3333,0.93,0.1045,0,17,17
2618,2011-04-23,2,0,4,23,0,6,0,2,0.54,0.5152,0.88,0.1642,31,86,117
2642,2011-04-24,2,0,4,23,0,0,0,3,0.54,0.5152,1,0.0896,5,37,42
2666,2011-04-25,2,0,4,23,0,1,1,1,0.58,0.5455,0.78,0.2836,9,53,62
2690,2011-04-26,2,0,4,23,0,2,1,2,0.6,0.5606,0.83,0.2239,7,71,78
2714,2011-04-27,2,0,4,23,0,3,1,2,0.62,0.5606,0.88,0.3582,25,53,78
2738,2011-04-28,2,0,4,23,0,4,1,1,0.54,0.5152,0.39,0.0896,29,81,110
2762,2011-04-29,2,0,4,23,0,5,1,2,0.44,0.4394,0.54,0.0896,25,88,113
2786,2011-04-30,2,0,4,23,0,6,0,1,0.44,0.4394,0.67,0.1045,34,91,125
2810,2011-05-01,2,0,5,23,0,0,0,1,0.46,0.4545,0.77,0.194,64,82,146
2834,2011-05-02,2,0,5,23,0,1,1,2,0.56,0.5303,0.83,0.194,16,48,64
2858,2011-05-03,2,0,5,23,0,2,1,2,0.56,0.5303,0.68,0.3284,12,50,62
2882,2011-05-04,2,0,5,23,0,3,1,1,0.36,0.3485,0.62,0.2239,8,49,57
2906,2011-05-05,2,0,5,23,0,4,1,1,0.46,0.4545,0.41,0.194,16,99,115
2930,2011-05-06,2,0,5,23,0,5,1,1,0.44,0.4394,0.82,0.1343,27,93,120
2954,2011-05-07,2,0,5,23,0,6,0,1,0.5,0.4848,0.59,0.1045,30,89,119
2978,2011-05-08,2,0,5,23,0,0,0,1,0.46,0.4545,0.88,0.0896,9,41,50
3002,2011-05-09,2,0,5,23,0,1,1,1,0.5,0.4848,0.68,0.0896,16,45,61
3026,2011-05-10,2,0,5,23,0,2,1,2,0.52,0.5,0.59,0.1343,9,72,81
3050,2011-05-11,2,0,5,23,0,3,1,1,0.46,0.4545,0.88,0.2537,12,69,81
3074,2011-05-12,2,0,5,23,0,4,1,2,0.54,0.5152,0.77,0.194,16,87,103
3098,2011-05-13,2,0,5,23,0,5,1,3,0.5,0.4848,0.88,0.1642,31,88,119
3122,2011-05-14,2,0,5,23,0,6,0,3,0.52,0.5,1,0.194,11,33,44
3146,2011-05-15,2,0,5,23,0,0,0,1,0.54,0.5152,0.88,0.2239,18,51,69
3170,2011-05-16,2,0,5,23,0,1,1,1,0.56,0.5303,0.88,0.0896,18,39,57
3194,2011-05-17,2,0,5,23,0,2,1,2,0.54,0.5152,0.88,0.2537,7,49,56
3218,2011-05-18,2,0,5,23,0,3,1,1,0.52,0.5,0.94,0.0896,10,49,59
3242,2011-05-19,2,0,5,23,0,4,1,1,0.48,0.4697,0.94,0,9,63,72
3266,2011-05-20,2,0,5,23,0,5,1,1,0.52,0.5,0.72,0.1642,15,100,115
3290,2011-05-21,2,0,5,23,0,6,0,1,0.58,0.5455,0.78,0.0896,42,103,145
3314,2011-05-22,2,0,5,23,0,0,0,2,0.58,0.5455,0.83,0.1343,19,46,65
3338,2011-05-23,2,0,5,23,0,1,1,2,0.62,0.5606,0.88,0.194,19,53,72
3362,2011-05-24,2,0,5,23,0,2,1,3,0.66,0.6212,0.74,0.1642,13,53,66
3386,2011-05-25,2,0,5,23,0,3,1,1,0.64,0.6061,0.73,0.1343,12,74,86
3410,2011-05-26,2,0,5,23,0,4,1,1,0.7,0.6515,0.65,0.194,17,73,90
3434,2011-05-27,2,0,5,23,0,5,1,1,0.58,0.5455,0.88,0.1343,23,104,127
3458,2011-05-28,2,0,5,23,0,6,0,1,0.64,0.5758,0.83,0.194,44,81,125
3482,2011-05-29,2,0,5,23,0,0,0,1,0.66,0.5909,0.89,0.1642,48,87,135
3506,2011-05-30,2,0,5,23,1,1,0,1,0.7,0.6667,0.84,0.1045,14,34,48
3530,2011-05-31,2,0,5,23,0,2,1,1,0.72,0.697,0.79,0.0896,15,46,61
3554,2011-06-01,2,0,6,23,0,3,1,1,0.74,0.6667,0.51,0.1642,10,59,69
3578,2011-06-02,2,0,6,23,0,4,1,1,0.62,0.6212,0.35,0.2239,23,89,112
3602,2011-06-03,2,0,6,23,0,5,1,1,0.58,0.5455,0.46,0.1045,30,141,171
3626,2011-06-04,2,0,6,23,0,6,0,2,0.64,0.6212,0.57,0,29,121,150
3650,2011-06-05,2,0,6,23,0,0,0,1,0.62,0.5909,0.78,0.1343,25,61,86
3674,2011-06-06,2,0,6,23,0,1,1,1,0.64,0.6061,0.69,0.0896,5,55,60
3698,2011-06-07,2,0,6,23,0,2,1,1,0.68,0.6364,0.79,0.1045,18,72,90
3722,2011-06-08,2,0,6,23,0,3,1,1,0.76,0.7424,0.75,0.194,18,98,116
3746,2011-06-09,2,0,6,23,0,4,1,2,0.74,0.697,0.57,0.1642,15,82,97
3770,2011-06-10,2,0,6,23,0,5,1,1,0.72,0.697,0.74,0.1642,36,110,146
3794,2011-06-11,2,0,6,23,0,6,0,1,0.66,0.6212,0.74,0.1045,24,107,131
3818,2011-06-12,2,0,6,23,0,0,0,1,0.64,0.5909,0.78,0.194,33,74,107
3842,2011-06-13,2,0,6,23,0,1,1,1,0.62,0.6212,0.46,0.194,14,75,89
3866,2011-06-14,2,0,6,23,0,2,1,1,0.56,0.5303,0.68,0.2239,19,91,110
3890,2011-06-15,2,0,6,23,0,3,1,1,0.62,0.6212,0.53,0,17,90,107
3914,2011-06-16,2,0,6,23,0,4,1,3,0.6,0.5606,0.83,0.2537,2,14,16
3938,2011-06-17,2,0,6,23,0,5,1,1,0.62,0.5758,0.83,0.1343,37,141,178
3962,2011-06-18,2,0,6,23,0,6,0,2,0.72,0.6818,0.62,0,53,97,150
3986,2011-06-19,2,0,6,23,0,0,0,1,0.66,0.6061,0.78,0.194,14,78,92
4010,2011-06-20,2,0,6,23,0,1,1,1,0.62,0.5909,0.78,0.2537,10,50,60
4034,2011-06-21,3,0,6,23,0,2,1,1,0.7,0.6667,0.74,0.1045,11,53,64
4058,2011-06-22,3,0,6,23,0,3,1,2,0.72,0.697,0.79,0.2239,14,91,105
4082,2011-06-23,3,0,6,23,0,4,1,1,0.7,0.6667,0.74,0.2836,15,90,105
4106,2011-06-24,3,0,6,23,0,5,1,1,0.68,0.6364,0.51,0.1343,33,139,172
4130,2011-06-25,3,0,6,23,0,6,0,2,0.66,0.6212,0.5,0.2985,49,130,179
4154,2011-06-26,3,0,6,23,0,0,0,1,0.7,0.6515,0.54,0.0896,14,64,78
4178,2011-06-27,3,0,6,23,0,1,1,1,0.68,0.6364,0.69,0,16,65,81
4202,2011-06-28,3,0,6,23,0,2,1,1,0.7,0.6515,0.7,0.2836,23,58,81
4226,2011-06-29,3,0,6,23,0,3,1,1,0.68,0.6364,0.47,0.194,32,97,129
4250,2011-06-30,3,0,6,23,0,4,1,1,0.66,0.6212,0.5,0,27,99,126
4274,2011-07-01,3,0,7,23,0,5,1,1,0.68,0.6364,0.47,0.0896,44,96,140
4298,2011-07-02,3,0,7,23,0,6,0,1,0.72,0.6667,0.54,0.2836,66,88,154
4322,2011-07-03,3,0,7,23,0,0,0,1,0.64,0.5758,0.83,0.1642,70,77,147
4346,2011-07-04,3,0,7,23,1,1,0,2,0.72,0.6818,0.7,0.1045,44,94,138
4370,2011-07-05,3,0,7,23,0,2,1,1,0.74,0.697,0.66,0.1642,19,54,73
4394,2011-07-06,3,0,7,23,0,3,1,1,0.68,0.6364,0.83,0.2239,20,78,98
4418,2011-07-07,3,0,7,23,0,4,1,1,0.72,0.6818,0.66,0,31,98,129
4442,2011-07-08,3,0,7,23,0,5,1,2,0.66,0.6061,0.78,0.0896,40,111,151
4466,2011-07-09,3,0,7,23,0,6,0,1,0.72,0.6667,0.58,0.194,47,93,140
4490,2011-07-10,3,0,7,23,0,0,0,1,0.72,0.6818,0.66,0.2537,19,53,72
4514,2011-07-11,3,0,7,23,0,1,1,1,0.7,0.6667,0.79,0.1343,11,44,55
4538,2011-07-12,3,0,7,23,0,2,1,1,0.78,0.7121,0.52,0,20,59,79
4562,2011-07-13,3,0,7,23,0,3,1,1,0.66,0.6061,0.83,0.2537,33,83,116
4586,2011-07-14,3,0,7,23,0,4,1,1,0.64,0.6061,0.65,0.2537,27,97,124
4610,2011-07-15,3,0,7,23,0,5,1,1,0.64,0.6212,0.61,0.1642,41,126,167
4634,2011-07-16,3,0,7,23,0,6,0,1,0.68,0.6364,0.61,0.2239,61,107,168
4658,2011-07-17,3,0,7,23,0,0,0,1,0.7,0.6667,0.74,0.1343,39,54,93
4682,2011-07-18,3,0,7,23,0,1,1,1,0.74,0.697,0.66,0.1642,32,59,91
4706,2011-07-19,3,0,7,23,0,2,1,3,0.72,0.697,0.79,0.1642,19,73,92
4730,2011-07-20,3,0,7,23,0,3,1,1,0.76,0.7424,0.75,0.2537,26,73,99
4754,2011-07-21,3,0,7,23,0,4,1,1,0.8,0.8182,0.71,0.1642,40,73,113
4778,2011-07-22,3,0,7,23,0,5,1,1,0.8,0.7879,0.63,0.194,19,84,103
4802,2011-07-23,3,0,7,23,0,6,0,1,0.8,0.7727,0.59,0.1045,27,77,104
4826,2011-07-24,3,0,7,23,0,0,0,2,0.76,0.7273,0.7,0.0896,13,37,50
4850,2011-07-25,3,0,7,23,0,1,1,1,0.7,0.6667,0.84,0.0896,23,64,87
4874,2011-07-26,3,0,7,23,0,2,1,1,0.76,0.7121,0.58,0.1045,18,71,89
4898,2011-07-27,3,0,7,23,0,3,1,1,0.74,0.6667,0.45,0.0896,16,93,109
4922,2011-07-28,3,0,7,23,0,4,1,1,0.76,0.7424,0.75,0.194,28,95,123
4946,2011-07-29,3,0,7,23,0,5,1,1,0.78,0.7121,0.52,0.1045,26,90,116
4970,2011-07-30,3,0,7,23,0,6,0,1,0.76,0.697,0.55,0.0896,63,114,177
4994,2011-07-31,3,0,7,23,0,0,0,1,0.74,0.697,0.66,0.2239,14,56,70
5018,2011-08-01,3,0,8,23,0,1,1,1,0.68,0.6364,0.74,0.194,14,82,96
5042,2011-08-02,3,0,8,23,0,2,1,2,0.8,0.7424,0.49,0.1642,29,103,132
5066,2011-08-03,3,0,8,23,0,3,1,2,0.68,0.6364,0.89,0.0896,4,52,56
5090,2011-08-04,3,0,8,23,0,4,1,1,0.66,0.6212,0.74,0.1045,24,108,132
5114,2011-08-05,3,0,8,23,0,5,1,1,0.68,0.6364,0.69,0.2239,37,102,139
5138,2011-08-06,3,0,8,23,0,6,0,3,0.7,0.6667,0.84,0.2836,29,79,108
5162,2011-08-07,3,0,8,23,0,0,0,1,0.7,0.6667,0.79,0.1045,12,43,55
5186,2011-08-08,3,0,8,23,0,1,1,1,0.74,0.697,0.66,0.1045,19,53,72
5210,2011-08-09,3,0,8,23,0,2,1,1,0.76,0.6818,0.48,0.2836,22,53,75
5234,2011-08-10,3,0,8,23,0,3,1,1,0.74,0.6515,0.37,0.0896,14,94,108
5258,2011-08-11,3,0,8,23,0,4,1,1,0.66,0.6212,0.5,0.1642,22,105,127
5282,2011-08-12,3,0,8,23,0,5,1,1,0.68,0.6364,0.51,0,51,100,151
5306,2011-08-13,3,0,8,23,0,6,0,2,0.66,0.6061,0.83,0.3284,25,95,120
5330,2011-08-14,3,0,8,23,0,0,0,3,0.6,0.5606,0.83,0,5,22,27
5354,2011-08-15,3,0,8,23,0,1,1,1,0.64,0.6061,0.69,0.2239,11,77,88
5378,2011-08-16,3,0,8,23,0,2,1,1,0.66,0.6212,0.65,0.1343,20,57,77
5402,2011-08-17,3,0,8,23,0,3,1,1,0.7,0.6515,0.65,0.2836,20,85,105
5426,2011-08-18,3,0,8,23,0,4,1,2,0.7,0.6667,0.74,0.1343,20,94,114
5450,2011-08-19,3,0,8,23,0,5,1,2,0.6,0.5455,0.88,0.0896,18,88,106
5474,2011-08-20,3,0,8,23,0,6,0,1,0.7,0.6667,0.74,0.1343,59,98,157
5498,2011-08-21,3,0,8,23,0,0,0,1,0.7,0.6667,0.74,0.1642,20,48,68
5522,2011-08-22,3,0,8,23,0,1,1,1,0.62,0.6212,0.41,0.2537,19,45,64
5546,2011-08-23,3,0,8,23,0,2,1,1,0.62,0.6061,0.61,0.1343,19,61,80
5570,2011-08-24,3,0,8,23,0,3,1,1,0.68,0.6364,0.69,0.2985,16,54,70
5594,2011-08-25,3,0,8,23,0,4,1,1,0.62,0.5758,0.83,0.0896,15,69,84
5618,2011-08-26,3,0,8,23,0,5,1,1,0.7,0.6667,0.84,0.0896,22,114,136
5653,2011-08-28,3,0,8,23,0,0,0,1,0.62,0.5909,0.73,0.1045,16,48,64
5677,2011-08-29,3,0,8,23,0,1,1,1,0.6,0.6061,0.6,0.0896,19,56,75
5701,2011-08-30,3,0,8,23,0,2,1,1,0.62,0.6061,0.61,0,19,74,93
5725,2011-08-31,3,0,8,23,0,3,1,1,0.6,0.5758,0.78,0.1045,24,60,84
5749,2011-09-01,3,0,9,23,0,4,1,1,0.64,0.6061,0.65,0.2537,15,111,126
5773,2011-09-02,3,0,9,23,0,5,1,2,0.64,0.6061,0.73,0.1642,30,68,98
5797,2011-09-03,3,0,9,23,0,6,0,1,0.66,0.6212,0.85,0.1343,46,77,123
5821,2011-09-04,3,0,9,23,0,0,0,2,0.72,0.6818,0.7,0.1642,46,58,104
5845,2011-09-05,3,0,9,23,1,1,0,3,0.56,0.5303,0.88,0.3881,3,17,20
5868,2011-09-06,3,0,9,23,0,2,1,3,0.54,0.5152,0.94,0.2537,2,56,58
5892,2011-09-07,3,0,9,23,0,3,1,3,0.62,0.5455,0.94,0.194,3,21,24
5915,2011-09-08,3,0,9,23,0,4,1,3,0.62,0.5152,1,0.0896,0,26,26
5939,2011-09-09,3,0,9,23,0,5,1,1,0.62,0.5455,0.94,0.0896,35,113,148
5963,2011-09-10,3,0,9,23,0,6,0,2,0.62,0.5606,0.88,0,32,107,139
5987,2011-09-11,3,0,9,23,0,0,0,3,0.58,0.5455,0.78,0.0896,12,33,45
6010,2011-09-12,3,0,9,23,0,1,1,1,0.62,0.5758,0.83,0.1045,7,62,69
6034,2011-09-13,3,0,9,23,0,2,1,1,0.64,0.5909,0.78,0.1045,15,59,74
6058,2011-09-14,3,0,9,23,0,3,1,2,0.64,0.6061,0.69,0.1045,10,62,72
6082,2011-09-15,3,0,9,23,0,4,1,1,0.44,0.4394,0.67,0.2239,8,61,69
6106,2011-09-16,3,0,9,23,0,5,1,1,0.5,0.4848,0.59,0,20,106,126
6130,2011-09-17,3,0,9,23,0,6,0,1,0.46,0.4545,0.82,0.1642,36,100,136
6154,2011-09-18,3,0,9,23,0,0,0,1,0.54,0.5152,0.68,0.194,10,44,54
6178,2011-09-19,3,0,9,23,0,1,1,2,0.56,0.5303,0.73,0.194,13,55,68
6202,2011-09-20,3,0,9,23,0,2,1,1,0.56,0.5303,0.94,0,11,70,81
6226,2011-09-21,3,0,9,23,0,3,1,1,0.6,0.5152,0.94,0.1045,15,80,95
6250,2011-09-22,3,0,9,23,0,4,1,2,0.62,0.5455,0.94,0,14,99,113
6274,2011-09-23,4,0,9,23,0,5,1,2,0.58,0.5455,1,0.1343,41,107,148
6298,2011-09-24,4,0,9,23,0,6,0,2,0.6,0.5455,0.88,0.0896,27,123,150
6322,2011-09-25,4,0,9,23,0,0,0,2,0.62,0.5455,0.94,0.1045,12,67,79
6346,2011-09-26,4,0,9,23,0,1,1,1,0.62,0.5455,0.94,0.1343,11,64,75
6370,2011-09-27,4,0,9,23,0,2,1,1,0.6,0.5455,0.88,0.0896,11,82,93
6394,2011-09-28,4,0,9,23,0,3,1,1,0.6,0.5152,0.94,0.1343,12,59,71
6418,2011-09-29,4,0,9,23,0,4,1,1,0.52,0.5,0.77,0.1045,17,64,81
6442,2011-09-30,4,0,9,23,0,5,1,1,0.52,0.5,0.55,0.3284,23,109,132
6466,2011-10-01,4,0,10,23,0,6,0,3,0.36,0.3485,0.93,0.2239,8,57,65
6490,2011-10-02,4,0,10,23,0,0,0,1,0.36,0.3636,0.81,0.0896,6,19,25
6514,2011-10-03,4,0,10,23,0,1,1,2,0.4,0.4091,0.82,0.1045,11,43,54
6538,2011-10-04,4,0,10,23,0,2,1,1,0.48,0.4697,0.77,0.1343,6,60,66
6562,2011-10-05,4,0,10,23,0,3,1,1,0.5,0.4848,0.77,0.1045,9,64,73
6586,2011-10-06,4,0,10,23,0,4,1,1,0.44,0.4394,0.88,0.0896,18,81,99
6610,2011-10-07,4,0,10,23,0,5,1,1,0.5,0.4848,0.63,0,23,113,136
6634,2011-10-08,4,0,10,23,0,6,0,1,0.48,0.4697,0.88,0,52,90,142
6658,2011-10-09,4,0,10,23,0,0,0,1,0.5,0.4848,0.88,0.1045,38,85,123
6682,2011-10-10,4,0,10,23,1,1,0,2,0.54,0.5152,0.88,0.1045,12,63,75
6706,2011-10-11,4,0,10,23,0,2,1,2,0.56,0.5303,0.83,0.2836,10,47,57
6730,2011-10-12,4,0,10,23,0,3,1,3,0.54,0.5152,0.94,0.0896,13,41,54
6754,2011-10-13,4,0,10,23,0,4,1,2,0.58,0.5455,0.88,0.194,2,45,47
6778,2011-10-14,4,0,10,23,0,5,1,1,0.46,0.4545,0.59,0.1642,15,80,95
6802,2011-10-15,4,0,10,23,0,6,0,1,0.48,0.4697,0.41,0.1642,33,102,135
6826,2011-10-16,4,0,10,23,0,0,0,1,0.56,0.5303,0.52,0.4179,14,48,62
6850,2011-10-17,4,0,10,23,0,1,1,2,0.48,0.4697,0.88,0,10,52,62
6874,2011-10-18,4,0,10,23,0,2,1,2,0.52,0.5,0.77,0.194,7,63,70
6897,2011-10-19,4,0,10,23,0,3,1,2,0.58,0.5455,0.94,0.3582,14,55,69
6921,2011-10-20,4,0,10,23,0,4,1,1,0.42,0.4242,0.58,0.2537,7,83,90
6945,2011-10-21,4,0,10,23,0,5,1,1,0.4,0.4091,0.62,0.2239,18,99,117
6969,2011-10-22,4,0,10,23,0,6,0,1,0.38,0.3939,0.82,0,27,81,108
6993,2011-10-23,4,0,10,23,0,0,0,1,0.42,0.4242,0.77,0.1642,18,31,49
7017,2011-10-24,4,0,10,23,0,1,1,1,0.46,0.4545,0.77,0.0896,9,50,59
7041,2011-10-25,4,0,10,23,0,2,1,1,0.44,0.4394,0.72,0.1343,15,79,94
7065,2011-10-26,4,0,10,23,0,3,1,2,0.48,0.4697,0.88,0.0896,3,72,75
7089,2011-10-27,4,0,10,23,0,4,1,1,0.34,0.303,0.61,0.4179,8,60,68
7113,2011-10-28,4,0,10,23,0,5,1,3,0.3,0.2727,0.81,0.3284,8,31,39
7137,2011-10-29,4,0,10,23,0,6,0,1,0.22,0.2273,0.87,0.194,3,33,36
7161,2011-10-30,4,0,10,23,0,0,0,1,0.26,0.303,0.87,0,7,30,37
7185,2011-10-31,4,0,10,23,0,1,1,2,0.36,0.3485,0.76,0.194,6,46,52
7209,2011-11-01,4,0,11,23,0,2,1,1,0.34,0.3636,0.87,0,11,61,72
7233,2011-11-02,4,0,11,23,0,3,1,1,0.36,0.3636,0.76,0.0896,3,54,57
7257,2011-11-03,4,0,11,23,0,4,1,1,0.4,0.4091,0.82,0.0896,15,80,95
7281,2011-11-04,4,0,11,23,0,5,1,1,0.32,0.303,0.49,0.3284,17,72,89
7305,2011-11-05,4,0,11,23,0,6,0,1,0.28,0.3182,0.7,0,4,81,85
7329,2011-11-06,4,0,11,23,0,0,0,1,0.34,0.3485,0.87,0.0896,7,43,50
7353,2011-11-07,4,0,11,23,0,1,1,1,0.36,0.3636,0.87,0.0896,1,47,48
7377,2011-11-08,4,0,11,23,0,2,1,1,0.36,0.3788,0.81,0,3,45,48
7401,2011-11-09,4,0,11,23,0,3,1,1,0.38,0.3939,0.87,0,5,61,66
7425,2011-11-10,4,0,11,23,0,4,1,2,0.34,0.3333,0.57,0.1642,9,73,82
7449,2011-11-11,4,0,11,23,1,5,0,1,0.3,0.3182,0.45,0.0896,6,67,73
7473,2011-11-12,4,0,11,23,0,6,0,1,0.4,0.4091,0.58,0.1642,23,78,101
7497,2011-11-13,4,0,11,23,0,0,0,1,0.46,0.4545,0.51,0.2985,18,49,67
7521,2011-11-14,4,0,11,23,0,1,1,1,0.56,0.5303,0.64,0.2985,13,48,61
7545,2011-11-15,4,0,11,23,0,2,1,2,0.46,0.4545,0.94,0.1045,14,66,80
7569,2011-11-16,4,0,11,23,0,3,1,3,0.42,0.4242,0.88,0.1343,3,28,31
7593,2011-11-17,4,0,11,23,0,4,1,1,0.26,0.2576,0.52,0.2239,0,58,58
7617,2011-11-18,4,0,11,23,0,5,1,1,0.26,0.2727,0.6,0.1343,5,54,59
7641,2011-11-19,4,0,11,23,0,6,0,1,0.38,0.3939,0.62,0.2239,20,73,93
7665,2011-11-20,4,0,11,23,0,0,0,3,0.46,0.4545,0.88,0.0896,3,25,28
7689,2011-11-21,4,0,11,23,0,1,1,3,0.4,0.4091,0.87,0.1642,4,29,33
7713,2011-11-22,4,0,11,23,0,2,1,2,0.48,0.4697,0.94,0.2537,3,36,39
7737,2011-11-23,4,0,11,23,0,3,1,1,0.34,0.303,0.61,0.3582,4,47,51
7761,2011-11-24,4,0,11,23,1,4,0,1,0.34,0.3485,0.76,0.1045,2,19,21
7785,2011-11-25,4,0,11,23,0,5,1,1,0.34,0.3485,0.76,0.1045,5,28,33
7809,2011-11-26,4,0,11,23,0,6,0,1,0.36,0.3788,0.81,0,18,51,69
7833,2011-11-27,4,0,11,23,0,0,0,1,0.48,0.4697,0.72,0.2537,5,27,32
7856,2011-11-28,4,0,11,23,0,1,1,2,0.52,0.5,0.83,0.1343,5,41,46
7880,2011-11-29,4,0,11,23,0,2,1,1,0.36,0.3333,0.76,0.3881,0,53,53
7904,2011-11-30,4,0,11,23,0,3,1,1,0.28,0.2576,0.52,0.2836,4,46,50
7928,2011-12-01,4,0,12,23,0,4,1,1,0.26,0.2879,0.7,0.0896,3,70,73
7952,2011-12-02,4,0,12,23,0,5,1,1,0.32,0.303,0.53,0.2836,14,81,95
7976,2011-12-03,4,0,12,23,0,6,0,1,0.3,0.303,0.7,0.1343,12,73,85
8000,2011-12-04,4,0,12,23,0,0,0,1,0.34,0.3485,0.87,0.1045,3,42,45
8024,2011-12-05,4,0,12,23,0,1,1,2,0.46,0.4545,0.88,0.1343,8,54,62
8048,2011-12-06,4,0,12,23,0,2,1,3,0.46,0.4545,1,0.1642,5,48,53
8072,2011-12-07,4,0,12,23,0,3,1,1,0.24,0.2121,0.93,0.3881,0,16,16
8096,2011-12-08,4,0,12,23,0,4,1,1,0.24,0.2576,0.7,0.1045,3,58,61
8120,2011-12-09,4,0,12,23,0,5,1,1,0.28,0.3182,0.81,0,6,88,94
8144,2011-12-10,4,0,12,23,0,6,0,1,0.2,0.2121,0.47,0.1642,5,61,66
8168,2011-12-11,4,0,12,23,0,0,0,1,0.2,0.2576,0.69,0,4,31,35
8192,2011-12-12,4,0,12,23,0,1,1,1,0.24,0.2879,0.75,0,3,42,45
8216,2011-12-13,4,0,12,23,0,2,1,1,0.26,0.303,0.7,0,4,55,59
8240,2011-12-14,4,0,12,23,0,3,1,1,0.32,0.3182,0.7,0.1642,3,48,51
8264,2011-12-15,4,0,12,23,0,4,1,1,0.52,0.5,0.63,0.3284,10,104,114
8288,2011-12-16,4,0,12,23,0,5,1,2,0.3,0.303,0.49,0.1343,4,71,75
8312,2011-12-17,4,0,12,23,0,6,0,1,0.2,0.2273,0.75,0,6,63,69
8336,2011-12-18,4,0,12,23,0,0,0,1,0.2,0.2273,0.75,0.1045,6,31,37
8360,2011-12-19,4,0,12,23,0,1,1,1,0.36,0.3485,0.53,0.1642,10,50,60
8384,2011-12-20,4,0,12,23,0,2,1,2,0.38,0.3939,0.62,0,13,40,53
8408,2011-12-21,1,0,12,23,0,3,1,1,0.5,0.4848,0.88,0.194,0,54,54
8432,2011-12-22,1,0,12,23,0,4,1,3,0.4,0.4091,0.87,0,1,10,11
8456,2011-12-23,1,0,12,23,0,5,1,1,0.32,0.3333,0.66,0.1343,4,21,25
8480,2011-12-24,1,0,12,23,0,6,0,1,0.24,0.2576,0.56,0,1,16,17
8503,2011-12-25,1,0,12,23,0,0,0,1,0.26,0.2727,0.65,0.1343,2,14,16
8526,2011-12-26,1,0,12,23,1,1,0,1,0.26,0.2727,0.7,0.1045,4,25,29
8550,2011-12-27,1,0,12,23,0,2,1,1,0.3,0.303,0.93,0.1343,2,24,26
8573,2011-12-28,1,0,12,23,0,3,1,1,0.22,0.2121,0.44,0.2537,3,36,39
8597,2011-12-29,1,0,12,23,0,4,1,1,0.3,0.303,0.65,0.1642,1,44,45
8621,2011-12-30,1,0,12,23,0,5,1,2,0.36,0.3333,0.66,0.2537,13,60,73
8645,2011-12-31,1,0,12,23,0,6,0,1,0.36,0.3788,0.66,0,4,27,31
8669,2012-01-01,1,1,1,23,0,0,0,1,0.44,0.4394,0.51,0.2985,4,25,29
8692,2012-01-02,1,1,1,23,1,1,0,1,0.22,0.2121,0.44,0.2537,2,32,34
8716,2012-01-03,1,1,1,23,0,2,1,1,0.1,0.0758,0.46,0.3881,0,18,18
8740,2012-01-04,1,1,1,23,0,3,1,2,0.2,0.2273,0.44,0.1045,0,32,32
8764,2012-01-05,1,1,1,23,0,4,1,1,0.24,0.2576,0.7,0.1045,4,56,60
8788,2012-01-06,1,1,1,23,0,5,1,1,0.36,0.3788,0.5,0,13,88,101
8812,2012-01-07,1,1,1,23,0,6,0,1,0.42,0.4242,0.38,0.2239,16,103,119
8836,2012-01-08,1,1,1,23,0,0,0,1,0.26,0.2424,0.56,0.2537,0,30,30
8860,2012-01-09,1,1,1,23,0,1,1,2,0.22,0.2424,0.87,0.1045,1,51,52
8883,2012-01-10,1,1,1,23,0,2,1,1,0.26,0.2727,0.81,0.1045,3,38,41
8907,2012-01-11,1,1,1,23,0,3,1,3,0.34,0.3182,0.87,0.2239,0,9,9
8931,2012-01-12,1,1,1,23,0,4,1,1,0.4,0.4091,0.76,0.3284,7,60,67
8955,2012-01-13,1,1,1,23,0,5,1,1,0.18,0.1818,0.47,0.194,5,60,65
8979,2012-01-14,1,1,1,23,0,6,0,1,0.16,0.1515,0.47,0.2239,5,71,76
9003,2012-01-15,1,1,1,23,0,0,0,1,0.16,0.197,0.43,0.0896,3,26,29
9027,2012-01-16,1,1,1,23,1,1,0,3,0.26,0.2273,0.7,0.2985,0,28,28
9050,2012-01-17,1,1,1,23,0,2,1,1,0.46,0.4545,0.72,0.3881,1,60,61
9074,2012-01-18,1,1,1,23,0,3,1,1,0.16,0.1364,0.47,0.2985,2,36,38
9098,2012-01-19,1,1,1,23,0,4,1,1,0.26,0.2273,0.48,0.3284,1,55,56
9122,2012-01-20,1,1,1,23,0,5,1,3,0.16,0.1515,0.64,0.2239,3,35,38
9146,2012-01-21,1,1,1,23,0,6,0,2,0.16,0.1515,0.8,0.2537,1,51,52
9170,2012-01-22,1,1,1,23,0,0,0,2,0.16,0.1818,0.93,0.1045,2,35,37
9194,2012-01-23,1,1,1,23,0,1,1,2,0.28,0.2576,0.93,0.3284,2,35,37
9218,2012-01-24,1,1,1,23,0,2,1,1,0.32,0.3485,0.76,0,19,80,99
9242,2012-01-25,1,1,1,23,0,3,1,2,0.28,0.3182,0.65,0,3,63,66
9266,2012-01-26,1,1,1,23,0,4,1,2,0.4,0.4091,0.82,0,5,86,91
9290,2012-01-27,1,1,1,23,0,5,1,1,0.32,0.2879,0.49,0.4179,8,78,86
9314,2012-01-28,1,1,1,23,0,6,0,1,0.32,0.3182,0.31,0.194,6,79,85
9338,2012-01-29,1,1,1,23,0,0,0,1,0.3,0.2727,0.33,0.3284,4,21,25
9362,2012-01-30,1,1,1,23,0,1,1,1,0.26,0.2576,0.6,0.194,0,52,52
9386,2012-01-31,1,1,1,23,0,2,1,1,0.44,0.4394,0.38,0.2537,2,61,63
9410,2012-02-01,1,1,2,23,0,3,1,1,0.46,0.4545,0.63,0.0896,22,75,97
9434,2012-02-02,1,1,2,23,0,4,1,1,0.32,0.303,0.49,0.2537,0,61,61
9458,2012-02-03,1,1,2,23,0,5,1,1,0.26,0.2727,0.7,0.1045,3,74,77
9482,2012-02-04,1,1,2,23,0,6,0,2,0.24,0.2424,0.87,0.1343,4,66,70
9506,2012-02-05,1,1,2,23,0,0,0,1,0.24,0.2424,0.7,0.1343,4,38,42
9529,2012-02-06,1,1,2,23,0,1,1,1,0.3,0.303,0.65,0.1343,3,43,46
9553,2012-02-07,1,1,2,23,0,2,1,1,0.32,0.3333,0.57,0.1343,2,49,51
9577,2012-02-08,1,1,2,23,0,3,1,2,0.24,0.2424,0.87,0.1642,3,57,60
9601,2012-02-09,1,1,2,23,0,4,1,2,0.3,0.3333,0.52,0,9,75,84
9625,2012-02-10,1,1,2,23,0,5,1,2,0.3,0.3182,0.7,0.0896,1,64,65
9649,2012-02-11,1,1,2,23,0,6,0,3,0.12,0.0758,0.5,0.4925,0,20,20
9673,2012-02-12,1,1,2,23,0,0,0,1,0.14,0.1364,0.43,0.2239,0,23,23
9697,2012-02-13,1,1,2,23,0,1,1,1,0.28,0.3182,0.41,0,2,34,36
9721,2012-02-14,1,1,2,23,0,2,1,2,0.36,0.3636,0.5,0.0896,2,55,57
9745,2012-02-15,1,1,2,23,0,3,1,1,0.34,0.3485,0.53,0.0896,4,54,58
9769,2012-02-16,1,1,2,23,0,4,1,1,0.32,0.3333,0.81,0.0896,3,70,73
9793,2012-02-17,1,1,2,23,0,5,1,1,0.36,0.3485,0.4,0.194,10,72,82
9817,2012-02-18,1,1,2,23,0,6,0,2,0.36,0.3333,0.4,0.3881,12,62,74
9841,2012-02-19,1,1,2,23,0,0,0,2,0.22,0.2273,0.93,0.1642,5,30,35
9864,2012-02-20,1,1,2,23,1,1,0,1,0.3,0.3333,0.39,0,0,26,26
9887,2012-02-21,1,1,2,23,0,2,1,1,0.32,0.303,0.66,0.2239,1,46,47
9911,2012-02-22,1,1,2,23,0,3,1,2,0.46,0.4545,0.41,0.2836,5,57,62
9935,2012-02-23,1,1,2,23,0,4,1,1,0.44,0.4394,0.54,0,14,71,85
9959,2012-02-24,1,1,2,23,0,5,1,1,0.38,0.3939,0.37,0.6866,10,76,86
9983,2012-02-25,1,1,2,23,0,6,0,1,0.24,0.197,0.41,0.4179,7,84,91
10007,2012-02-26,1,1,2,23,0,0,0,1,0.26,0.2576,0.56,0.1642,5,59,64
10031,2012-02-27,1,1,2,23,0,1,1,1,0.42,0.4242,0.5,0.1642,6,50,56
10055,2012-02-28,1,1,2,23,0,2,1,1,0.32,0.303,0.53,0.2239,4,61,65
10078,2012-02-29,1,1,2,23,0,3,1,3,0.42,0.4242,0.94,0.2537,3,30,33
10102,2012-03-01,1,1,3,23,0,4,1,1,0.36,0.3485,0.5,0.2239,9,76,85
10126,2012-03-02,1,1,3,23,0,5,1,2,0.36,0.3788,0.87,0,4,19,23
10150,2012-03-03,1,1,3,23,0,6,0,1,0.42,0.4242,0.24,0,12,94,106
10174,2012-03-04,1,1,3,23,0,0,0,1,0.26,0.2576,0.41,0.194,2,24,26
10198,2012-03-05,1,1,3,23,0,1,1,1,0.22,0.1818,0.37,0.5821,2,29,31
10222,2012-03-06,1,1,3,23,0,2,1,1,0.28,0.2727,0.61,0.2239,3,51,54
10246,2012-03-07,1,1,3,23,0,3,1,1,0.44,0.4394,0.62,0.3284,4,58,62
10270,2012-03-08,1,1,3,23,0,4,1,2,0.56,0.5303,0.49,0.4478,6,88,94
10294,2012-03-09,1,1,3,23,0,5,1,1,0.32,0.303,0.33,0.2985,9,77,86
10318,2012-03-10,1,1,3,23,0,6,0,1,0.26,0.2576,0.41,0.194,6,77,83
10341,2012-03-11,1,1,3,23,0,0,0,1,0.4,0.4091,0.5,0.1642,12,40,52
10365,2012-03-12,1,1,3,23,0,1,1,1,0.56,0.5303,0.56,0.2239,10,53,63
10389,2012-03-13,1,1,3,23,0,2,1,1,0.56,0.5303,0.56,0.1343,8,79,87
10413,2012-03-14,1,1,3,23,0,3,1,1,0.56,0.5303,0.43,0.1642,19,72,91
10437,2012-03-15,1,1,3,23,0,4,1,1,0.48,0.4697,0.72,0.194,12,85,97
10461,2012-03-16,1,1,3,23,0,5,1,2,0.44,0.4394,0.94,0,22,104,126
10485,2012-03-17,1,1,3,23,0,6,0,1,0.5,0.4848,0.77,0.1642,34,151,185
10509,2012-03-18,1,1,3,23,0,0,0,1,0.48,0.4697,0.82,0.1642,7,39,46
10533,2012-03-19,1,1,3,23,0,1,1,2,0.56,0.5303,0.78,0.1343,9,45,54
10557,2012-03-20,1,1,3,23,0,2,1,1,0.52,0.5,0.83,0,10,80,90
10581,2012-03-21,2,1,3,23,0,3,1,1,0.54,0.5152,0.77,0,37,88,125
10605,2012-03-22,2,1,3,23,0,4,1,1,0.56,0.5303,0.83,0.0896,34,117,151
10629,2012-03-23,2,1,3,23,0,5,1,1,0.6,0.5909,0.69,0.2537,51,125,176
10653,2012-03-24,2,1,3,23,0,6,0,2,0.44,0.4394,0.94,0.2836,17,88,105
10677,2012-03-25,2,1,3,23,0,0,0,1,0.48,0.4697,0.82,0.1343,9,56,65
10701,2012-03-26,2,1,3,23,0,1,1,1,0.34,0.2879,0.25,0.5224,2,46,48
10725,2012-03-27,2,1,3,23,0,2,1,1,0.36,0.3485,0.37,0.194,5,59,64
10749,2012-03-28,2,1,3,23,0,3,1,1,0.54,0.5152,0.68,0.1343,12,81,93
10773,2012-03-29,2,1,3,23,0,4,1,1,0.42,0.4242,0.47,0.2985,17,77,94
10797,2012-03-30,2,1,3,23,0,5,1,1,0.36,0.3788,0.71,0,16,107,123
10821,2012-03-31,2,1,3,23,0,6,0,2,0.36,0.3333,0.76,0.2836,12,100,112
10845,2012-04-01,2,1,4,23,0,0,0,3,0.46,0.4545,0.72,0,10,53,63
10868,2012-04-02,2,1,4,23,0,1,1,1,0.44,0.4394,0.35,0.1642,6,60,66
10892,2012-04-03,2,1,4,23,0,2,1,1,0.5,0.4848,0.59,0,13,66,79
10916,2012-04-04,2,1,4,23,0,3,1,1,0.52,0.5,0.23,0.4179,19,112,131
10940,2012-04-05,2,1,4,23,0,4,1,1,0.4,0.4091,0.5,0.1343,12,124,136
10964,2012-04-06,2,1,4,23,0,5,1,1,0.42,0.4242,0.3,0.2836,21,92,113
10988,2012-04-07,2,1,4,23,0,6,0,1,0.46,0.4545,0.23,0.2239,32,86,118
11012,2012-04-08,2,1,4,23,0,0,0,1,0.5,0.4848,0.39,0.2537,10,41,51
11036,2012-04-09,2,1,4,23,0,1,1,1,0.44,0.4394,0.44,0.2985,6,61,67
11060,2012-04-10,2,1,4,23,0,2,1,1,0.36,0.3333,0.4,0.4179,14,48,62
11083,2012-04-11,2,1,4,23,0,3,1,1,0.34,0.303,0.57,0.2985,9,52,61
11107,2012-04-12,2,1,4,23,0,4,1,1,0.42,0.4242,0.35,0.194,8,86,94
11131,2012-04-13,2,1,4,23,0,5,1,1,0.42,0.4242,0.62,0.0896,35,163,198
11155,2012-04-14,2,1,4,23,0,6,0,2,0.54,0.5152,0.56,0.194,45,151,196
11179,2012-04-15,2,1,4,23,0,0,0,1,0.66,0.6212,0.5,0.3881,25,65,90
11203,2012-04-16,2,1,4,23,1,1,0,1,0.7,0.6364,0.45,0.2985,24,97,121
11227,2012-04-17,2,1,4,23,0,2,1,1,0.54,0.5152,0.32,0.2239,10,72,82
11251,2012-04-18,2,1,4,23,0,3,1,2,0.42,0.4242,0.77,0,14,56,70
11275,2012-04-19,2,1,4,23,0,4,1,1,0.5,0.4848,0.63,0.1045,20,124,144
11299,2012-04-20,2,1,4,23,0,5,1,1,0.52,0.5,0.72,0.1343,31,156,187
11323,2012-04-21,2,1,4,23,0,6,0,2,0.46,0.4545,0.82,0.2836,18,73,91
11347,2012-04-22,2,1,4,23,0,0,0,3,0.36,0.3182,0.81,0.4627,0,17,17
11371,2012-04-23,2,1,4,23,0,1,1,1,0.32,0.3182,0.76,0.1642,10,49,59
11395,2012-04-24,2,1,4,23,0,2,1,1,0.42,0.4242,0.38,0.0896,4,69,73
11419,2012-04-25,2,1,4,23,0,3,1,2,0.5,0.4848,0.51,0.0896,10,94,104
11443,2012-04-26,2,1,4,23,0,4,1,1,0.5,0.4848,0.88,0.1642,6,106,112
11467,2012-04-27,2,1,4,23,0,5,1,1,0.4,0.4091,0.4,0.2537,11,105,116
11491,2012-04-28,2,1,4,23,0,6,0,2,0.38,0.3939,0.76,0.0896,5,37,42
11515,2012-04-29,2,1,4,23,0,0,0,1,0.48,0.4697,0.59,0,15,67,82
11539,2012-04-30,2,1,4,23,0,1,1,2,0.52,0.5,0.55,0.2239,10,50,60
11563,2012-05-01,2,1,5,23,0,2,1,1,0.6,0.5758,0.78,0,16,79,95
11587,2012-05-02,2,1,5,23,0,3,1,2,0.5,0.4848,0.77,0.2537,21,77,98
11611,2012-05-03,2,1,5,23,0,4,1,1,0.6,0.5606,0.83,0,21,100,121
11635,2012-05-04,2,1,5,23,0,5,1,1,0.6,0.5606,0.83,0.0896,51,205,256
11659,2012-05-05,2,1,5,23,0,6,0,2,0.56,0.5303,0.83,0.2836,35,114,149
11683,2012-05-06,2,1,5,23,0,0,0,1,0.52,0.5,0.77,0.194,22,80,102
11707,2012-05-07,2,1,5,23,0,1,1,2,0.54,0.5152,0.45,0.194,21,92,113
11731,2012-05-08,2,1,5,23,0,2,1,3,0.6,0.5758,0.78,0.3284,10,53,63
11755,2012-05-09,2,1,5,23,0,3,1,3,0.48,0.4697,0.82,0.194,8,47,55
11779,2012-05-10,2,1,5,23,0,4,1,1,0.48,0.4697,0.48,0.1045,23,112,135
11803,2012-05-11,2,1,5,23,0,5,1,1,0.54,0.5152,0.37,0.194,38,142,180
11827,2012-05-12,2,1,5,23,0,6,0,1,0.58,0.5455,0.56,0.0896,42,134,176
11851,2012-05-13,2,1,5,23,0,0,0,2,0.62,0.6212,0.57,0.2239,17,57,74
11875,2012-05-14,2,1,5,23,0,1,1,2,0.58,0.5455,0.78,0.1045,11,64,75
11899,2012-05-15,2,1,5,23,0,2,1,3,0.56,0.5303,0.88,0.1045,13,58,71
11923,2012-05-16,2,1,5,23,0,3,1,1,0.62,0.5909,0.78,0.1045,26,107,133
11947,2012-05-17,2,1,5,23,0,4,1,1,0.54,0.5152,0.49,0.1343,29,137,166
11971,2012-05-18,2,1,5,23,0,5,1,1,0.52,0.5,0.55,0,41,133,174
11995,2012-05-19,2,1,5,23,0,6,0,1,0.6,0.6212,0.56,0.1642,71,168,239
12019,2012-05-20,2,1,5,23,0,0,0,3,0.6,0.5758,0.78,0.3582,32,54,86
12043,2012-05-21,2,1,5,23,0,1,1,1,0.62,0.5909,0.73,0.2836,18,79,97
12067,2012-05-22,2,1,5,23,0,2,1,1,0.62,0.5909,0.73,0.1045,14,91,105
12091,2012-05-23,2,1,5,23,0,3,1,1,0.6,0.5606,0.83,0.1343,23,83,106
12115,2012-05-24,2,1,5,23,0,4,1,2,0.64,0.5909,0.78,0.1343,36,131,167
12139,2012-05-25,2,1,5,23,0,5,1,1,0.66,0.6061,0.78,0.2239,34,132,166
12163,2012-05-26,2,1,5,23,0,6,0,1,0.7,0.6667,0.74,0.2537,36,114,150
12187,2012-05-27,2,1,5,23,0,0,0,3,0.62,0.5758,0.83,0.1343,31,65,96
12211,2012-05-28,2,1,5,23,1,1,0,1,0.72,0.697,0.74,0.1642,22,60,82
12235,2012-05-29,2,1,5,23,0,2,1,3,0.62,0.5455,0.94,0,10,40,50
12259,2012-05-30,2,1,5,23,0,3,1,1,0.66,0.6212,0.65,0.1045,39,121,160
12283,2012-05-31,2,1,5,23,0,4,1,1,0.66,0.6212,0.54,0.2239,26,114,140
12307,2012-06-01,2,1,6,23,0,5,1,3,0.6,0.5455,0.88,0.1343,6,67,73
12331,2012-06-02,2,1,6,23,0,6,0,1,0.56,0.5303,0.52,0.1045,53,185,238
12355,2012-06-03,2,1,6,23,0,0,0,1,0.58,0.5455,0.53,0.1045,26,82,108
12379,2012-06-04,2,1,6,23,0,1,1,1,0.58,0.5455,0.49,0.2985,8,78,86
12403,2012-06-05,2,1,6,23,0,2,1,1,0.54,0.5152,0.56,0.0896,20,93,113
12427,2012-06-06,2,1,6,23,0,3,1,1,0.52,0.5,0.77,0,13,110,123
12451,2012-06-07,2,1,6,23,0,4,1,1,0.56,0.5303,0.52,0.1343,42,135,177
12475,2012-06-08,2,1,6,23,0,5,1,1,0.64,0.6212,0.57,0.1642,52,163,215
12499,2012-06-09,2,1,6,23,0,6,0,1,0.68,0.6364,0.61,0.1642,69,161,230
12523,2012-06-10,2,1,6,23,0,0,0,1,0.72,0.6667,0.58,0.1045,30,80,110
12547,2012-06-11,2,1,6,23,0,1,1,2,0.7,0.6515,0.58,0.2239,8,72,80
12571,2012-06-12,2,1,6,23,0,2,1,3,0.66,0.5909,0.94,0.2239,11,78,89
12595,2012-06-13,2,1,6,23,0,3,1,1,0.62,0.6212,0.5,0.2836,25,128,153
12619,2012-06-14,2,1,6,23,0,4,1,2,0.62,0.6061,0.69,0.1642,36,136,172
12643,2012-06-15,2,1,6,23,0,5,1,1,0.62,0.6212,0.53,0.2537,46,176,222
12667,2012-06-16,2,1,6,23,0,6,0,1,0.6,0.6212,0.53,0.2985,49,134,183
12691,2012-06-17,2,1,6,23,0,0,0,1,0.58,0.5455,0.64,0.194,29,79,108
12715,2012-06-18,2,1,6,23,0,1,1,3,0.6,0.5758,0.78,0.194,17,57,74
12739,2012-06-19,2,1,6,23,0,2,1,1,0.72,0.697,0.79,0.1343,23,102,125
12763,2012-06-20,2,1,6,23,0,3,1,1,0.78,0.7424,0.59,0.1045,21,102,123
12787,2012-06-21,3,1,6,23,0,4,1,1,0.8,0.7727,0.59,0.0896,12,134,146
12811,2012-06-22,3,1,6,23,0,5,1,2,0.66,0.6212,0.74,0,29,145,174
12835,2012-06-23,3,1,6,23,0,6,0,1,0.72,0.6515,0.44,0,69,156,225
12859,2012-06-24,3,1,6,23,0,0,0,1,0.74,0.6818,0.58,0.1045,20,67,87
12883,2012-06-25,3,1,6,23,0,1,1,1,0.64,0.6212,0.33,0.3284,15,88,103
12907,2012-06-26,3,1,6,23,0,2,1,1,0.62,0.6212,0.41,0.1343,13,118,131
12931,2012-06-27,3,1,6,23,0,3,1,1,0.68,0.6364,0.47,0.1343,11,148,159
12955,2012-06-28,3,1,6,23,0,4,1,1,0.74,0.6667,0.48,0.1343,26,145,171
12979,2012-06-29,3,1,6,23,0,5,1,3,0.82,0.8333,0.63,0.194,6,42,48
13003,2012-06-30,3,1,6,23,0,6,0,1,0.78,0.7424,0.62,0.0896,33,119,152
13027,2012-07-01,3,1,7,23,0,0,0,3,0.78,0.7121,0.52,0.1642,22,88,110
13051,2012-07-02,3,1,7,23,0,1,1,1,0.74,0.6667,0.51,0.1045,12,90,102
13075,2012-07-03,3,1,7,23,0,2,1,1,0.66,0.6061,0.83,0,19,152,171
13099,2012-07-04,3,1,7,23,1,3,0,2,0.78,0.697,0.43,0.0896,31,152,183
13123,2012-07-05,3,1,7,23,0,4,1,1,0.8,0.7576,0.55,0.1642,32,99,131
13147,2012-07-06,3,1,7,23,0,5,1,1,0.8,0.7879,0.63,0.1045,27,137,164
13171,2012-07-07,3,1,7,23,0,6,0,1,0.84,0.8182,0.56,0.1642,34,114,148
13195,2012-07-08,3,1,7,23,0,0,0,3,0.68,0.6364,0.83,0.0896,25,98,123
13219,2012-07-09,3,1,7,23,0,1,1,2,0.7,0.6515,0.65,0.1045,22,109,131
13243,2012-07-10,3,1,7,23,0,2,1,2,0.64,0.5758,0.89,0.1045,29,74,103
13267,2012-07-11,3,1,7,23,0,3,1,2,0.7,0.6515,0.58,0.2537,20,132,152
13291,2012-07-12,3,1,7,23,0,4,1,2,0.7,0.6515,0.51,0.2239,33,178,211
13315,2012-07-13,3,1,7,23,0,5,1,2,0.72,0.6515,0.45,0.1343,37,175,212
13339,2012-07-14,3,1,7,23,0,6,0,2,0.68,0.6364,0.83,0.0896,55,156,211
13363,2012-07-15,3,1,7,23,0,0,0,1,0.72,0.697,0.79,0.1343,25,66,91
13387,2012-07-16,3,1,7,23,0,1,1,1,0.74,0.7121,0.74,0.0896,27,139,166
13411,2012-07-17,3,1,7,23,0,2,1,1,0.78,0.7424,0.59,0.194,22,139,161
13435,2012-07-18,3,1,7,23,0,3,1,1,0.76,0.7121,0.58,0.0896,19,112,131
13459,2012-07-19,3,1,7,23,0,4,1,3,0.66,0.5909,0.89,0.2239,3,62,65
13483,2012-07-20,3,1,7,23,0,5,1,2,0.62,0.5758,0.83,0.2836,18,148,166
13507,2012-07-21,3,1,7,23,0,6,0,2,0.6,0.5455,0.88,0,32,117,149
13531,2012-07-22,3,1,7,23,0,0,0,1,0.68,0.6364,0.79,0.1642,33,90,123
13555,2012-07-23,3,1,7,23,0,1,1,1,0.72,0.6818,0.66,0.1642,16,98,114
13579,2012-07-24,3,1,7,23,0,2,1,1,0.74,0.6818,0.58,0.3284,38,154,192
13603,2012-07-25,3,1,7,23,0,3,1,1,0.68,0.6364,0.57,0.2985,52,187,239
13627,2012-07-26,3,1,7,23,0,4,1,1,0.72,0.6818,0.7,0.1343,18,127,145
13651,2012-07-27,3,1,7,23,0,5,1,1,0.76,0.7273,0.66,0,34,155,189
13675,2012-07-28,3,1,7,23,0,6,0,1,0.66,0.6061,0.83,0.0896,52,156,208
13699,2012-07-29,3,1,7,23,0,0,0,1,0.7,0.6515,0.7,0,18,82,100
13723,2012-07-30,3,1,7,23,0,1,1,1,0.7,0.6667,0.74,0.194,34,116,150
13747,2012-07-31,3,1,7,23,0,2,1,2,0.66,0.6061,0.83,0.1642,20,127,147
13771,2012-08-01,3,1,8,23,0,3,1,1,0.7,0.6667,0.74,0,18,134,152
13795,2012-08-02,3,1,8,23,0,4,1,1,0.72,0.6818,0.7,0.2537,25,152,177
13819,2012-08-03,3,1,8,23,0,5,1,1,0.74,0.7121,0.79,0.1343,26,170,196
13843,2012-08-04,3,1,8,23,0,6,0,1,0.76,0.7273,0.66,0.2985,61,161,222
13867,2012-08-05,3,1,8,23,0,0,0,2,0.72,0.697,0.79,0.1642,29,58,87
13891,2012-08-06,3,1,8,23,0,1,1,1,0.72,0.697,0.74,0.194,16,97,113
13915,2012-08-07,3,1,8,23,0,2,1,1,0.72,0.697,0.79,0,18,120,138
13939,2012-08-08,3,1,8,23,0,3,1,1,0.72,0.6818,0.7,0.1343,16,120,136
13963,2012-08-09,3,1,8,23,0,4,1,1,0.66,0.6212,0.74,0,19,137,156
13987,2012-08-10,3,1,8,23,0,5,1,1,0.72,0.6818,0.7,0.2836,33,159,192
14011,2012-08-11,3,1,8,23,0,6,0,3,0.66,0.6061,0.78,0.1642,42,121,163
14035,2012-08-12,3,1,8,23,0,0,0,1,0.68,0.6364,0.61,0,25,85,110
14059,2012-08-13,3,1,8,23,0,1,1,1,0.7,0.6515,0.7,0.2239,28,100,128
14083,2012-08-14,3,1,8,23,0,2,1,1,0.72,0.6818,0.66,0.1642,53,114,167
14107,2012-08-15,3,1,8,23,0,3,1,1,0.68,0.6364,0.65,0.1045,18,120,138
14131,2012-08-16,3,1,8,23,0,4,1,1,0.7,0.6515,0.54,0.1045,58,168,226
14155,2012-08-17,3,1,8,23,0,5,1,3,0.64,0.2424,0.83,0.2239,21,100,121
14179,2012-08-18,3,1,8,23,0,6,0,1,0.64,0.6061,0.65,0.0896,60,175,235
14203,2012-08-19,3,1,8,23,0,0,0,2,0.62,0.5909,0.73,0,7,39,46
14227,2012-08-20,3,1,8,23,0,1,1,2,0.6,0.5606,0.83,0,10,92,102
14251,2012-08-21,3,1,8,23,0,2,1,1,0.62,0.5758,0.83,0,23,113,136
14275,2012-08-22,3,1,8,23,0,3,1,1,0.64,0.5758,0.83,0,27,113,140
14299,2012-08-23,3,1,8,23,0,4,1,2,0.66,0.6212,0.69,0,24,133,157
14323,2012-08-24,3,1,8,23,0,5,1,2,0.68,0.6364,0.69,0.0896,38,140,178
14347,2012-08-25,3,1,8,23,0,6,0,2,0.62,0.5758,0.83,0.2537,34,124,158
14371,2012-08-26,3,1,8,23,0,0,0,1,0.62,0.5758,0.83,0.0896,21,59,80
14395,2012-08-27,3,1,8,23,0,1,1,1,0.7,0.6667,0.84,0.1642,35,79,114
14419,2012-08-28,3,1,8,23,0,2,1,1,0.68,0.6364,0.57,0,17,92,109
14443,2012-08-29,3,1,8,23,0,3,1,1,0.66,0.6212,0.57,0,34,123,157
14467,2012-08-30,3,1,8,23,0,4,1,1,0.7,0.6667,0.74,0.1045,19,133,152
14491,2012-08-31,3,1,8,23,0,5,1,1,0.74,0.6818,0.62,0.1045,32,142,174
14515,2012-09-01,3,1,9,23,0,6,0,1,0.66,0.5909,0.89,0.0896,57,88,145
14539,2012-09-02,3,1,9,23,0,0,0,3,0.66,0.5909,0.89,0.0896,53,70,123
14563,2012-09-03,3,1,9,23,1,1,0,2,0.7,0.6667,0.84,0.2537,12,58,70
14587,2012-09-04,3,1,9,23,0,2,1,1,0.72,0.697,0.74,0.2985,12,83,95
14611,2012-09-05,3,1,9,23,0,3,1,1,0.7,0.6667,0.84,0.0896,24,126,150
14635,2012-09-06,3,1,9,23,0,4,1,1,0.64,0.5758,0.89,0.1642,19,150,169
14659,2012-09-07,3,1,9,23,0,5,1,1,0.66,0.5909,0.89,0.2537,28,220,248
14683,2012-09-08,3,1,9,23,0,6,0,2,0.58,0.5455,0.73,0.1642,12,121,133
14707,2012-09-09,3,1,9,23,0,0,0,1,0.56,0.5303,0.52,0.2836,22,70,92
14731,2012-09-10,3,1,9,23,0,1,1,1,0.54,0.5152,0.52,0,7,86,93
14755,2012-09-11,3,1,9,23,0,2,1,1,0.54,0.5152,0.68,0.1045,18,91,109
14779,2012-09-12,3,1,9,23,0,3,1,1,0.56,0.5303,0.68,0.1045,16,111,127
14803,2012-09-13,3,1,9,23,0,4,1,1,0.58,0.5455,0.73,0.1045,33,137,170
14827,2012-09-14,3,1,9,23,0,5,1,1,0.62,0.5909,0.78,0.0896,27,168,195
14851,2012-09-15,3,1,9,23,0,6,0,1,0.54,0.5152,0.6,0,47,182,229
14875,2012-09-16,3,1,9,23,0,0,0,1,0.54,0.5152,0.68,0.1045,9,85,94
14899,2012-09-17,3,1,9,23,0,1,1,3,0.6,0.5152,0.94,0.2537,4,66,70
14923,2012-09-18,3,1,9,23,0,2,1,2,0.56,0.5303,0.83,0.2239,11,67,78
14947,2012-09-19,3,1,9,23,0,3,1,1,0.48,0.4697,0.67,0.0896,17,106,123
14971,2012-09-20,3,1,9,23,0,4,1,1,0.54,0.5152,0.68,0.1045,17,137,154
14995,2012-09-21,3,1,9,23,0,5,1,1,0.6,0.5909,0.73,0.3284,23,163,186
15019,2012-09-22,3,1,9,23,0,6,0,1,0.62,0.6212,0.5,0.194,34,137,171
15043,2012-09-23,4,1,9,23,0,0,0,2,0.5,0.4848,0.59,0.1045,30,70,100
15067,2012-09-24,4,1,9,23,0,1,1,1,0.46,0.4545,0.63,0.1343,11,83,94
15091,2012-09-25,4,1,9,23,0,2,1,1,0.6,0.6212,0.56,0.3284,9,89,98
15115,2012-09-26,4,1,9,23,0,3,1,2,0.6,0.5758,0.78,0.2537,13,102,115
15139,2012-09-27,4,1,9,23,0,4,1,3,0.62,0.5758,0.83,0.1642,1,44,45
15163,2012-09-28,4,1,9,23,0,5,1,2,0.56,0.5303,0.56,0.194,26,164,190
15187,2012-09-29,4,1,9,23,0,6,0,1,0.5,0.4848,0.59,0.0896,35,161,196
15211,2012-09-30,4,1,9,23,0,0,0,1,0.48,0.4697,0.72,0.0896,8,49,57
15235,2012-10-01,4,1,10,23,0,1,1,3,0.54,0.5152,0.77,0,17,88,105
15259,2012-10-02,4,1,10,23,0,2,1,2,0.62,0.5455,0.94,0,11,87,98
15283,2012-10-03,4,1,10,23,0,3,1,2,0.66,0.6061,0.78,0,21,199,220
15307,2012-10-04,4,1,10,23,0,4,1,1,0.6,0.6212,0.56,0.0896,18,137,155
15331,2012-10-05,4,1,10,23,0,5,1,1,0.58,0.5455,0.78,0.2239,23,148,171
15355,2012-10-06,4,1,10,23,0,6,0,1,0.44,0.4394,0.62,0.1343,37,142,179
15379,2012-10-07,4,1,10,23,0,0,0,1,0.36,0.3485,0.93,0.1343,12,68,80
15403,2012-10-08,4,1,10,23,1,1,0,2,0.4,0.4091,0.71,0.2239,9,60,69
15427,2012-10-09,4,1,10,23,0,2,1,2,0.48,0.4697,0.77,0.0896,8,76,84
15451,2012-10-10,4,1,10,23,0,3,1,1,0.44,0.4394,0.58,0.194,17,119,136
15475,2012-10-11,4,1,10,23,0,4,1,1,0.42,0.4242,0.58,0.0896,10,176,186
15499,2012-10-12,4,1,10,23,0,5,1,1,0.36,0.3485,0.57,0.194,11,89,100
15523,2012-10-13,4,1,10,23,0,6,0,1,0.42,0.4242,0.58,0.2985,27,98,125
15547,2012-10-14,4,1,10,23,0,0,0,2,0.56,0.5303,0.68,0.2836,27,78,105
15571,2012-10-15,4,1,10,23,0,1,1,1,0.46,0.4545,0.63,0.2239,9,72,81
15595,2012-10-16,4,1,10,23,0,2,1,1,0.4,0.4091,0.71,0,23,176,199
15619,2012-10-17,4,1,10,23,0,3,1,1,0.46,0.4545,0.88,0.2239,15,84,99
15643,2012-10-18,4,1,10,23,0,4,1,2,0.54,0.5152,0.83,0,6,111,117
15667,2012-10-19,4,1,10,23,0,5,1,1,0.46,0.4545,0.88,0.1045,13,118,131
15691,2012-10-20,4,1,10,23,0,6,0,1,0.42,0.4242,0.58,0,27,136,163
15715,2012-10-21,4,1,10,23,0,0,0,1,0.44,0.4394,0.54,0,7,59,66
15739,2012-10-22,4,1,10,23,0,1,1,1,0.46,0.4545,0.82,0.1045,20,143,163
15763,2012-10-23,4,1,10,23,0,2,1,1,0.54,0.5152,0.73,0.1045,9,102,111
15787,2012-10-24,4,1,10,23,0,3,1,2,0.58,0.5455,0.68,0.0896,12,111,123
15811,2012-10-25,4,1,10,23,0,4,1,2,0.54,0.5152,0.83,0.1343,13,122,135
15835,2012-10-26,4,1,10,23,0,5,1,1,0.52,0.5,0.83,0.1642,19,159,178
15859,2012-10-27,4,1,10,23,0,6,0,2,0.52,0.5,0.68,0.3881,31,136,167
15883,2012-10-28,4,1,10,23,0,0,0,3,0.42,0.4242,0.94,0.3582,2,12,14
15895,2012-10-30,4,1,10,23,0,2,1,1,0.3,0.303,0.81,0.1343,3,36,39
15919,2012-10-31,4,1,10,23,0,3,1,1,0.36,0.3636,0.57,0.0896,7,94,101
15943,2012-11-01,4,1,11,23,0,4,1,1,0.34,0.3333,0.57,0.1642,8,112,120
15967,2012-11-02,4,1,11,23,0,5,1,1,0.34,0.303,0.53,0.2985,11,108,119
15991,2012-11-03,4,1,11,23,0,6,0,1,0.32,0.3333,0.57,0.1045,15,133,148
16015,2012-11-04,4,1,11,23,0,0,0,2,0.3,0.303,0.56,0.1642,12,41,53
16039,2012-11-05,4,1,11,23,0,1,1,1,0.26,0.2727,0.6,0.1343,0,53,53
16063,2012-11-06,4,1,11,23,0,2,1,1,0.3,0.2879,0.56,0.2239,19,186,205
16087,2012-11-07,4,1,11,23,0,3,1,3,0.28,0.2727,0.65,0.2239,3,37,40
16110,2012-11-08,4,1,11,23,0,4,1,1,0.34,0.303,0.46,0.3582,5,82,87
16134,2012-11-09,4,1,11,23,0,5,1,1,0.32,0.3333,0.81,0.0896,20,142,162
16158,2012-11-10,4,1,11,23,0,6,0,1,0.36,0.3636,0.71,0.1045,26,120,146
16182,2012-11-11,4,1,11,23,0,0,0,1,0.42,0.4242,0.71,0.194,16,93,109
16206,2012-11-12,4,1,11,23,1,1,0,2,0.54,0.5152,0.77,0.2239,1,62,63
16230,2012-11-13,4,1,11,23,0,2,1,1,0.26,0.2273,0.56,0.2985,6,78,84
16254,2012-11-14,4,1,11,23,0,3,1,1,0.24,0.2424,0.7,0.1343,9,78,87
16278,2012-11-15,4,1,11,23,0,4,1,2,0.32,0.3182,0.61,0.1642,7,118,125
16302,2012-11-16,4,1,11,23,0,5,1,1,0.32,0.303,0.53,0.2239,14,114,128
16326,2012-11-17,4,1,11,23,0,6,0,2,0.3,0.3182,0.7,0.1045,19,114,133
16350,2012-11-18,4,1,11,23,0,0,0,1,0.36,0.3485,0.66,0.2239,6,53,59
16374,2012-11-19,4,1,11,23,0,1,1,1,0.34,0.3485,0.66,0.1045,2,72,74
16398,2012-11-20,4,1,11,23,0,2,1,1,0.32,0.3333,0.81,0.1045,1,82,83
16422,2012-11-21,4,1,11,23,0,3,1,1,0.32,0.3485,0.61,0,7,50,57
16446,2012-11-22,4,1,11,23,1,4,0,1,0.3,0.3333,0.7,0,8,28,36
16470,2012-11-23,4,1,11,23,0,5,1,1,0.42,0.4242,0.38,0.4478,20,47,67
16494,2012-11-24,4,1,11,23,0,6,0,1,0.24,0.2273,0.44,0.194,9,48,57
16518,2012-11-25,4,1,11,23,0,0,0,1,0.22,0.2576,0.69,0.0896,1,40,41
16542,2012-11-26,4,1,11,23,0,1,1,2,0.32,0.3333,0.66,0.1045,8,57,65
16566,2012-11-27,4,1,11,23,0,2,1,2,0.26,0.2424,0.81,0.2537,3,64,67
16590,2012-11-28,4,1,11,23,0,3,1,1,0.26,0.2727,0.48,0.1343,5,73,78
16613,2012-11-29,4,1,11,23,0,4,1,1,0.28,0.3182,0.61,0,6,124,130
16637,2012-11-30,4,1,11,23,0,5,1,2,0.3,0.3182,0.75,0.0896,11,99,110
16661,2012-12-01,4,1,12,23,0,6,0,2,0.32,0.3485,0.81,0,10,116,126
16685,2012-12-02,4,1,12,23,0,0,0,2,0.42,0.4242,0.82,0.1343,7,44,51
16709,2012-12-03,4,1,12,23,0,1,1,1,0.42,0.4242,0.82,0.1045,9,93,102
16733,2012-12-04,4,1,12,23,0,2,1,1,0.48,0.4697,0.67,0.2537,5,91,96
16757,2012-12-05,4,1,12,23,0,3,1,1,0.3,0.2727,0.49,0.3881,5,69,74
16781,2012-12-06,4,1,12,23,0,4,1,1,0.24,0.2424,0.65,0.1642,0,93,93
16805,2012-12-07,4,1,12,23,0,5,1,2,0.36,0.3636,0.93,0.0896,6,116,122
16829,2012-12-08,4,1,12,23,0,6,0,2,0.4,0.4091,0.94,0,18,144,162
16853,2012-12-09,4,1,12,23,0,0,0,3,0.36,0.3636,1,0.0896,3,48,51
16877,2012-12-10,4,1,12,23,0,1,1,1,0.46,0.4545,0.88,0.2537,8,76,84
16901,2012-12-11,4,1,12,23,0,2,1,1,0.3,0.2879,0.52,0.2239,4,60,64
16925,2012-12-12,4,1,12,23,0,3,1,2,0.28,0.2727,0.56,0.2239,3,76,79
16949,2012-12-13,4,1,12,23,0,4,1,1,0.26,0.303,0.6,0,5,115,120
16973,2012-12-14,4,1,12,23,0,5,1,1,0.28,0.303,0.75,0.0896,11,123,134
16997,2012-12-15,4,1,12,23,0,6,0,2,0.36,0.3485,0.62,0.1343,11,108,119
17021,2012-12-16,4,1,12,23,0,0,0,2,0.36,0.3485,0.93,0.1343,4,29,33
17045,2012-12-17,4,1,12,23,0,1,1,3,0.42,0.4242,0.94,0.2239,6,41,47
17069,2012-12-18,4,1,12,23,0,2,1,1,0.34,0.3485,0.49,0.0896,1,80,81
17093,2012-12-19,4,1,12,23,0,3,1,1,0.32,0.3333,0.66,0.1343,4,84,88
17117,2012-12-20,4,1,12,23,0,4,1,3,0.4,0.4091,0.82,0.2985,0,13,13
17141,2012-12-21,1,1,12,23,0,5,1,1,0.26,0.2424,0.44,0.2836,1,39,40
17165,2012-12-22,1,1,12,23,0,6,0,1,0.22,0.2273,0.51,0.194,3,37,40
17189,2012-12-23,1,1,12,23,0,0,0,1,0.24,0.2879,0.6,0,3,22,25
17212,2012-12-24,1,1,12,23,0,1,1,3,0.24,0.2879,0.93,0,1,10,11
17235,2012-12-25,1,1,12,23,1,2,0,2,0.28,0.2727,0.65,0.2537,4,26,30
17259,2012-12-26,1,1,12,23,0,3,1,3,0.26,0.2273,0.87,0.2985,2,8,10
17283,2012-12-27,1,1,12,23,0,4,1,2,0.24,0.2273,0.6,0.2537,2,24,26
17307,2012-12-28,1,1,12,23,0,5,1,2,0.24,0.2576,0.65,0.0896,5,54,59
17331,2012-12-29,1,1,12,23,0,6,0,2,0.26,0.2424,0.6,0,0,32,32
17355,2012-12-30,1,1,12,23,0,0,0,1,0.2,0.197,0.51,0.2239,10,39,49
17379,2012-12-31,1,1,12,23,0,1,1,1,0.26,0.2727,0.65,0.1343,12,37,49
