1,2011-01-01,1,0,1,0,0,6,0,1,0.24,0.2879,0.81,0,3,13,16
25,2011-01-02,1,0,1,0,0,0,0,2,0.46,0.4545,0.88,0.2985,4,13,17
48,2011-01-03,1,0,1,0,0,1,1,1,0.22,0.197,0.44,0.3582,0,5,5
70,2011-01-04,1,0,1,0,0,2,1,1,0.16,0.1818,0.55,0.1045,0,5,5
93,2011-01-05,1,0,1,0,0,3,1,1,0.2,0.2576,0.64,0,0,6,6
116,2011-01-06,1,0,1,0,0,4,1,1,0.18,0.2424,0.55,0,0,11,11
139,2011-01-07,1,0,1,0,0,5,1,2,0.2,0.197,0.64,0.194,4,13,17
162,2011-01-08,1,0,1,0,0,6,0,2,0.18,0.197,0.51,0.1642,1,24,25
186,2011-01-09,1,0,1,0,0,0,0,1,0.1,0.0758,0.42,0.3881,1,24,25
210,2011-01-10,1,0,1,0,0,1,1,1,0.12,0.1212,0.5,0.2836,2,3,5
234,2011-01-11,1,0,1,0,0,2,1,1,0.14,0.1667,0.59,0.1045,2,10,12
256,2011-01-12,1,0,1,0,0,3,1,2,0.16,0.197,0.86,0.0896,0,7,7
278,2011-01-13,1,0,1,0,0,4,1,1,0.14,0.1212,0.59,0.2836,1,6,7
302,2011-01-14,1,0,1,0,0,5,1,1,0.12,0.1364,0.5,0.194,0,14,14
325,2011-01-15,1,0,1,0,0,6,0,1,0.18,0.2424,0.55,0,3,25,28
349,2011-01-16,1,0,1,0,0,0,0,1,0.26,0.303,0.56,0,6,33,39
373,2011-01-17,1,0,1,0,1,1,0,2,0.2,0.197,0.47,0.2239,1,16,17
409,2011-01-19,1,0,1,0,0,3,1,2,0.22,0.2727,0.93,0,0,3,3
432,2011-01-20,1,0,1,0,0,4,1,1,0.26,0.2273,0.56,0.3881,5,8,13
456,2011-01-21,1,0,1,0,0,5,1,2,0.24,0.2273,0.7,0.2537,1,20,21
480,2011-01-22,1,0,1,0,0,6,0,1,0.04,0.0303,0.45,0.2537,0,13,13
503,2011-01-23,1,0,1,0,0,0,0,1,0.04,0.0758,0.57,0.1045,2,20,22
526,2011-01-24,1,0,1,0,0,1,1,1,0.06,0.0606,0.41,0.194,0,7,7
549,2011-01-25,1,0,1,0,0,2,1,2,0.16,0.1364,0.69,0.2836,3,6,9
572,2011-01-26,1,0,1,0,0,3,1,2,0.22,0.2273,0.69,0.1343,3,14,17
596,2011-01-28,1,0,1,0,0,5,1,2,0.2,0.2121,0.75,0.1343,0,9,9
619,2011-01-29,1,0,1,0,0,6,0,1,0.22,0.197,0.64,0.3582,2,26,28
642,2011-01-30,1,0,1,0,0,0,0,1,0.16,0.1818,0.8,0.1045,0,33,33
665,2011-01-31,1,0,1,0,0,1,1,2,0.24,0.2273,0.65,0.2239,1,6,7
689,2011-02-01,1,0,2,0,0,2,1,2,0.16,0.1818,0.64,0.1045,2,6,8
712,2011-02-02,1,0,2,0,0,3,1,3,0.22,0.2424,0.93,0.1045,0,2,2
736,2011-02-03,1,0,2,0,0,4,1,1,0.2,0.1667,0.4,0.4478,1,11,12
759,2011-02-04,1,0,2,0,0,5,1,2,0.2,0.2576,0.44,0,3,10,13
782,2011-02-05,1,0,2,0,0,6,0,2,0.24,0.2424,0.7,0.1642,3,36,39
806,2011-02-06,1,0,2,0,0,0,0,1,0.26,0.2576,0.7,0.194,2,37,39
830,2011-02-07,1,0,2,0,0,1,1,1,0.24,0.2879,0.65,0,1,14,15
854,2011-02-08,1,0,2,0,0,2,1,2,0.28,0.3182,0.87,0,4,6,10
878,2011-02-09,1,0,2,0,0,3,1,1,0.1,0.0758,0.36,0.3582,0,17,17
901,2011-02-10,1,0,2,0,0,4,1,3,0.14,0.1364,0.86,0.194,0,16,16
924,2011-02-11,1,0,2,0,0,5,1,1,0.1,0.1364,0.49,0.1045,2,12,14
946,2011-02-12,1,0,2,0,0,6,0,1,0.16,0.197,0.69,0.0896,3,27,30
970,2011-02-13,1,0,2,0,0,0,0,1,0.2,0.2273,0.64,0.1045,5,34,39
993,2011-02-14,1,0,2,0,0,1,1,1,0.38,0.3939,0.37,0.3582,3,8,11
1017,2011-02-15,1,0,2,0,0,2,1,1,0.3,0.2727,0.49,0.4179,7,12,19
1040,2011-02-16,1,0,2,0,0,3,1,1,0.22,0.2576,0.41,0.0896,0,15,15
1063,2011-02-17,1,0,2,0,0,4,1,1,0.34,0.3333,0.53,0.194,1,16,17
1087,2011-02-18,1,0,2,0,0,5,1,1,0.44,0.4394,0.72,0.2836,12,20,32
1111,2011-02-19,1,0,2,0,0,6,0,1,0.48,0.4697,0.12,0.4925,6,23,29
1135,2011-02-20,1,0,2,0,0,0,0,1,0.26,0.2121,0.35,0.4478,3,14,17
1158,2011-02-21,1,0,2,0,1,1,0,2,0.34,0.303,0.42,0.3284,7,30,37
1200,2011-02-23,1,0,2,0,0,3,1,1,0.14,0.1364,0.5,0.194,0,6,6
1223,2011-02-24,1,0,2,0,0,4,1,1,0.22,0.2576,0.55,0.0896,0,11,11
1246,2011-02-25,1,0,2,0,0,5,1,3,0.32,0.3485,0.93,0,1,8,9
1269,2011-02-26,1,0,2,0,0,6,0,1,0.24,0.2273,0.52,0.194,3,25,28
1293,2011-02-27,1,0,2,0,0,0,0,1,0.26,0.2424,0.87,0.2836,8,26,34
1316,2011-02-28,1,0,2,0,0,1,1,2,0.36,0.3636,0.66,0.1045,5,25,30
1338,2011-03-01,1,0,3,0,0,2,1,1,0.3,0.2727,0.7,0.4627,0,7,7
1362,2011-03-02,1,0,3,0,0,3,1,1,0.22,0.2273,0.69,0.1642,3,5,8
1386,2011-03-03,1,0,3,0,0,4,1,1,0.24,0.197,0.3,0.4627,3,10,13
1410,2011-03-04,1,0,3,0,0,5,1,2,0.2,0.197,0.55,0.194,0,12,12
1434,2011-03-05,1,0,3,0,0,6,0,2,0.28,0.2879,0.81,0.1045,4,15,19
1458,2011-03-06,1,0,3,0,0,0,0,2,0.42,0.4242,0.77,0.3582,11,41,52
1481,2011-03-07,1,0,3,0,0,1,1,3,0.2,0.1818,1,0.3284,0,4,4
1504,2011-03-08,1,0,3,0,0,2,1,1,0.26,0.2879,0.48,0.0896,1,9,10
1528,2011-03-09,1,0,3,0,0,3,1,1,0.26,0.2879,0.65,0.0896,0,9,9
1552,2011-03-10,1,0,3,0,0,4,1,3,0.34,0.3182,0,0.2537,3,0,3
1574,2011-03-11,1,0,3,0,0,5,1,2,0.34,0.3485,1,0.0896,0,6,6
1597,2011-03-12,1,0,3,0,0,6,0,1,0.26,0.2727,0.6,0.1343,4,30,34
1621,2011-03-13,1,0,3,0,0,0,0,1,0.38,0.3939,0.62,0.1045,3,35,38
1644,2011-03-14,1,0,3,0,0,1,1,1,0.26,0.2727,0.65,0.1045,4,7,11
1667,2011-03-15,1,0,3,0,0,2,1,1,0.32,0.3485,0.53,0,7,7,14
1690,2011-03-16,1,0,3,0,0,3,1,3,0.3,0.2879,0.93,0.2537,0,8,8
1713,2011-03-17,1,0,3,0,0,4,1,1,0.38,0.3939,0.66,0.2537,4,19,23
1737,2011-03-18,1,0,3,0,0,5,1,1,0.42,0.4242,0.58,0.2836,5,24,29
1760,2011-03-19,1,0,3,0,0,6,0,2,0.6,0.6212,0.53,0.2537,26,50,76
1784,2011-03-20,1,0,3,0,0,0,0,1,0.34,0.303,0.49,0.4179,7,33,40
1808,2011-03-21,2,0,3,0,0,1,1,3,0.34,0.303,0.66,0.3881,2,11,13
1831,2011-03-22,2,0,3,0,0,2,1,1,0.46,0.4545,0.88,0.194,4,7,11
1855,2011-03-23,2,0,3,0,0,3,1,3,0.36,0.3485,0.71,0.2239,3,8,11
1878,2011-03-24,2,0,3,0,0,4,1,2,0.32,0.303,0.93,0.2239,0,11,11
1902,2011-03-25,2,0,3,0,0,5,1,1,0.24,0.2273,0.6,0.194,1,17,18
1926,2011-03-26,2,0,3,0,0,6,0,2,0.26,0.2424,0.38,0.2836,3,25,28
1950,2011-03-27,2,0,3,0,0,0,0,2,0.26,0.2576,0.41,0.1642,5,26,31
1973,2011-03-28,2,0,3,0,0,1,1,1,0.22,0.2273,0.55,0.194,1,11,12
1996,2011-03-29,2,0,3,0,0,2,1,1,0.26,0.2273,0.28,0.3284,1,15,16
2020,2011-03-30,2,0,3,0,0,3,1,2,0.32,0.3485,0.57,0,3,8,11
2044,2011-03-31,2,0,3,0,0,4,1,3,0.24,0.2273,0.93,0.2239,0,3,3
2068,2011-04-01,2,0,4,0,0,5,1,3,0.26,0.2576,1,0.1642,0,6,6
2092,2011-04-02,2,0,4,0,0,6,0,2,0.3,0.3333,0.61,0,3,29,32
2116,2011-04-03,2,0,4,0,0,0,0,1,0.3,0.2879,0.65,0.194,8,31,39
2140,2011-04-04,2,0,4,0,0,1,1,1,0.4,0.4091,0.5,0.2239,1,5,6
2164,2011-04-05,2,0,4,0,0,2,1,1,0.62,0.6212,0.5,0.1045,10,12,22
2188,2011-04-06,2,0,4,0,0,3,1,1,0.3,0.3182,0.49,0.1045,0,15,15
2212,2011-04-07,2,0,4,0,0,4,1,1,0.46,0.4545,0.41,0.2836,5,15,20
2236,2011-04-08,2,0,4,0,0,5,1,2,0.36,0.3485,0.76,0.2239,4,21,25
2260,2011-04-09,2,0,4,0,0,6,0,2,0.3,0.2879,0.87,0.2239,5,26,31
2284,2011-04-10,2,0,4,0,0,0,0,2,0.38,0.3939,0.87,0.0896,5,48,53
2308,2011-04-11,2,0,4,0,0,1,1,1,0.48,0.4697,0.88,0.3284,7,16,23
2331,2011-04-12,2,0,4,0,0,2,1,2,0.62,0.6212,0.5,0.1045,11,13,24
2355,2011-04-13,2,0,4,0,0,3,1,2,0.4,0.4091,1,0.2985,3,12,15
2379,2011-04-14,2,0,4,0,0,4,1,1,0.38,0.3939,0.76,0.1343,3,18,21
2403,2011-04-15,2,0,4,0,1,5,0,1,0.44,0.4394,0.67,0,6,21,27
2427,2011-04-16,2,0,4,0,0,6,0,2,0.36,0.3485,0.81,0.2239,7,36,43
2451,2011-04-17,2,0,4,0,0,0,0,2,0.44,0.4394,0.77,0.2836,4,29,33
2475,2011-04-18,2,0,4,0,0,1,1,1,0.46,0.4545,0.47,0.0896,15,24,39
2499,2011-04-19,2,0,4,0,0,2,1,1,0.5,0.4848,0.55,0.2239,2,23,25
2523,2011-04-20,2,0,4,0,0,3,1,1,0.44,0.4394,0.88,0.1343,4,29,33
2547,2011-04-21,2,0,4,0,0,4,1,1,0.56,0.5303,0.43,0.3582,11,33,44
2571,2011-04-22,2,0,4,0,0,5,1,1,0.36,0.3485,0.62,0.194,3,30,33
2595,2011-04-23,2,0,4,0,0,6,0,2,0.32,0.3182,1,0.194,0,18,18
2619,2011-04-24,2,0,4,0,0,0,0,1,0.52,0.5,0.83,0.2239,30,66,96
2643,2011-04-25,2,0,4,0,0,1,1,3,0.52,0.5,1,0,2,10,12
2667,2011-04-26,2,0,4,0,0,2,1,1,0.62,0.6061,0.69,0.2836,10,17,27
2691,2011-04-27,2,0,4,0,0,3,1,1,0.6,0.5606,0.83,0.2239,3,24,27
2715,2011-04-28,2,0,4,0,0,4,1,1,0.64,0.5909,0.78,0.3582,13,41,54
2739,2011-04-29,2,0,4,0,0,5,1,1,0.52,0.5,0.39,0.2836,11,37,48
2763,2011-04-30,2,0,4,0,0,6,0,2,0.44,0.4394,0.54,0.2537,33,73,106
2787,2011-05-01,2,0,5,0,0,0,0,1,0.42,0.4242,0.67,0.0896,19,77,96
2811,2011-05-02,2,0,5,0,0,1,1,1,0.46,0.4545,0.72,0.1343,68,109,177
2835,2011-05-03,2,0,5,0,0,2,1,2,0.56,0.5303,0.83,0.2239,0,16,16
2859,2011-05-04,2,0,5,0,0,3,1,3,0.52,0.5,0.77,0.1642,5,22,27
2883,2011-05-05,2,0,5,0,0,4,1,1,0.36,0.3485,0.66,0.194,4,23,27
2907,2011-05-06,2,0,5,0,0,5,1,1,0.44,0.4394,0.44,0.1642,13,43,56
2931,2011-05-07,2,0,5,0,0,6,0,1,0.42,0.4242,0.82,0.1343,10,76,86
2955,2011-05-08,2,0,5,0,0,0,0,2,0.5,0.4848,0.59,0.1045,22,78,100
2979,2011-05-09,2,0,5,0,0,1,1,1,0.46,0.4545,0.82,0.0896,31,22,53
3003,2011-05-10,2,0,5,0,0,2,1,1,0.48,0.4697,0.63,0,6,12,18
3027,2011-05-11,2,0,5,0,0,3,1,2,0.52,0.5,0.55,0.1343,8,30,38
3051,2011-05-12,2,0,5,0,0,4,1,2,0.46,0.4545,0.88,0.2239,5,39,44
3075,2011-05-13,2,0,5,0,0,5,1,2,0.52,0.5,0.83,0.1642,6,46,52
3099,2011-05-14,2,0,5,0,0,6,0,2,0.5,0.4848,0.88,0.1343,24,78,102
3123,2011-05-15,2,0,5,0,0,0,0,2,0.52,0.5,1,0,5,34,39
3147,2011-05-16,2,0,5,0,0,1,1,1,0.52,0.5,0.94,0.1045,17,21,38
3171,2011-05-17,2,0,5,0,0,2,1,2,0.56,0.5303,0.88,0,13,18,31
3195,2011-05-18,2,0,5,0,0,3,1,2,0.54,0.5152,0.88,0.2239,8,15,23
3219,2011-05-19,2,0,5,0,0,4,1,1,0.52,0.5,0.94,0.1045,6,23,29
3243,2011-05-20,2,0,5,0,0,5,1,1,0.46,0.4545,0.94,0.0896,15,33,48
3267,2011-05-21,2,0,5,0,0,6,0,1,0.52,0.5,0.77,0.1045,20,78,98
3291,2011-05-22,2,0,5,0,0,0,0,1,0.54,0.5152,0.88,0.1642,31,100,131
3315,2011-05-23,2,0,5,0,0,1,1,2,0.56,0.5303,0.88,0.1343,23,18,41
3339,2011-05-24,2,0,5,0,0,2,1,2,0.6,0.5152,0.94,0.194,12,23,35
3363,2011-05-25,2,0,5,0,0,3,1,3,0.6,0.5606,0.83,0.2239,3,32,35
3387,2011-05-26,2,0,5,0,0,4,1,1,0.64,0.6061,0.73,0.1343,11,34,45
3411,2011-05-27,2,0,5,0,0,5,1,1,0.68,0.6364,0.69,0.2537,14,55,69
3435,2011-05-28,2,0,5,0,0,6,0,1,0.58,0.5455,0.88,0.1343,15,79,94
3459,2011-05-29,2,0,5,0,0,0,0,1,0.64,0.5758,0.83,0.2239,32,51,83
3483,2011-05-30,2,0,5,0,1,1,0,1,0.64,0.5606,0.94,0.194,38,65,103
3507,2011-05-31,2,0,5,0,0,2,1,1,0.7,0.6667,0.79,0.0896,9,20,29
3531,2011-06-01,2,0,6,0,0,3,1,1,0.7,0.6667,0.79,0.1642,9,25,34
3555,2011-06-02,2,0,6,0,0,4,1,1,0.74,0.6515,0.4,0.3582,11,31,42
3579,2011-06-03,2,0,6,0,0,5,1,1,0.62,0.6212,0.38,0.2836,15,53,68
3603,2011-06-04,2,0,6,0,0,6,0,1,0.56,0.5303,0.52,0,24,69,93
3627,2011-06-05,2,0,6,0,0,0,0,1,0.64,0.6212,0.57,0.0896,23,90,113
3651,2011-06-06,2,0,6,0,0,1,1,1,0.62,0.5909,0.78,0.1343,11,18,29
3675,2011-06-07,2,0,6,0,0,2,1,1,0.64,0.6061,0.65,0.0896,5,15,20
3699,2011-06-08,2,0,6,0,0,3,1,1,0.66,0.5909,0.89,0.1343,12,29,41
3723,2011-06-09,2,0,6,0,0,4,1,2,0.74,0.7121,0.79,0.1343,7,40,47
3747,2011-06-10,2,0,6,0,0,5,1,3,0.7,0.6515,0.65,0.2239,8,61,69
3771,2011-06-11,2,0,6,0,0,6,0,1,0.7,0.6667,0.79,0.1343,28,89,117
3795,2011-06-12,2,0,6,0,0,0,0,1,0.66,0.6061,0.78,0.2239,19,100,119
3819,2011-06-13,2,0,6,0,0,1,1,1,0.64,0.5909,0.78,0.1343,8,20,28
3843,2011-06-14,2,0,6,0,0,2,1,1,0.6,0.6212,0.49,0.194,13,18,31
3867,2011-06-15,2,0,6,0,0,3,1,1,0.56,0.5303,0.64,0.3582,8,44,52
3891,2011-06-16,2,0,6,0,0,4,1,1,0.6,0.6212,0.56,0.1045,9,38,47
3915,2011-06-17,2,0,6,0,0,5,1,1,0.56,0.5303,0.88,0.0896,3,21,24
3939,2011-06-18,2,0,6,0,0,6,0,1,0.62,0.5606,0.88,0.1343,21,83,104
3963,2011-06-19,2,0,6,0,0,0,0,1,0.7,0.6515,0.65,0,18,71,89
3987,2011-06-20,2,0,6,0,0,1,1,1,0.66,0.6061,0.83,0.1642,7,19,26
4011,2011-06-21,3,0,6,0,0,2,1,1,0.62,0.5909,0.78,0.1642,10,23,33
4035,2011-06-22,3,0,6,0,0,3,1,1,0.66,0.6061,0.78,0.194,15,18,33
4059,2011-06-23,3,0,6,0,0,4,1,1,0.72,0.697,0.79,0.2239,5,44,49
4083,2011-06-24,3,0,6,0,0,5,1,1,0.68,0.6364,0.79,0.194,10,53,63
4107,2011-06-25,3,0,6,0,0,6,0,1,0.68,0.6364,0.47,0.1642,19,97,116
4131,2011-06-26,3,0,6,0,0,0,0,1,0.64,0.6212,0.53,0,30,85,115
4155,2011-06-27,3,0,6,0,0,1,1,3,0.64,0.6061,0.73,0.2836,7,25,32
4179,2011-06-28,3,0,6,0,0,2,1,2,0.66,0.6061,0.78,0.1343,5,25,30
4203,2011-06-29,3,0,6,0,0,3,1,2,0.68,0.6364,0.79,0.2836,11,25,36
4227,2011-06-30,3,0,6,0,0,4,1,1,0.66,0.6212,0.5,0.1642,15,39,54
4251,2011-07-01,3,0,7,0,0,5,1,1,0.66,0.6212,0.5,0,20,48,68
4275,2011-07-02,3,0,7,0,0,6,0,1,0.68,0.6364,0.47,0.0896,31,84,115
4299,2011-07-03,3,0,7,0,0,0,0,1,0.7,0.6515,0.58,0.2239,47,97,144
4323,2011-07-04,3,0,7,0,1,1,0,1,0.64,0.5758,0.83,0.1343,63,77,140
4347,2011-07-05,3,0,7,0,0,2,1,2,0.7,0.6515,0.65,0.1642,19,36,55
4371,2011-07-06,3,0,7,0,0,3,1,1,0.72,0.697,0.74,0.194,11,26,37
4395,2011-07-07,3,0,7,0,0,4,1,1,0.66,0.5909,0.89,0.1343,6,29,35
4419,2011-07-08,3,0,7,0,0,5,1,1,0.74,0.697,0.66,0.1045,6,41,47
4443,2011-07-09,3,0,7,0,0,6,0,2,0.66,0.6061,0.83,0.1343,31,90,121
4467,2011-07-10,3,0,7,0,0,0,0,1,0.7,0.6515,0.61,0.1642,42,112,154
4491,2011-07-11,3,0,7,0,0,1,1,1,0.7,0.6515,0.65,0.194,10,25,35
4515,2011-07-12,3,0,7,0,0,2,1,1,0.7,0.6667,0.79,0.1343,3,19,22
4539,2011-07-13,3,0,7,0,0,3,1,1,0.76,0.7121,0.62,0,9,37,46
4563,2011-07-14,3,0,7,0,0,4,1,1,0.66,0.6212,0.69,0.2985,14,32,46
4587,2011-07-15,3,0,7,0,0,5,1,1,0.62,0.5909,0.73,0.2239,23,57,80
4611,2011-07-16,3,0,7,0,0,6,0,1,0.62,0.6061,0.65,0.194,42,68,110
4635,2011-07-17,3,0,7,0,0,0,0,1,0.66,0.6212,0.65,0.2239,34,91,125
4659,2011-07-18,3,0,7,0,0,1,1,1,0.7,0.6667,0.74,0.1343,21,30,51
4683,2011-07-19,3,0,7,0,0,2,1,1,0.74,0.697,0.66,0.1045,25,26,51
4707,2011-07-20,3,0,7,0,0,3,1,1,0.7,0.6667,0.84,0.1045,11,29,40
4731,2011-07-21,3,0,7,0,0,4,1,2,0.76,0.7424,0.75,0.194,13,29,42
4755,2011-07-22,3,0,7,0,0,5,1,1,0.82,0.8333,0.63,0.1343,9,51,60
4779,2011-07-23,3,0,7,0,0,6,0,1,0.82,0.7879,0.56,0,16,85,101
4803,2011-07-24,3,0,7,0,0,0,0,1,0.8,0.7727,0.59,0.1045,42,77,119
4827,2011-07-25,3,0,7,0,0,1,1,2,0.76,0.7273,0.7,0,17,17,34
4851,2011-07-26,3,0,7,0,0,2,1,1,0.7,0.6667,0.79,0.1045,8,20,28
4875,2011-07-27,3,0,7,0,0,3,1,2,0.78,0.7121,0.52,0.1642,19,26,45
4899,2011-07-28,3,0,7,0,0,4,1,1,0.7,0.6515,0.51,0.1343,14,31,45
4923,2011-07-29,3,0,7,0,0,5,1,1,0.74,0.7121,0.79,0.1642,12,45,57
4947,2011-07-30,3,0,7,0,0,6,0,1,0.76,0.697,0.55,0.194,60,73,133
4971,2011-07-31,3,0,7,0,0,0,0,1,0.76,0.697,0.55,0.0896,33,80,113
4995,2011-08-01,3,0,8,0,0,1,1,1,0.72,0.6818,0.7,0.2239,7,22,29
5019,2011-08-02,3,0,8,0,0,2,1,1,0.66,0.6212,0.74,0,11,18,29
5043,2011-08-03,3,0,8,0,0,3,1,2,0.8,0.7424,0.49,0.1642,11,32,43
5067,2011-08-04,3,0,8,0,0,4,1,2,0.68,0.6364,0.89,0.0896,2,15,17
5091,2011-08-05,3,0,8,0,0,5,1,1,0.66,0.6212,0.74,0.1045,13,41,54
5115,2011-08-06,3,0,8,0,0,6,0,1,0.66,0.6061,0.78,0.194,29,104,133
5139,2011-08-07,3,0,8,0,0,0,0,2,0.7,0.6667,0.84,0.2836,14,66,80
5163,2011-08-08,3,0,8,0,0,1,1,1,0.7,0.6667,0.79,0.1045,13,17,30
5187,2011-08-09,3,0,8,0,0,2,1,1,0.72,0.697,0.79,0.1343,10,25,35
5211,2011-08-10,3,0,8,0,0,3,1,1,0.74,0.6667,0.51,0.2239,19,18,37
5235,2011-08-11,3,0,8,0,0,4,1,1,0.7,0.6364,0.45,0.1045,6,40,46
5259,2011-08-12,3,0,8,0,0,5,1,1,0.64,0.6212,0.53,0.1642,12,53,65
5283,2011-08-13,3,0,8,0,0,6,0,1,0.68,0.6364,0.51,0.1045,15,69,84
5307,2011-08-14,3,0,8,0,0,0,0,3,0.66,0.6061,0.83,0.2985,19,71,90
5331,2011-08-15,3,0,8,0,0,1,1,3,0.6,0.5455,0.88,0.0896,7,18,25
5355,2011-08-16,3,0,8,0,0,2,1,1,0.64,0.6061,0.69,0.1045,8,23,31
5379,2011-08-17,3,0,8,0,0,3,1,1,0.66,0.6212,0.69,0.0896,8,16,24
5403,2011-08-18,3,0,8,0,0,4,1,1,0.68,0.6364,0.65,0.1343,18,38,56
5427,2011-08-19,3,0,8,0,0,5,1,3,0.68,0.6364,0.69,0.194,9,53,62
5451,2011-08-20,3,0,8,0,0,6,0,1,0.6,0.5455,0.88,0,21,107,128
5475,2011-08-21,3,0,8,0,0,0,0,1,0.7,0.6667,0.74,0.194,6,68,74
5499,2011-08-22,3,0,8,0,0,1,1,1,0.68,0.6364,0.79,0.1642,18,22,40
5523,2011-08-23,3,0,8,0,0,2,1,1,0.6,0.6212,0.43,0.194,13,22,35
5547,2011-08-24,3,0,8,0,0,3,1,1,0.62,0.6212,0.57,0.1343,9,29,38
5571,2011-08-25,3,0,8,0,0,4,1,1,0.68,0.6364,0.74,0.2985,11,41,52
5595,2011-08-26,3,0,8,0,0,5,1,1,0.62,0.5758,0.83,0.1343,9,42,51
5619,2011-08-27,3,0,8,0,0,6,0,1,0.7,0.6667,0.84,0.1045,33,112,145
5654,2011-08-29,3,0,8,0,0,1,1,1,0.62,0.5909,0.73,0.1045,13,21,34
5678,2011-08-30,3,0,8,0,0,2,1,1,0.56,0.5303,0.73,0.1343,10,17,27
5702,2011-08-31,3,0,8,0,0,3,1,1,0.6,0.5909,0.69,0,8,24,32
5726,2011-09-01,3,0,9,0,0,4,1,1,0.6,0.5758,0.78,0.1045,18,33,51
5750,2011-09-02,3,0,9,0,0,5,1,1,0.64,0.6061,0.65,0.194,6,58,64
5774,2011-09-03,3,0,9,0,0,6,0,2,0.64,0.6061,0.73,0.1045,22,65,87
5798,2011-09-04,3,0,9,0,0,0,0,1,0.66,0.5909,0.89,0.194,33,76,109
5822,2011-09-05,3,0,9,0,1,1,0,2,0.7,0.6667,0.74,0.2239,31,66,97
5846,2011-09-06,3,0,9,0,0,2,1,3,0.54,0.5152,0.94,0.3582,1,7,8
5869,2011-09-07,3,0,9,0,0,3,1,2,0.54,0.5152,0.94,0.2239,1,12,13
5893,2011-09-08,3,0,9,0,0,4,1,3,0.6,0.5,1,0.194,3,11,14
5916,2011-09-09,3,0,9,0,0,5,1,3,0.64,0.5606,0.94,0.194,1,15,16
5940,2011-09-10,3,0,9,0,0,6,0,1,0.62,0.5455,0.94,0,32,84,116
5964,2011-09-11,3,0,9,0,0,0,0,1,0.62,0.5606,0.88,0,29,79,108
5988,2011-09-12,3,0,9,0,0,1,1,1,0.56,0.5303,0.88,0.0896,5,11,16
6011,2011-09-13,3,0,9,0,0,2,1,1,0.6,0.5455,0.88,0.1045,7,19,26
6035,2011-09-14,3,0,9,0,0,3,1,1,0.62,0.5909,0.78,0.0896,5,28,33
6059,2011-09-15,3,0,9,0,0,4,1,1,0.64,0.6061,0.69,0.1343,3,34,37
6083,2011-09-16,3,0,9,0,0,5,1,1,0.42,0.4242,0.71,0.2239,5,43,48
6107,2011-09-17,3,0,9,0,0,6,0,1,0.46,0.4545,0.72,0.1642,28,80,108
6131,2011-09-18,3,0,9,0,0,0,0,1,0.46,0.4545,0.77,0.2239,24,88,112
6155,2011-09-19,3,0,9,0,0,1,1,2,0.52,0.5,0.72,0.1642,14,23,37
6179,2011-09-20,3,0,9,0,0,2,1,2,0.56,0.5303,0.73,0.1642,4,21,25
6203,2011-09-21,3,0,9,0,0,3,1,1,0.54,0.5152,1,0,7,20,27
6227,2011-09-22,3,0,9,0,0,4,1,1,0.6,0.5152,0.94,0.1045,11,30,41
6251,2011-09-23,4,0,9,0,0,5,1,2,0.62,0.5455,0.94,0.0896,11,41,52
6275,2011-09-24,4,0,9,0,0,6,0,1,0.58,0.5455,1,0.0896,7,86,93
6299,2011-09-25,4,0,9,0,0,0,0,2,0.6,0.5455,0.88,0,37,136,173
6323,2011-09-26,4,0,9,0,0,1,1,2,0.62,0.5455,0.94,0,6,23,29
6347,2011-09-27,4,0,9,0,0,2,1,1,0.62,0.5455,0.94,0.1343,9,28,37
6371,2011-09-28,4,0,9,0,0,3,1,1,0.6,0.5455,0.88,0,7,29,36
6395,2011-09-29,4,0,9,0,0,4,1,1,0.6,0.5152,0.94,0.194,7,33,40
6419,2011-09-30,4,0,9,0,0,5,1,1,0.52,0.5,0.83,0.1045,7,53,60
6443,2011-10-01,4,0,10,0,0,6,0,1,0.5,0.4848,0.63,0.3881,24,106,130
6467,2011-10-02,4,0,10,0,0,0,0,3,0.36,0.3333,0.93,0.2985,4,43,47
6491,2011-10-03,4,0,10,0,0,1,1,1,0.34,0.3485,0.87,0.1045,3,13,16
6515,2011-10-04,4,0,10,0,0,2,1,2,0.4,0.4091,0.87,0.0896,5,22,27
6539,2011-10-05,4,0,10,0,0,3,1,1,0.48,0.4697,0.77,0.1343,7,36,43
6563,2011-10-06,4,0,10,0,0,4,1,1,0.5,0.4848,0.72,0.194,6,34,40
6587,2011-10-07,4,0,10,0,0,5,1,1,0.44,0.4394,0.88,0,19,48,67
6611,2011-10-08,4,0,10,0,0,6,0,1,0.48,0.4697,0.72,0,17,72,89
6635,2011-10-09,4,0,10,0,0,0,0,1,0.46,0.4545,0.88,0.0896,46,83,129
6659,2011-10-10,4,0,10,0,1,1,0,1,0.5,0.4848,0.94,0,11,42,53
6683,2011-10-11,4,0,10,0,0,2,1,2,0.54,0.5152,0.88,0,14,16,30
6707,2011-10-12,4,0,10,0,0,3,1,2,0.56,0.5303,0.83,0.1343,2,23,25
6731,2011-10-13,4,0,10,0,0,4,1,2,0.54,0.5152,0.94,0.1343,1,14,15
6755,2011-10-14,4,0,10,0,0,5,1,1,0.58,0.5455,0.94,0.0896,10,29,39
6779,2011-10-15,4,0,10,0,0,6,0,1,0.46,0.4545,0.55,0.1045,18,88,106
6803,2011-10-16,4,0,10,0,0,0,0,1,0.46,0.4545,0.44,0.1343,22,85,107
6827,2011-10-17,4,0,10,0,0,1,1,1,0.54,0.5152,0.56,0.3284,12,25,37
6851,2011-10-18,4,0,10,0,0,2,1,1,0.48,0.4697,0.82,0,8,23,31
6875,2011-10-19,4,0,10,0,0,3,1,2,0.52,0.5,0.77,0.194,11,23,34
6898,2011-10-20,4,0,10,0,0,4,1,1,0.56,0.5303,0.94,0.2985,4,22,26
6922,2011-10-21,4,0,10,0,0,5,1,1,0.4,0.4091,0.62,0.2537,8,42,50
6946,2011-10-22,4,0,10,0,0,6,0,1,0.4,0.4091,0.62,0.194,16,80,96
6970,2011-10-23,4,0,10,0,0,0,0,1,0.36,0.3788,0.87,0,24,64,88
6994,2011-10-24,4,0,10,0,0,1,1,1,0.42,0.4242,0.77,0,6,26,32
7018,2011-10-25,4,0,10,0,0,2,1,1,0.44,0.4394,0.77,0.1343,4,26,30
7042,2011-10-26,4,0,10,0,0,3,1,1,0.44,0.4394,0.72,0.194,4,28,32
7066,2011-10-27,4,0,10,0,0,4,1,1,0.46,0.4545,0.94,0,3,23,26
7090,2011-10-28,4,0,10,0,0,5,1,1,0.34,0.3182,0.66,0.2537,4,40,44
7114,2011-10-29,4,0,10,0,0,6,0,3,0.28,0.2576,0.87,0.2985,0,19,19
7138,2011-10-30,4,0,10,0,0,0,0,1,0.22,0.2121,0.87,0.2239,7,47,54
7162,2011-10-31,4,0,10,0,0,1,1,1,0.26,0.303,0.87,0,3,20,23
7186,2011-11-01,4,0,11,0,0,2,1,2,0.36,0.3485,0.87,0.1642,3,18,21
7210,2011-11-02,4,0,11,0,0,3,1,1,0.32,0.3485,0.87,0,0,19,19
7234,2011-11-03,4,0,11,0,0,4,1,1,0.36,0.3636,0.76,0.0896,3,28,31
7258,2011-11-04,4,0,11,0,0,5,1,2,0.4,0.4091,0.82,0,11,32,43
7282,2011-11-05,4,0,11,0,0,6,0,1,0.32,0.2879,0.45,0.3582,4,48,52
7306,2011-11-06,4,0,11,0,0,0,0,1,0.28,0.3182,0.75,0,10,65,75
7330,2011-11-07,4,0,11,0,0,1,1,1,0.34,0.3636,0.87,0,1,14,15
7354,2011-11-08,4,0,11,0,0,2,1,1,0.34,0.3485,0.87,0.0896,0,18,18
7378,2011-11-09,4,0,11,0,0,3,1,1,0.36,0.3788,0.87,0,0,13,13
7402,2011-11-10,4,0,11,0,0,4,1,1,0.4,0.4091,0.87,0,0,24,24
7426,2011-11-11,4,0,11,0,1,5,0,1,0.34,0.3182,0.53,0.2537,10,56,66
7450,2011-11-12,4,0,11,0,0,6,0,1,0.24,0.2424,0.6,0.1343,12,52,64
7474,2011-11-13,4,0,11,0,0,0,0,2,0.4,0.4091,0.58,0.194,12,61,73
7498,2011-11-14,4,0,11,0,0,1,1,1,0.46,0.4545,0.59,0.2836,8,22,30
7522,2011-11-15,4,0,11,0,0,2,1,1,0.56,0.5303,0.64,0.3582,7,15,22
7546,2011-11-16,4,0,11,0,0,3,1,2,0.46,0.4545,0.94,0,5,26,31
7570,2011-11-17,4,0,11,0,0,4,1,2,0.42,0.4242,0.88,0.2537,2,22,24
7594,2011-11-18,4,0,11,0,0,5,1,1,0.26,0.2576,0.48,0.1642,2,28,30
7618,2011-11-19,4,0,11,0,0,6,0,1,0.26,0.2576,0.56,0.194,4,49,53
7642,2011-11-20,4,0,11,0,0,0,0,1,0.38,0.3939,0.66,0.1642,14,79,93
7666,2011-11-21,4,0,11,0,0,1,1,2,0.46,0.4545,0.94,0,4,13,17
7690,2011-11-22,4,0,11,0,0,2,1,3,0.38,0.3939,0.94,0.1045,0,14,14
7714,2011-11-23,4,0,11,0,0,3,1,2,0.48,0.4697,0.94,0.2537,2,14,16
7738,2011-11-24,4,0,11,0,1,4,0,1,0.32,0.303,0.57,0.2239,1,22,23
7762,2011-11-25,4,0,11,0,0,5,1,1,0.34,0.3333,0.76,0.1642,7,22,29
7786,2011-11-26,4,0,11,0,0,6,0,1,0.34,0.3485,0.76,0.1045,9,38,47
7810,2011-11-27,4,0,11,0,0,0,0,1,0.36,0.3788,0.81,0,7,39,46
7834,2011-11-28,4,0,11,0,0,1,1,1,0.46,0.4545,0.77,0.2836,6,10,16
7857,2011-11-29,4,0,11,0,0,2,1,1,0.52,0.5,0.83,0,4,18,22
7881,2011-11-30,4,0,11,0,0,3,1,1,0.36,0.3333,0.62,0.4179,1,23,24
7905,2011-12-01,4,0,12,0,0,4,1,1,0.28,0.2576,0.52,0.3284,1,19,20
7929,2011-12-02,4,0,12,0,0,5,1,1,0.26,0.2879,0.7,0.0896,6,32,38
7953,2011-12-03,4,0,12,0,0,6,0,1,0.3,0.2879,0.56,0.2537,10,65,75
7977,2011-12-04,4,0,12,0,0,0,0,1,0.3,0.3182,0.7,0.1045,19,64,83
8001,2011-12-05,4,0,12,0,0,1,1,1,0.32,0.3333,0.87,0.0896,3,21,24
8025,2011-12-06,4,0,12,0,0,2,1,2,0.5,0.4848,0.77,0.2985,3,25,28
8049,2011-12-07,4,0,12,0,0,3,1,1,0.44,0.4394,1,0.194,3,30,33
8073,2011-12-08,4,0,12,0,0,4,1,2,0.26,0.2273,0.87,0.2985,0,21,21
8097,2011-12-09,4,0,12,0,0,5,1,1,0.24,0.2879,0.65,0,8,26,34
8121,2011-12-10,4,0,12,0,0,6,0,2,0.26,0.2727,0.81,0.1045,11,66,77
8145,2011-12-11,4,0,12,0,0,0,0,1,0.2,0.197,0.51,0.2239,5,69,74
8169,2011-12-12,4,0,12,0,0,1,1,1,0.2,0.2273,0.69,0.0896,4,16,20
8193,2011-12-13,4,0,12,0,0,2,1,1,0.22,0.2727,0.8,0,1,16,17
8217,2011-12-14,4,0,12,0,0,3,1,1,0.26,0.303,0.75,0,0,22,22
8241,2011-12-15,4,0,12,0,0,4,1,1,0.32,0.3182,0.7,0.1642,5,45,50
8265,2011-12-16,4,0,12,0,0,5,1,1,0.5,0.4848,0.72,0.3284,12,60,72
8289,2011-12-17,4,0,12,0,0,6,0,1,0.3,0.2879,0.49,0.2836,3,59,62
8313,2011-12-18,4,0,12,0,0,0,0,1,0.2,0.2121,0.75,0.1343,7,64,71
8337,2011-12-19,4,0,12,0,0,1,1,1,0.2,0.2273,0.75,0.0896,3,14,17
8361,2011-12-20,4,0,12,0,0,2,1,1,0.36,0.3636,0.57,0.1045,0,21,21
8385,2011-12-21,1,0,12,0,0,3,1,2,0.34,0.3333,0.71,0.1343,7,18,25
8409,2011-12-22,1,0,12,0,0,4,1,2,0.5,0.4848,0.82,0.1045,3,24,27
8433,2011-12-23,1,0,12,0,0,5,1,3,0.4,0.4091,0.87,0.194,2,7,9
8457,2011-12-24,1,0,12,0,0,6,0,2,0.32,0.3182,0.7,0.1642,3,20,23
8481,2011-12-25,1,0,12,0,0,0,0,1,0.24,0.2273,0.6,0.194,2,4,6
8504,2011-12-26,1,0,12,0,1,1,0,1,0.22,0.2273,0.75,0.1642,5,6,11
8527,2011-12-27,1,0,12,0,0,2,1,1,0.26,0.2576,0.7,0.1642,3,9,12
8551,2011-12-28,1,0,12,0,0,3,1,1,0.32,0.3182,0.87,0.1642,0,10,10
8574,2011-12-29,1,0,12,0,0,4,1,2,0.22,0.2273,0.47,0.194,4,24,28
8598,2011-12-30,1,0,12,0,0,5,1,1,0.28,0.2879,0.7,0.1343,4,26,30
8622,2011-12-31,1,0,12,0,0,6,0,2,0.38,0.3939,0.62,0.3284,7,37,44
8646,2012-01-01,1,1,1,0,0,0,0,1,0.36,0.3788,0.66,0,5,43,48
8670,2012-01-02,1,1,1,0,1,1,0,1,0.4,0.4091,0.4,0.4627,8,31,39
8693,2012-01-03,1,1,1,0,0,2,1,1,0.2,0.197,0.51,0.2537,0,13,13
8717,2012-01-04,1,1,1,0,0,3,1,1,0.08,0.0606,0.42,0.3284,0,9,9
8741,2012-01-05,1,1,1,0,0,4,1,2,0.22,0.2273,0.47,0.194,1,13,14
8765,2012-01-06,1,1,1,0,0,5,1,1,0.22,0.2576,0.75,0.0896,1,24,25
8789,2012-01-07,1,1,1,0,0,6,0,1,0.36,0.3485,0.5,0.1642,2,77,79
8813,2012-01-08,1,1,1,0,0,0,0,1,0.38,0.3939,0.4,0.2836,14,77,91
8837,2012-01-09,1,1,1,0,0,1,1,1,0.24,0.2273,0.6,0.2239,3,12,15
8861,2012-01-10,1,1,1,0,0,2,1,2,0.22,0.2424,0.87,0.1045,0,14,14
8884,2012-01-11,1,1,1,0,0,3,1,1,0.26,0.303,0.81,0,2,26,28
8908,2012-01-12,1,1,1,0,0,4,1,3,0.34,0.3333,0.93,0.194,0,3,3
8932,2012-01-13,1,1,1,0,0,5,1,2,0.4,0.4091,0.71,0.2836,4,38,42
8956,2012-01-14,1,1,1,0,0,6,0,1,0.16,0.1818,0.47,0.1045,2,42,44
8980,2012-01-15,1,1,1,0,0,0,0,1,0.16,0.1364,0.47,0.3284,9,50,59
9004,2012-01-16,1,1,1,0,1,1,0,1,0.14,0.1515,0.46,0.1343,2,23,25
9028,2012-01-17,1,1,1,0,0,2,1,2,0.26,0.2273,0.7,0.3284,0,12,12
9051,2012-01-18,1,1,1,0,0,3,1,2,0.46,0.4545,0.77,0.3284,3,14,17
9075,2012-01-19,1,1,1,0,0,4,1,1,0.14,0.1364,0.5,0.194,0,16,16
9099,2012-01-20,1,1,1,0,0,5,1,2,0.26,0.2273,0.48,0.2985,3,24,27
9123,2012-01-21,1,1,1,0,0,6,0,3,0.16,0.1515,0.64,0.2239,0,24,24
9147,2012-01-22,1,1,1,0,0,0,0,1,0.16,0.1364,0.8,0.2985,1,51,52
9171,2012-01-23,1,1,1,0,0,1,1,2,0.18,0.2424,0.86,0,2,17,19
9195,2012-01-24,1,1,1,0,0,2,1,2,0.3,0.2879,1,0.2836,6,19,25
9219,2012-01-25,1,1,1,0,0,3,1,1,0.26,0.303,0.93,0,6,25,31
9243,2012-01-26,1,1,1,0,0,4,1,2,0.28,0.2879,0.75,0.1045,3,22,25
9267,2012-01-27,1,1,1,0,0,5,1,2,0.4,0.4091,0.82,0.2537,6,32,38
9291,2012-01-28,1,1,1,0,0,6,0,1,0.3,0.2879,0.52,0.2836,1,68,69
9315,2012-01-29,1,1,1,0,0,0,0,1,0.3,0.2879,0.33,0.2239,15,81,96
9339,2012-01-30,1,1,1,0,0,1,1,2,0.32,0.2879,0.26,0.4179,0,10,10
9363,2012-01-31,1,1,1,0,0,2,1,1,0.28,0.2727,0.52,0.2537,0,15,15
9387,2012-02-01,1,1,2,0,0,3,1,1,0.44,0.4394,0.38,0.2836,0,31,31
9411,2012-02-02,1,1,2,0,0,4,1,1,0.46,0.4545,0.59,0.1343,7,24,31
9435,2012-02-03,1,1,2,0,0,5,1,1,0.32,0.2879,0.53,0.3881,1,37,38
9459,2012-02-04,1,1,2,0,0,6,0,1,0.26,0.2727,0.7,0.1045,10,76,86
9483,2012-02-05,1,1,2,0,0,0,0,2,0.24,0.2424,0.87,0.1343,3,58,61
9507,2012-02-06,1,1,2,0,0,1,1,1,0.24,0.2424,0.65,0.1343,7,14,21
9530,2012-02-07,1,1,2,0,0,2,1,1,0.3,0.2879,0.7,0.194,1,22,23
9554,2012-02-08,1,1,2,0,0,3,1,1,0.3,0.2879,0.56,0.2239,2,21,23
9578,2012-02-09,1,1,2,0,0,4,1,2,0.24,0.2424,0.87,0.1642,3,23,26
9602,2012-02-10,1,1,2,0,0,5,1,2,0.28,0.303,0.65,0.0896,4,39,43
9626,2012-02-11,1,1,2,0,0,6,0,2,0.3,0.303,0.7,0.1343,3,50,53
9650,2012-02-12,1,1,2,0,0,0,0,3,0.1,0.0758,0.68,0.3881,0,21,21
9674,2012-02-13,1,1,2,0,0,1,1,1,0.14,0.1364,0.46,0.2239,0,9,9
9698,2012-02-14,1,1,2,0,0,2,1,2,0.26,0.303,0.6,0,0,14,14
9722,2012-02-15,1,1,2,0,0,3,1,1,0.32,0.3485,0.57,0,0,22,22
9746,2012-02-16,1,1,2,0,0,4,1,2,0.3,0.303,0.7,0.1343,1,22,23
9770,2012-02-17,1,1,2,0,0,5,1,2,0.3,0.3333,0.87,0,2,32,34
9794,2012-02-18,1,1,2,0,0,6,0,1,0.34,0.3333,0.42,0.1642,5,81,86
9818,2012-02-19,1,1,2,0,0,0,0,2,0.34,0.303,0.39,0.3582,9,65,74
9842,2012-02-20,1,1,2,0,1,1,0,2,0.24,0.2576,0.87,0.0896,5,36,41
9865,2012-02-21,1,1,2,0,0,2,1,1,0.26,0.303,0.65,0,1,11,12
9888,2012-02-22,1,1,2,0,0,3,1,1,0.32,0.303,0.66,0.2239,5,19,24
9912,2012-02-23,1,1,2,0,0,4,1,2,0.44,0.4394,0.47,0.2537,12,30,42
9936,2012-02-24,1,1,2,0,0,5,1,2,0.44,0.4394,0.58,0.0896,12,34,46
9960,2012-02-25,1,1,2,0,0,6,0,1,0.36,0.3333,0.43,0.3881,5,56,61
9984,2012-02-26,1,1,2,0,0,0,0,1,0.24,0.2121,0.41,0.3582,7,63,70
10008,2012-02-27,1,1,2,0,0,1,1,1,0.26,0.2424,0.6,0.2537,2,27,29
10032,2012-02-28,1,1,2,0,0,2,1,1,0.42,0.4242,0.54,0.1343,0,10,10
10056,2012-02-29,1,1,2,0,0,3,1,1,0.32,0.3333,0.53,0.1045,2,30,32
10079,2012-03-01,1,1,3,0,0,4,1,2,0.42,0.4242,0.94,0,1,10,11
10103,2012-03-02,1,1,3,0,0,5,1,1,0.34,0.3333,0.53,0.1642,1,45,46
10127,2012-03-03,1,1,3,0,0,6,0,3,0.36,0.3636,0.93,0.0896,1,21,22
10151,2012-03-04,1,1,3,0,0,0,0,2,0.4,0.4091,0.3,0.3582,5,67,72
10175,2012-03-05,1,1,3,0,0,1,1,1,0.24,0.2273,0.44,0.194,2,15,17
10199,2012-03-06,1,1,3,0,0,2,1,1,0.22,0.2121,0.37,0.2985,0,8,8
10223,2012-03-07,1,1,3,0,0,3,1,1,0.28,0.2576,0.65,0.2836,3,12,15
10247,2012-03-08,1,1,3,0,0,4,1,1,0.44,0.4394,0.62,0.3284,11,35,46
10271,2012-03-09,1,1,3,0,0,5,1,2,0.58,0.5455,0.49,0.4627,3,51,54
10295,2012-03-10,1,1,3,0,0,6,0,1,0.3,0.2727,0.36,0.3582,9,68,77
10319,2012-03-11,1,1,3,0,0,0,0,1,0.26,0.2879,0.44,0.0896,7,62,69
10342,2012-03-12,1,1,3,0,0,1,1,1,0.38,0.3939,0.54,0.194,4,20,24
10366,2012-03-13,1,1,3,0,0,2,1,2,0.56,0.5303,0.52,0.194,5,21,26
10390,2012-03-14,1,1,3,0,0,3,1,1,0.54,0.5152,0.6,0.1045,5,34,39
10414,2012-03-15,1,1,3,0,0,4,1,1,0.54,0.5152,0.49,0.1343,14,46,60
10438,2012-03-16,1,1,3,0,0,5,1,1,0.44,0.4394,0.77,0.2537,8,49,57
10462,2012-03-17,1,1,3,0,0,6,0,2,0.44,0.4394,0.94,0.0896,13,87,100
10486,2012-03-18,1,1,3,0,0,0,0,1,0.46,0.4545,0.88,0.194,27,80,107
10510,2012-03-19,1,1,3,0,0,1,1,1,0.48,0.4697,0.82,0.1045,4,19,23
10534,2012-03-20,1,1,3,0,0,2,1,2,0.56,0.5303,0.78,0.0896,5,24,29
10558,2012-03-21,2,1,3,0,0,3,1,1,0.52,0.5,0.88,0,4,29,33
10582,2012-03-22,2,1,3,0,0,4,1,1,0.52,0.5,0.83,0.0896,9,32,41
10606,2012-03-23,2,1,3,0,0,5,1,1,0.56,0.5303,0.83,0,30,65,95
10630,2012-03-24,2,1,3,0,0,6,0,1,0.58,0.5455,0.68,0,45,111,156
10654,2012-03-25,2,1,3,0,0,0,0,2,0.44,0.4394,0.94,0.2836,18,62,80
10678,2012-03-26,2,1,3,0,0,1,1,2,0.48,0.4697,0.82,0.1642,10,23,33
10702,2012-03-27,2,1,3,0,0,2,1,1,0.32,0.2879,0.26,0.5224,1,9,10
10726,2012-03-28,2,1,3,0,0,3,1,1,0.36,0.3333,0.4,0.2836,1,29,30
10750,2012-03-29,2,1,3,0,0,4,1,1,0.54,0.5152,0.68,0.194,10,38,48
10774,2012-03-30,2,1,3,0,0,5,1,1,0.4,0.4091,0.47,0.2985,10,49,59
10798,2012-03-31,2,1,3,0,0,6,0,1,0.38,0.3939,0.82,0.194,12,80,92
10822,2012-04-01,2,1,4,0,0,0,0,2,0.36,0.3333,0.76,0.2537,8,59,67
10846,2012-04-02,2,1,4,0,0,1,1,3,0.44,0.4394,0.82,0.1045,6,11,17
10869,2012-04-03,2,1,4,0,0,2,1,1,0.4,0.4091,0.43,0.1343,1,32,33
10893,2012-04-04,2,1,4,0,0,3,1,1,0.48,0.4697,0.48,0,18,23,41
10917,2012-04-05,2,1,4,0,0,4,1,1,0.52,0.5,0.23,0.4179,12,33,45
10941,2012-04-06,2,1,4,0,0,5,1,1,0.4,0.4091,0.43,0,12,49,61
10965,2012-04-07,2,1,4,0,0,6,0,1,0.42,0.4242,0.26,0.2985,9,85,94
10989,2012-04-08,2,1,4,0,0,0,0,1,0.44,0.4394,0.24,0.2239,21,64,85
11013,2012-04-09,2,1,4,0,0,1,1,1,0.48,0.4697,0.39,0.2836,8,29,37
11037,2012-04-10,2,1,4,0,0,2,1,2,0.44,0.4394,0.47,0.2836,3,23,26
11061,2012-04-11,2,1,4,0,0,3,1,1,0.34,0.303,0.36,0.4179,8,22,30
11084,2012-04-12,2,1,4,0,0,4,1,1,0.32,0.303,0.66,0.2836,1,22,23
11108,2012-04-13,2,1,4,0,0,5,1,1,0.4,0.4091,0.37,0.2537,14,41,55
11132,2012-04-14,2,1,4,0,0,6,0,1,0.4,0.4091,0.58,0.1343,11,85,96
11156,2012-04-15,2,1,4,0,0,0,0,2,0.54,0.5152,0.56,0.194,30,94,124
11180,2012-04-16,2,1,4,0,1,1,0,1,0.64,0.6212,0.53,0.3284,15,26,41
11204,2012-04-17,2,1,4,0,0,2,1,1,0.66,0.6212,0.54,0.194,10,33,43
11228,2012-04-18,2,1,4,0,0,3,1,1,0.54,0.5152,0.32,0.1642,3,35,38
11252,2012-04-19,2,1,4,0,0,4,1,3,0.42,0.4242,0.77,0,5,20,25
11276,2012-04-20,2,1,4,0,0,5,1,1,0.48,0.4697,0.67,0.1045,5,59,64
11300,2012-04-21,2,1,4,0,0,6,0,1,0.52,0.5,0.77,0.2239,31,111,142
11324,2012-04-22,2,1,4,0,0,0,0,2,0.46,0.4545,0.82,0.194,32,85,117
11348,2012-04-23,2,1,4,0,0,1,1,3,0.36,0.3333,0.81,0.4179,0,6,6
11372,2012-04-24,2,1,4,0,0,2,1,2,0.32,0.3333,0.76,0.1343,0,13,13
11396,2012-04-25,2,1,4,0,0,3,1,1,0.44,0.4394,0.38,0,13,23,36
11420,2012-04-26,2,1,4,0,0,4,1,2,0.48,0.4697,0.63,0,1,42,43
11444,2012-04-27,2,1,4,0,0,5,1,1,0.54,0.5152,0.68,0.5522,12,61,73
11468,2012-04-28,2,1,4,0,0,6,0,1,0.38,0.3939,0.43,0.1642,4,99,103
11492,2012-04-29,2,1,4,0,0,0,0,3,0.36,0.3485,0.81,0.1343,0,36,36
11516,2012-04-30,2,1,4,0,0,1,1,1,0.44,0.4394,0.72,0.1045,12,36,48
11540,2012-05-01,2,1,5,0,0,2,1,2,0.5,0.4848,0.59,0.194,7,28,35
11564,2012-05-02,2,1,5,0,0,3,1,1,0.6,0.5758,0.78,0.1045,4,43,47
11588,2012-05-03,2,1,5,0,0,4,1,2,0.48,0.4697,0.82,0.2239,15,75,90
11612,2012-05-04,2,1,5,0,0,5,1,1,0.6,0.5758,0.78,0.3284,19,70,89
11636,2012-05-05,2,1,5,0,0,6,0,1,0.6,0.5606,0.83,0,42,111,153
11660,2012-05-06,2,1,5,0,0,0,0,2,0.56,0.5303,0.83,0.1343,23,111,134
11684,2012-05-07,2,1,5,0,0,1,1,2,0.52,0.5,0.77,0.1343,13,21,34
11708,2012-05-08,2,1,5,0,0,2,1,2,0.52,0.5,0.52,0.2537,10,28,38
11732,2012-05-09,2,1,5,0,0,3,1,2,0.58,0.5455,0.83,0.194,8,27,35
11756,2012-05-10,2,1,5,0,0,4,1,3,0.5,0.4848,0.77,0.1642,2,31,33
11780,2012-05-11,2,1,5,0,0,5,1,1,0.46,0.4545,0.55,0.1045,17,47,64
11804,2012-05-12,2,1,5,0,0,6,0,1,0.52,0.5,0.42,0.1642,25,111,136
11828,2012-05-13,2,1,5,0,0,0,0,1,0.56,0.5303,0.64,0.1642,19,79,98
11852,2012-05-14,2,1,5,0,0,1,1,2,0.6,0.6212,0.56,0.2537,21,14,35
11876,2012-05-15,2,1,5,0,0,2,1,2,0.56,0.5303,0.88,0.1343,7,25,32
11900,2012-05-16,2,1,5,0,0,3,1,2,0.58,0.5455,0.88,0,12,27,39
11924,2012-05-17,2,1,5,0,0,4,1,1,0.6,0.5758,0.78,0.1343,30,49,79
11948,2012-05-18,2,1,5,0,0,5,1,1,0.52,0.5,0.59,0.1045,13,57,70
11972,2012-05-19,2,1,5,0,0,6,0,1,0.52,0.5,0.48,0.1045,30,118,148
11996,2012-05-20,2,1,5,0,0,0,0,1,0.58,0.5455,0.53,0.1045,42,128,170
12020,2012-05-21,2,1,5,0,0,1,1,3,0.58,0.5455,0.88,0.2985,12,28,40
12044,2012-05-22,2,1,5,0,0,2,1,1,0.58,0.5455,0.83,0.2537,10,26,36
12068,2012-05-23,2,1,5,0,0,3,1,1,0.62,0.5909,0.78,0.1343,19,28,47
12092,2012-05-24,2,1,5,0,0,4,1,1,0.6,0.5606,0.83,0.0896,7,49,56
12116,2012-05-25,2,1,5,0,0,5,1,1,0.62,0.5758,0.83,0.1343,10,63,73
12140,2012-05-26,2,1,5,0,0,6,0,1,0.64,0.5758,0.83,0.1642,18,98,116
12164,2012-05-27,2,1,5,0,0,0,0,2,0.68,0.6364,0.69,0.1642,48,89,137
12188,2012-05-28,2,1,5,0,1,1,0,1,0.62,0.5758,0.83,0.2239,21,44,65
12212,2012-05-29,2,1,5,0,0,2,1,1,0.7,0.6667,0.79,0.194,12,33,45
12236,2012-05-30,2,1,5,0,0,3,1,3,0.64,0.5758,0.89,0.1045,4,32,36
12260,2012-05-31,2,1,5,0,0,4,1,1,0.64,0.6061,0.69,0.1343,13,48,61
12284,2012-06-01,2,1,6,0,0,5,1,1,0.66,0.6212,0.5,0.2537,10,76,86
12308,2012-06-02,2,1,6,0,0,6,0,2,0.56,0.5303,0.83,0.1343,5,81,86
12332,2012-06-03,2,1,6,0,0,0,0,1,0.54,0.5152,0.6,0.1642,27,142,169
12356,2012-06-04,2,1,6,0,0,1,1,1,0.58,0.5455,0.53,0,11,38,49
12380,2012-06-05,2,1,6,0,0,2,1,1,0.54,0.5152,0.68,0.4179,6,28,34
12404,2012-06-06,2,1,6,0,0,3,1,1,0.52,0.5,0.59,0.0896,3,46,49
12428,2012-06-07,2,1,6,0,0,4,1,1,0.52,0.5,0.77,0.1343,9,50,59
12452,2012-06-08,2,1,6,0,0,5,1,1,0.56,0.5303,0.56,0.1642,18,59,77
12476,2012-06-09,2,1,6,0,0,6,0,1,0.64,0.6212,0.53,0.1045,54,152,206
12500,2012-06-10,2,1,6,0,0,0,0,1,0.66,0.6212,0.69,0.1045,33,125,158
12524,2012-06-11,2,1,6,0,0,1,1,1,0.7,0.6515,0.65,0.1045,8,33,41
12548,2012-06-12,2,1,6,0,0,2,1,2,0.7,0.6515,0.58,0.2239,2,26,28
12572,2012-06-13,2,1,6,0,0,3,1,2,0.66,0.5909,0.94,0.194,7,27,34
12596,2012-06-14,2,1,6,0,0,4,1,1,0.6,0.6212,0.53,0.2985,3,45,48
12620,2012-06-15,2,1,6,0,0,5,1,1,0.6,0.5909,0.73,0.1642,26,68,94
12644,2012-06-16,2,1,6,0,0,6,0,1,0.58,0.5455,0.56,0.1343,25,112,137
12668,2012-06-17,2,1,6,0,0,0,0,1,0.56,0.5303,0.56,0.1343,31,117,148
12692,2012-06-18,2,1,6,0,0,1,1,1,0.56,0.5303,0.73,0.2537,12,28,40
12716,2012-06-19,2,1,6,0,0,2,1,2,0.6,0.5758,0.78,0.1642,5,30,35
12740,2012-06-20,2,1,6,0,0,3,1,1,0.7,0.6667,0.79,0.194,5,48,53
12764,2012-06-21,3,1,6,0,0,4,1,1,0.74,0.697,0.7,0.0896,16,53,69
12788,2012-06-22,3,1,6,0,0,5,1,2,0.76,0.7273,0.7,0.1045,16,77,93
12812,2012-06-23,3,1,6,0,0,6,0,1,0.64,0.5758,0.83,0,14,102,116
12836,2012-06-24,3,1,6,0,0,0,0,1,0.7,0.6515,0.51,0,31,132,163
12860,2012-06-25,3,1,6,0,0,1,1,1,0.72,0.6818,0.62,0.2537,31,37,68
12884,2012-06-26,3,1,6,0,0,2,1,1,0.62,0.6212,0.33,0.3284,8,29,37
12908,2012-06-27,3,1,6,0,0,3,1,1,0.62,0.6212,0.41,0.194,15,39,54
12932,2012-06-28,3,1,6,0,0,4,1,1,0.66,0.6212,0.5,0.1045,2,52,54
12956,2012-06-29,3,1,6,0,0,5,1,1,0.74,0.6667,0.48,0.1343,24,90,114
12980,2012-06-30,3,1,6,0,0,6,0,3,0.64,0.5758,0.89,0.1642,4,65,69
13004,2012-07-01,3,1,7,0,0,0,0,1,0.76,0.7273,0.66,0,27,122,149
13028,2012-07-02,3,1,7,0,0,1,1,2,0.76,0.7121,0.58,0.2239,12,31,43
13052,2012-07-03,3,1,7,0,0,2,1,1,0.72,0.6667,0.54,0,9,44,53
13076,2012-07-04,3,1,7,0,1,3,0,1,0.68,0.6364,0.79,0.0896,19,140,159
13100,2012-07-05,3,1,7,0,0,4,1,1,0.74,0.6667,0.51,0.1045,17,71,88
13124,2012-07-06,3,1,7,0,0,5,1,1,0.78,0.7424,0.62,0.1343,39,63,102
13148,2012-07-07,3,1,7,0,0,6,0,1,0.78,0.7576,0.66,0.1343,35,115,150
13172,2012-07-08,3,1,7,0,0,0,0,1,0.82,0.7879,0.56,0.1343,22,125,147
13196,2012-07-09,3,1,7,0,0,1,1,2,0.68,0.6364,0.89,0.0896,6,33,39
13220,2012-07-10,3,1,7,0,0,2,1,1,0.7,0.6515,0.7,0.0896,16,53,69
13244,2012-07-11,3,1,7,0,0,3,1,2,0.66,0.6061,0.83,0.1343,6,38,44
13268,2012-07-12,3,1,7,0,0,4,1,2,0.68,0.6364,0.61,0,1,55,56
13292,2012-07-13,3,1,7,0,0,5,1,2,0.7,0.6515,0.54,0.1642,19,76,95
13316,2012-07-14,3,1,7,0,0,6,0,2,0.72,0.6667,0.48,0.0896,35,156,191
13340,2012-07-15,3,1,7,0,0,0,0,1,0.68,0.6364,0.89,0.1642,40,147,187
13364,2012-07-16,3,1,7,0,0,1,1,3,0.72,0.697,0.79,0.1045,11,32,43
13388,2012-07-17,3,1,7,0,0,2,1,1,0.72,0.7121,0.84,0.1045,10,43,53
13412,2012-07-18,3,1,7,0,0,3,1,1,0.76,0.7273,0.66,0.1642,8,45,53
13436,2012-07-19,3,1,7,0,0,4,1,1,0.74,0.697,0.66,0.0896,16,50,66
13460,2012-07-20,3,1,7,0,0,5,1,3,0.66,0.5909,0.89,0.0896,2,32,34
13484,2012-07-21,3,1,7,0,0,6,0,3,0.62,0.5758,0.83,0.2836,11,92,103
13508,2012-07-22,3,1,7,0,0,0,0,2,0.6,0.5455,0.88,0.1045,17,96,113
13532,2012-07-23,3,1,7,0,0,1,1,1,0.66,0.5909,0.89,0.0896,11,36,47
13556,2012-07-24,3,1,7,0,0,2,1,1,0.7,0.6667,0.74,0.1343,12,52,64
13580,2012-07-25,3,1,7,0,0,3,1,1,0.72,0.6667,0.58,0.2985,9,57,66
13604,2012-07-26,3,1,7,0,0,4,1,1,0.66,0.6212,0.65,0.194,27,65,92
13628,2012-07-27,3,1,7,0,0,5,1,1,0.72,0.6818,0.7,0,14,83,97
13652,2012-07-28,3,1,7,0,0,6,0,1,0.74,0.6818,0.62,0.1343,21,170,191
13676,2012-07-29,3,1,7,0,0,0,0,1,0.66,0.5909,0.89,0.1343,59,129,188
13700,2012-07-30,3,1,7,0,0,1,1,1,0.7,0.6667,0.74,0.0896,12,46,58
13724,2012-07-31,3,1,7,0,0,2,1,1,0.68,0.6364,0.79,0.1343,11,27,38
13748,2012-08-01,3,1,8,0,0,3,1,1,0.68,0.6364,0.79,0.1642,3,44,47
13772,2012-08-02,3,1,8,0,0,4,1,1,0.7,0.6667,0.74,0,8,55,63
13796,2012-08-03,3,1,8,0,0,5,1,1,0.72,0.6818,0.7,0.194,15,56,71
13820,2012-08-04,3,1,8,0,0,6,0,1,0.74,0.7121,0.79,0.1642,24,137,161
13844,2012-08-05,3,1,8,0,0,0,0,1,0.74,0.697,0.7,0.2836,32,121,153
13868,2012-08-06,3,1,8,0,0,1,1,2,0.72,0.697,0.79,0,9,24,33
13892,2012-08-07,3,1,8,0,0,2,1,1,0.7,0.6667,0.84,0.194,15,32,47
13916,2012-08-08,3,1,8,0,0,3,1,1,0.7,0.6667,0.84,0,12,46,58
13940,2012-08-09,3,1,8,0,0,4,1,1,0.72,0.697,0.74,0.194,16,51,67
13964,2012-08-10,3,1,8,0,0,5,1,1,0.7,0.6515,0.65,0.0896,17,68,85
13988,2012-08-11,3,1,8,0,0,6,0,1,0.7,0.6515,0.7,0.2836,38,142,180
14012,2012-08-12,3,1,8,0,0,0,0,2,0.64,0.6061,0.73,0.1343,24,96,120
14036,2012-08-13,3,1,8,0,0,1,1,1,0.66,0.6212,0.65,0.1045,14,33,47
14060,2012-08-14,3,1,8,0,0,2,1,1,0.7,0.6667,0.74,0.2239,12,48,60
14084,2012-08-15,3,1,8,0,0,3,1,1,0.7,0.6515,0.61,0.194,8,52,60
14108,2012-08-16,3,1,8,0,0,4,1,1,0.66,0.6212,0.69,0,13,63,76
14132,2012-08-17,3,1,8,0,0,5,1,1,0.68,0.2424,0.57,0.1642,21,67,88
14156,2012-08-18,3,1,8,0,0,6,0,2,0.64,0.5758,0.83,0.2239,6,99,105
14180,2012-08-19,3,1,8,0,0,0,0,1,0.66,0.6212,0.57,0.0896,44,143,187
14204,2012-08-20,3,1,8,0,0,1,1,2,0.6,0.5606,0.83,0.1045,1,25,26
14228,2012-08-21,3,1,8,0,0,2,1,2,0.6,0.5606,0.83,0.0896,7,52,59
14252,2012-08-22,3,1,8,0,0,3,1,1,0.62,0.5758,0.83,0.1045,9,46,55
14276,2012-08-23,3,1,8,0,0,4,1,1,0.64,0.5909,0.78,0,9,51,60
14300,2012-08-24,3,1,8,0,0,5,1,2,0.66,0.6212,0.69,0,27,84,111
14324,2012-08-25,3,1,8,0,0,6,0,2,0.7,0.6515,0.61,0,21,114,135
14348,2012-08-26,3,1,8,0,0,0,0,1,0.64,0.5758,0.89,0.2537,23,111,134
14372,2012-08-27,3,1,8,0,0,1,1,1,0.62,0.5758,0.83,0,4,28,32
14396,2012-08-28,3,1,8,0,0,2,1,1,0.7,0.6667,0.84,0.2537,9,29,38
14420,2012-08-29,3,1,8,0,0,3,1,1,0.66,0.6212,0.69,0,8,39,47
14444,2012-08-30,3,1,8,0,0,4,1,1,0.64,0.6061,0.69,0,14,51,65
14468,2012-08-31,3,1,8,0,0,5,1,1,0.68,0.6364,0.83,0.1642,13,69,82
14492,2012-09-01,3,1,9,0,0,6,0,1,0.74,0.6818,0.62,0.1045,22,146,168
14516,2012-09-02,3,1,9,0,0,0,0,2,0.66,0.5909,0.89,0.0896,27,72,99
14540,2012-09-03,3,1,9,0,1,1,0,2,0.66,0.5909,0.94,0,42,62,104
14564,2012-09-04,3,1,9,0,0,2,1,2,0.7,0.6667,0.84,0.2537,10,19,29
14588,2012-09-05,3,1,9,0,0,3,1,1,0.72,0.697,0.74,0.2537,10,27,37
14612,2012-09-06,3,1,9,0,0,4,1,2,0.7,0.6667,0.84,0.0896,30,35,65
14636,2012-09-07,3,1,9,0,0,5,1,1,0.64,0.5758,0.89,0.1343,17,79,96
14660,2012-09-08,3,1,9,0,0,6,0,1,0.66,0.5909,0.89,0.2537,20,130,150
14684,2012-09-09,3,1,9,0,0,0,0,2,0.56,0.5303,0.73,0.194,18,106,124
14708,2012-09-10,3,1,9,0,0,1,1,1,0.56,0.5303,0.52,0.2836,6,35,41
14732,2012-09-11,3,1,9,0,0,2,1,1,0.52,0.5,0.59,0.1045,5,27,32
14756,2012-09-12,3,1,9,0,0,3,1,1,0.52,0.5,0.72,0.1045,8,41,49
14780,2012-09-13,3,1,9,0,0,4,1,1,0.56,0.5303,0.73,0.0896,11,46,57
14804,2012-09-14,3,1,9,0,0,5,1,1,0.56,0.5303,0.73,0.0896,24,63,87
14828,2012-09-15,3,1,9,0,0,6,0,1,0.6,0.5606,0.83,0.1045,38,169,207
14852,2012-09-16,3,1,9,0,0,0,0,1,0.54,0.5152,0.64,0,28,123,151
14876,2012-09-17,3,1,9,0,0,1,1,1,0.54,0.5152,0.68,0.1642,14,31,45
14900,2012-09-18,3,1,9,0,0,2,1,3,0.6,0.5152,0.94,0.2537,2,11,13
14924,2012-09-19,3,1,9,0,0,3,1,2,0.56,0.5303,0.68,0.2836,3,23,26
14948,2012-09-20,3,1,9,0,0,4,1,1,0.5,0.4848,0.63,0,12,46,58
14972,2012-09-21,3,1,9,0,0,5,1,1,0.54,0.5152,0.68,0,13,53,66
14996,2012-09-22,3,1,9,0,0,6,0,1,0.6,0.5909,0.73,0.2836,32,140,172
15020,2012-09-23,4,1,9,0,0,0,0,1,0.62,0.6212,0.38,0.2537,34,146,180
15044,2012-09-24,4,1,9,0,0,1,1,1,0.46,0.4545,0.63,0.194,10,54,64
15068,2012-09-25,4,1,9,0,0,2,1,1,0.46,0.4545,0.67,0.1642,8,56,64
15092,2012-09-26,4,1,9,0,0,3,1,1,0.58,0.5455,0.64,0.2985,6,34,40
15116,2012-09-27,4,1,9,0,0,4,1,1,0.6,0.5758,0.78,0.0896,5,60,65
15140,2012-09-28,4,1,9,0,0,5,1,3,0.6,0.5455,0.88,0.1642,2,15,17
15164,2012-09-29,4,1,9,0,0,6,0,1,0.54,0.5152,0.6,0.2239,15,134,149
15188,2012-09-30,4,1,9,0,0,0,0,1,0.5,0.4848,0.59,0,35,112,147
15212,2012-10-01,4,1,10,0,0,1,1,1,0.46,0.4545,0.72,0.1045,6,39,45
15236,2012-10-02,4,1,10,0,0,2,1,2,0.56,0.5303,0.73,0,1,30,31
15260,2012-10-03,4,1,10,0,0,3,1,3,0.62,0.5455,0.94,0,5,47,52
15284,2012-10-04,4,1,10,0,0,4,1,3,0.64,0.5758,0.89,0,11,65,76
15308,2012-10-05,4,1,10,0,0,5,1,1,0.56,0.5303,0.73,0,16,86,102
15332,2012-10-06,4,1,10,0,0,6,0,1,0.56,0.5303,0.83,0.1642,37,154,191
15356,2012-10-07,4,1,10,0,0,0,0,1,0.44,0.4394,0.62,0.1642,28,99,127
15380,2012-10-08,4,1,10,0,1,1,0,1,0.38,0.3939,0.76,0.2836,7,44,51
15404,2012-10-09,4,1,10,0,0,2,1,2,0.38,0.3939,0.82,0.2239,9,22,31
15428,2012-10-10,4,1,10,0,0,3,1,2,0.46,0.4545,0.88,0.0896,0,33,33
15452,2012-10-11,4,1,10,0,0,4,1,1,0.44,0.4394,0.51,0.1343,1,41,42
15476,2012-10-12,4,1,10,0,0,5,1,1,0.4,0.4091,0.66,0.1045,8,60,68
15500,2012-10-13,4,1,10,0,0,6,0,1,0.36,0.3636,0.57,0.0896,31,218,249
15524,2012-10-14,4,1,10,0,0,0,0,1,0.4,0.4091,0.71,0.2537,8,103,111
15548,2012-10-15,4,1,10,0,0,1,1,2,0.56,0.5303,0.73,0.2537,17,31,48
15572,2012-10-16,4,1,10,0,0,2,1,1,0.46,0.4545,0.63,0.3881,3,45,48
15596,2012-10-17,4,1,10,0,0,3,1,1,0.38,0.3939,0.76,0,1,48,49
15620,2012-10-18,4,1,10,0,0,4,1,1,0.46,0.4545,0.88,0.194,4,53,57
15644,2012-10-19,4,1,10,0,0,5,1,2,0.56,0.5303,0.83,0.1045,5,51,56
15668,2012-10-20,4,1,10,0,0,6,0,1,0.46,0.4545,0.82,0.1343,13,110,123
15692,2012-10-21,4,1,10,0,0,0,0,1,0.44,0.4394,0.54,0.1642,35,119,154
15716,2012-10-22,4,1,10,0,0,1,1,1,0.4,0.4091,0.62,0,3,28,31
15740,2012-10-23,4,1,10,0,0,2,1,1,0.46,0.4545,0.88,0.1642,5,32,37
15764,2012-10-24,4,1,10,0,0,3,1,1,0.54,0.5152,0.73,0.0896,7,39,46
15788,2012-10-25,4,1,10,0,0,4,1,2,0.6,0.6061,0.64,0.1045,19,57,76
15812,2012-10-26,4,1,10,0,0,5,1,2,0.54,0.5152,0.77,0,6,65,71
15836,2012-10-27,4,1,10,0,0,6,0,1,0.5,0.4848,0.88,0.1343,10,132,142
15860,2012-10-28,4,1,10,0,0,0,0,3,0.52,0.5,0.68,0.2985,20,97,117
15884,2012-10-29,4,1,10,0,0,1,1,3,0.44,0.4394,0.88,0.3582,2,20,22
15896,2012-10-31,4,1,10,0,0,3,1,2,0.3,0.3182,0.81,0.1045,0,16,16
15920,2012-11-01,4,1,11,0,0,4,1,1,0.36,0.3636,0.57,0.0896,8,52,60
15944,2012-11-02,4,1,11,0,0,5,1,1,0.34,0.3333,0.57,0.1642,10,40,50
15968,2012-11-03,4,1,11,0,0,6,0,1,0.34,0.3333,0.53,0.1642,9,99,108
15992,2012-11-04,4,1,11,0,0,0,0,1,0.3,0.3182,0.61,0.1045,5,97,102
16016,2012-11-05,4,1,11,0,0,1,1,2,0.3,0.2879,0.56,0.194,3,20,23
16040,2012-11-06,4,1,11,0,0,2,1,1,0.24,0.2576,0.6,0.1045,1,18,19
16064,2012-11-07,4,1,11,0,0,3,1,2,0.3,0.2879,0.56,0.2836,49,234,283
16088,2012-11-08,4,1,11,0,0,4,1,3,0.28,0.2727,0.61,0.2239,1,14,15
16111,2012-11-09,4,1,11,0,0,5,1,1,0.34,0.303,0.49,0.3284,9,46,55
16135,2012-11-10,4,1,11,0,0,6,0,1,0.32,0.3333,0.76,0.0896,16,106,122
16159,2012-11-11,4,1,11,0,0,0,0,1,0.34,0.3485,0.81,0.0896,14,110,124
16183,2012-11-12,4,1,11,0,1,1,0,1,0.42,0.4242,0.71,0.1045,6,43,49
16207,2012-11-13,4,1,11,0,0,2,1,2,0.52,0.5,0.83,0.2836,5,18,23
16231,2012-11-14,4,1,11,0,0,3,1,1,0.26,0.2424,0.56,0.2836,4,20,24
16255,2012-11-15,4,1,11,0,0,4,1,2,0.26,0.303,0.65,0,1,33,34
16279,2012-11-16,4,1,11,0,0,5,1,2,0.32,0.3333,0.66,0.1045,7,58,65
16303,2012-11-17,4,1,11,0,0,6,0,1,0.3,0.303,0.52,0.1642,11,95,106
16327,2012-11-18,4,1,11,0,0,0,0,2,0.3,0.303,0.7,0.1642,11,118,129
16351,2012-11-19,4,1,11,0,0,1,1,1,0.36,0.3485,0.66,0.2239,5,22,27
16375,2012-11-20,4,1,11,0,0,2,1,1,0.32,0.3333,0.7,0.1343,3,26,29
16399,2012-11-21,4,1,11,0,0,3,1,1,0.34,0.3636,0.81,0,1,25,26
16423,2012-11-22,4,1,11,0,1,4,0,1,0.32,0.3333,0.66,0.0896,3,43,46
16447,2012-11-23,4,1,11,0,0,5,1,1,0.28,0.3182,0.65,0,0,32,32
16471,2012-11-24,4,1,11,0,0,6,0,1,0.4,0.4091,0.37,0.4179,9,33,42
16495,2012-11-25,4,1,11,0,0,0,0,1,0.22,0.2121,0.47,0.2537,3,31,34
16519,2012-11-26,4,1,11,0,0,1,1,1,0.22,0.2727,0.69,0,4,19,23
16543,2012-11-27,4,1,11,0,0,2,1,2,0.32,0.3333,0.66,0.0896,2,24,26
16567,2012-11-28,4,1,11,0,0,3,1,2,0.26,0.2424,0.75,0.2537,1,22,23
16591,2012-11-29,4,1,11,0,0,4,1,1,0.24,0.2576,0.56,0.0896,4,25,29
16614,2012-11-30,4,1,11,0,0,5,1,1,0.26,0.2576,0.7,0.1642,4,48,52
16638,2012-12-01,4,1,12,0,0,6,0,1,0.26,0.303,0.81,0,9,99,108
16662,2012-12-02,4,1,12,0,0,0,0,2,0.3,0.3182,0.87,0.0896,9,108,117
16686,2012-12-03,4,1,12,0,0,1,1,2,0.42,0.4242,0.82,0.1642,3,18,21
16710,2012-12-04,4,1,12,0,0,2,1,1,0.42,0.4242,0.88,0.1045,6,49,55
16734,2012-12-05,4,1,12,0,0,3,1,1,0.5,0.4848,0.59,0.2836,6,31,37
16758,2012-12-06,4,1,12,0,0,4,1,1,0.26,0.2424,0.48,0.2836,1,43,44
16782,2012-12-07,4,1,12,0,0,5,1,1,0.24,0.2576,0.7,0.1045,3,45,48
16806,2012-12-08,4,1,12,0,0,6,0,2,0.36,0.3636,0.93,0.0896,5,98,103
16830,2012-12-09,4,1,12,0,0,0,0,2,0.4,0.4091,0.87,0.1343,15,103,118
16854,2012-12-10,4,1,12,0,0,1,1,3,0.36,0.3636,1,0.0896,0,20,20
16878,2012-12-11,4,1,12,0,0,2,1,3,0.46,0.4545,0.77,0.4627,2,29,31
16902,2012-12-12,4,1,12,0,0,3,1,1,0.3,0.303,0.52,0.1642,1,33,34
16926,2012-12-13,4,1,12,0,0,4,1,2,0.28,0.2727,0.52,0.2239,1,31,32
16950,2012-12-14,4,1,12,0,0,5,1,1,0.22,0.2576,0.64,0.0896,4,43,47
16974,2012-12-15,4,1,12,0,0,6,0,1,0.3,0.3333,0.7,0,4,90,94
16998,2012-12-16,4,1,12,0,0,0,0,2,0.36,0.3788,0.62,0,8,102,110
17022,2012-12-17,4,1,12,0,0,1,1,2,0.38,0.3939,0.87,0,2,26,28
17046,2012-12-18,4,1,12,0,0,2,1,2,0.44,0.4394,0.94,0.1343,0,18,18
17070,2012-12-19,4,1,12,0,0,3,1,1,0.3,0.3182,0.61,0,6,35,41
17094,2012-12-20,4,1,12,0,0,4,1,1,0.32,0.3333,0.61,0.1343,2,40,42
17118,2012-12-21,1,1,12,0,0,5,1,3,0.42,0.4242,0.88,0.2985,0,17,17
17142,2012-12-22,1,1,12,0,0,6,0,1,0.26,0.2121,0.44,0.5821,1,30,31
17166,2012-12-23,1,1,12,0,0,0,0,1,0.22,0.2121,0.47,0.2836,3,24,27
17190,2012-12-24,1,1,12,0,0,1,1,1,0.22,0.2727,0.69,0,0,12,12
17213,2012-12-25,1,1,12,0,1,2,0,3,0.24,0.2576,0.93,0.0896,3,10,13
17236,2012-12-26,1,1,12,0,0,3,1,2,0.28,0.2727,0.65,0.2537,1,8,9
17260,2012-12-27,1,1,12,0,0,4,1,3,0.26,0.2273,0.87,0.2985,0,3,3
17284,2012-12-28,1,1,12,0,0,5,1,2,0.24,0.2424,0.6,0.1642,3,22,25
17308,2012-12-29,1,1,12,0,0,6,0,2,0.24,0.2424,0.7,0,1,25,26
17332,2012-12-30,1,1,12,0,0,0,0,2,0.26,0.2576,0.6,0.1642,0,41,41
17356,2012-12-31,1,1,12,0,0,1,1,1,0.18,0.1818,0.55,0.194,4,30,34
